120 270 125
162 272 129
377 275 129
439 414 129
443 409 125
158 307 127
159 265 127
160 302 127
164 432 123
164 435 127
372 196 131
372 108 131
372 126 123
373 313 127
408 100 127
410 182 127
415 7 123
431 267 127
436 18 127
446 18 127
476 275 123
100 431 125
110 500 139
115 21 129
119 11 121
123 20 125
126 3 125
127 360 125
131 118 121
138 159 125
142 442 125
150 205 125
161 2 121
162 486 125
162 89 129
166 383 129
173 291 121
174 18 125
183 167 125
191 417 129
215 324 121
221 270 125
265 416 125
275 289 129
297 272 125
372 21 135
374 11 129
375 34 129
378 192 121
380 312 125
408 33 125
409 236 125
410 37 121
414 8 125
420 308 125
429 498 125
433 17 121
433 383 125
439 2 129
441 102 129
444 34 121
446 35 125
462 262 125
487 18 135
488 290 121
501 307 125
506 112 125
511 189 125
513 302 121
520 327 125
522 202 129
523 197 129
523 278 131
523 445 125
97 173 123
103 152 123
104 11 119
104 92 123
107 21 123
115 40 123
121 29 119
123 0 123
123 9 127
126 4 127
126 37 119
127 38 123
135 361 123
136 96 123
139 7 119
142 2 123
142 17 123
146 11 123
146 22 119
158 38 123
170 23 127
174 35 127
175 420 119
179 28 133
181 23 123
183 23 123
185 11 129
186 11 123
187 35 123
201 32 123
207 195 123
212 17 123
213 28 127
216 22 127
223 116 119
242 197 123
243 436 127
247 375 137
255 291 129
255 428 127
257 260 133
262 317 123
266 32 123
271 499 127
274 7 127
274 522 131
274 20 119
278 446 127
279 108 127
280 311 127
291 262 133
306 18 127
308 294 123
311 373 127
338 162 119
344 126 123
368 43 127
373 39 127
382 3 119
385 514 123
392 433 123
409 13 123
414 13 119
419 138 133
426 22 123
431 42 123
431 219 119
432 42 133
433 33 127
436 236 127
437 0 119
440 4 133
440 29 123
442 37 123
450 32 119
457 289 133
458 496 123
458 23 123
459 142 119
461 509 123
466 466 127
484 22 127
484 23 119
485 11 123
488 17 123
489 11 123
490 11 119
490 2 123
493 28 123
494 28 123
494 93 119
495 10 133
495 150 127
499 20 127
500 511 119
501 11 123
502 20 123
503 385 123
503 28 119
507 28 123
509 11 123
511 501 123
512 496 119
513 7 133
521 485 127
525 17 127
92 43 117
103 27 121
106 257 121
110 356 121
130 27 117
136 8 121
137 41 121
142 38 121
145 0 117
145 391 121
148 37 125
154 33 125
168 448 117
170 33 121
179 256 121
182 1 121
182 43 117
186 39 121
189 21 131
192 17 125
192 508 121
196 23 125
197 179 129
197 20 129
202 11 127
202 28 125
204 23 125
205 34 125
206 523 121
210 38 121
212 42 125
219 499 135
223 384 117
223 499 121
223 93 125
225 19 125
226 512 117
232 183 121
234 185 125
239 2 125
239 495 117
241 3 125
249 3 121
254 133 125
255 2 117
255 487 121
262 145 121
268 4 129
269 42 117
274 33 125
288 526 125
296 520 125
296 509 121
301 380 125
314 3 121
314 476 125
317 133 121
317 7 125
318 20 139
324 359 129
333 2 117
335 21 121
336 182 125
338 22 125
339 35 117
339 493 125
359 196 121
377 36 131
380 40 127
382 225 121
383 38 135
384 33 135
392 510 117
398 17 121
401 101 135
402 17 125
403 494 117
406 462 125
425 5 121
429 16 121
430 31 117
433 31 121
438 14 121
448 11 125
453 17 117
453 11 121
461 6 121
462 43 121
471 6 117
472 41 121
475 29 121
485 38 121
487 4 117
489 233 121
495 37 125
503 4 125
509 43 117
509 407 121
509 27 121
514 404 121
524 6 117
526 6 121
92 15 119
131 13 119
154 16 115
170 14 119
180 14 123
185 31 123
186 13 115
187 16 119
198 27 133
205 403 123
206 37 119
225 404 119
227 1 123
230 6 123
232 0 115
232 43 119
232 227 123
242 1 123
243 37 115
244 27 129
245 399 123
249 401 123
255 6 115
256 4 123
265 38 119
266 450 123
278 406 119
288 389 123
290 33 127
292 224 137
294 404 115
296 42 123
302 6 123
302 236 123
303 4 119
303 29 123
307 8 119
307 38 123
311 4 119
313 40 133
325 4 127
325 6 127
332 401 115
334 6 119
335 6 123
348 7 123
351 3 115
356 10 123
358 99 119
358 468 123
388 4 125
397 245 119
401 41 123
405 6 123
433 26 115
451 0 119
451 391 119
461 13 119
468 15 115
468 348 119
487 36 119
488 14 119
514 30 115
521 30 119
525 30 123
106 12 125
109 276 83
116 410 88
121 24 117
121 414 88
125 24 131
130 331 121
168 333 123
185 12 117
197 13 121
199 14 121
226 14 117
226 16 117
231 30 117
240 13 117
253 13 117
262 31 113
263 13 121
264 15 121
285 30 113
286 16 117
318 14 121
323 31 121
325 31 121
332 13 117
334 211 121
337 15 117
351 27 117
356 43 117
362 449 117
364 43 121
367 33 113
373 414 83
383 339 123
400 36 117
402 14 117
403 14 121
408 374 83
409 445 83
409 125 83
415 109 88
415 18 83
415 311 83
433 268 83
454 36 113
471 333 117
471 26 117
96 408 85
115 296 90
116 160 86
116 282 81
117 305 86
120 314 86
122 32 86
124 18 81
126 432 86
152 25 115
165 301 96
175 414 81
186 415 90
226 338 115
246 12 121
260 12 119
319 26 119
358 14 115
374 313 86
375 306 81
375 308 86
377 160 86
387 409 81
408 524 86
408 20 85
415 147 85
425 410 81
429 258 86
429 18 96
434 284 81
434 428 86
434 316 96
436 199 81
437 32 86
438 160 86
438 299 81
439 369 90
439 438 100
442 161 96
447 303 81
466 272 81
490 270 81
494 410 86
501 276 86
503 276 86
512 268 86
513 25 111
517 416 86
522 277 90
88 319 88
90 18 79
98 18 79
100 117 84
101 126 84
104 305 94
106 118 79
107 260 79
108 426 84
109 425 84
109 499 84
113 10 83
113 7 88
115 491 89
121 2 79
121 35 79
123 19 79
123 501 89
125 506 94
131 317 84
133 374 84
136 203 79
142 299 79
147 264 98
147 127 93
148 32 79
148 441 79
152 434 84
154 190 79
158 176 84
159 11 79
162 17 79
167 23 89
170 167 84
170 207 79
171 266 83
183 290 83
183 18 84
186 284 79
211 278 79
212 447 84
213 308 79
217 158 79
247 275 88
254 268 83
268 438 79
271 301 88
272 264 74
276 293 83
282 276 78
298 269 79
301 268 98
325 25 113
325 410 102
327 416 74
339 274 98
345 275 94
374 416 69
377 35 84
378 109 79
391 24 121
408 5 84
408 12 84
409 200 73
409 121 74
409 27 79
415 200 83
416 432 78
416 229 79
417 32 73
417 242 79
417 43 79
418 267 79
428 34 84
428 19 79
429 20 79
431 23 79
435 130 83
435 459 84
435 93 84
436 417 73
436 21 79
438 3 79
440 467 79
440 19 84
441 2 89
442 35 84
442 104 84
444 131 84
444 22 88
446 523 83
446 497 84
459 198 84
459 428 79
459 284 84
466 18 84
467 297 84
469 124 79
477 303 79
480 117 79
487 117 79
490 434 83
492 203 83
493 165 84
493 281 79
497 267 84
501 258 79
502 113 84
507 369 84
508 32 79
514 32 84
514 260 79
515 32 84
520 286 88
521 297 88
522 280 79
524 189 79
525 435 79
526 440 84
89 35 77
91 11 77
92 461 82
92 21 77
97 10 82
97 19 77
99 183 86
99 28 86
108 198 71
109 323 76
109 43 82
112 0 77
116 453 77
117 40 86
117 375 72
117 317 71
118 334 82
120 40 82
122 38 82
122 1 81
123 196 76
124 403 77
125 9 77
126 41 82
131 145 96
132 98 82
132 133 82
135 19 77
136 10 82
138 3 77
138 511 82
140 7 81
142 19 87
146 2 82
147 360 77
150 468 77
151 21 81
152 10 77
154 509 82
162 18 71
162 159 71
166 8 77
167 223 92
168 102 92
168 519 77
170 10 82
171 17 82
173 10 82
173 20 77
174 21 81
175 35 82
175 7 77
175 461 77
175 135 77
180 23 81
181 20 82
182 88 77
186 21 82
188 32 72
188 267 76
190 368 81
195 32 71
196 126 72
198 317 81
200 369 67
202 207 87
204 263 81
205 440 81
207 113 67
211 494 82
212 23 81
212 28 77
213 476 77
213 17 91
213 181 86
216 361 82
217 498 92
217 469 81
218 18 86
225 167 96
227 435 82
230 303 82
239 160 96
239 199 77
243 375 82
244 318 86
249 301 86
256 438 82
258 207 82
258 373 72
259 165 71
259 446 86
265 433 76
265 303 76
266 436 76
266 281 67
266 286 77
268 19 71
268 17 81
269 360 67
269 212 82
271 20 71
272 484 81
275 21 92
277 461 76
279 197 81
281 377 67
282 266 82
285 32 86
286 428 86
286 159 71
288 303 72
289 312 92
289 196 86
292 297 81
293 119 71
293 447 67
296 115 82
299 288 72
299 265 81
301 32 71
302 160 76
303 32 72
303 301 77
305 438 76
306 441 86
309 32 67
309 18 86
309 195 76
312 439 92
314 127 72
318 164 81
322 116 81
325 297 71
327 165 77
334 377 86
337 18 82
338 164 82
340 188 81
341 303 86
344 206 77
369 33 77
374 41 82
375 40 77
375 202 76
375 42 77
377 29 77
378 10 77
378 181 82
382 502 82
383 22 77
384 105 81
385 11 82
389 167 77
392 108 77
395 297 91
401 161 86
402 108 86
402 444 82
402 319 82
403 110 81
405 292 82
408 7 76
409 16 77
414 10 72
414 215 81
415 28 67
416 10 71
416 36 82
417 23 71
418 100 82
419 524 82
427 183 77
428 260 67
428 223 77
429 0 82
429 259 81
429 4 77
430 437 72
431 109 76
433 40 77
434 262 76
436 5 82
437 454 82
437 43 92
438 41 77
438 27 86
439 225 82
439 43 77
439 319 72
440 42 82
440 27 77
441 43 77
442 317 86
443 388 77
444 12 82
448 32 77
449 288 82
450 323 82
451 166 81
458 11 77
459 168 82
460 3 82
461 420 82
462 416 71
466 35 86
467 466 77
468 103 82
468 493 77
468 503 82
469 140 82
476 427 82
476 7 77
477 28 77
486 475 82
487 20 77
488 11 86
489 28 86
492 133 82
493 34 77
493 3 77
494 2 82
497 34 77
498 496 77
498 11 82
498 387 77
499 17 77
500 526 82
500 180 81
500 20 81
501 174 77
503 419 82
503 17 82
503 469 77
507 21 82
508 517 82
510 17 82
510 35 77
511 460 77
517 170 77
517 11 86
520 171 86
521 3 77
521 20 77
525 3 82
90 294 69
90 42 80
91 224 75
91 116 65
91 191 69
92 431 69
96 395 75
96 431 70
97 38 75
99 224 75
99 303 74
100 8 80
100 27 80
102 41 80
102 405 79
103 37 80
104 41 80
104 457 90
105 18 74
105 122 74
107 192 70
107 406 80
107 124 69
108 34 74
108 425 74
109 14 75
110 3 69
112 17 79
112 15 85
113 20 65
116 427 74
116 526 69
116 14 75
116 28 69
117 382 74
119 35 74
119 21 70
119 22 75
121 487 74
121 519 74
122 23 84
123 484 69
123 186 69
125 13 80
126 384 78
130 372 70
131 5 75
131 243 85
132 0 80
133 8 84
133 6 75
133 29 75
135 38 80
135 4 75
136 450 80
137 6 80
140 8 79
142 123 69
146 263 69
147 322 69
148 189 70
150 6 75
151 9 80
151 38 85
152 397 80
154 8 80
158 514 70
158 150 69
159 380 69
164 30 80
166 17 65
167 500 70
170 312 69
170 29 75
171 12 80
173 6 75
173 38 75
173 374 69
176 289 69
176 4 80
176 39 75
177 188 70
179 8 80
179 12 80
179 279 84
181 400 75
181 369 74
182 0 75
182 229 75
182 392 80
182 18 70
183 43 80
183 453 79
183 279 70
183 336 80
183 403 80
185 42 75
189 17 69
190 28 74
191 522 70
191 107 75
191 462 74
191 20 74
192 106 88
192 7 84
195 215 80
196 19 69
196 181 65
198 425 89
198 22 70
199 131 69
199 100 80
200 11 69
200 23 84
204 361 65
205 91 79
205 22 79
207 168 75
210 444 70
211 318 84
212 5 79
212 29 80
215 112 69
217 192 70
218 525 80
221 186 79
223 22 84
225 35 80
226 495 84
232 387 80
233 151 89
236 20 80
237 521 75
240 2 79
242 131 84
242 181 80
243 521 75
245 22 79
247 176 84
247 17 80
249 132 84
249 469 75
252 35 79
252 11 75
254 362 80
255 34 79
257 28 84
258 419 75
258 382 69
260 484 74
262 7 70
262 171 84
263 517 70
265 527 80
267 34 84
268 244 74
270 0 89
270 6 79
272 37 65
272 29 69
274 389 69
274 338 74
275 8 74
275 43 80
275 29 70
276 39 80
277 8 84
278 523 79
279 11 79
279 511 74
280 182 83
284 22 85
284 7 89
288 19 79
289 7 69
290 362 84
290 181 74
291 11 69
291 28 75
292 35 70
293 2 65
294 34 69
294 35 79
298 168 84
298 2 69
299 34 75
299 3 79
299 21 74
301 181 69
305 418 80
305 107 79
305 469 79
306 384 84
306 19 79
306 171 69
307 492 80
311 10 70
311 187 69
312 362 79
312 22 98
313 10 79
313 502 74
314 515 69
314 23 80
316 136 79
316 19 65
317 2 88
317 20 69
317 22 80
317 508 69
319 20 94
322 10 70
323 419 70
323 102 74
323 106 84
323 17 74
323 21 75
324 520 84
324 132 65
325 483 75
325 17 70
326 34 74
327 168 69
327 34 69
331 367 80
334 490 80
335 20 84
339 502 85
341 10 75
344 276 74
345 10 79
345 498 89
347 168 75
347 92 80
351 266 84
354 191 84
356 291 79
356 112 75
357 18 75
358 162 80
358 325 74
362 313 84
367 32 70
367 164 85
367 308 74
367 116 74
369 17 74
369 34 70
372 357 75
372 23 69
374 20 79
374 506 74
377 34 65
378 33 80
380 5 75
383 243 85
383 5 75
383 8 75
384 344 80
385 336 80
385 293 69
387 42 85
388 130 84
389 28 80
391 35 80
391 408 69
392 11 84
395 521 79
397 415 74
398 3 75
399 3 75
401 522 89
402 35 84
402 7 80
403 268 65
404 170 85
404 367 79
405 387 79
405 493 89
407 34 80
407 483 80
407 19 79
408 224 70
408 43 69
409 245 83
414 224 70
415 43 74
418 38 80
418 42 80
420 29 80
421 29 79
425 120 74
426 453 80
428 7 74
429 523 69
430 22 70
432 92 74
432 22 69
433 465 69
433 179 65
433 21 74
435 2 69
435 103 78
437 7 70
439 132 69
444 149 69
445 7 65
445 31 80
449 2 75
450 35 80
451 2 75
452 34 80
452 3 80
453 28 84
456 509 80
459 433 70
459 431 69
460 37 75
465 9 80
466 190 74
468 262 70
469 38 80
471 395 80
475 1 75
477 453 80
477 221 84
483 33 75
484 232 75
484 282 70
487 224 80
488 8 75
489 42 80
489 344 80
490 200 74
491 18 69
492 29 75
493 33 84
493 434 70
493 345 80
494 327 74
496 189 69
497 29 80
498 29 80
498 40 79
499 42 75
500 39 80
501 5 80
501 263 74
503 6 80
507 33 75
509 398 80
511 219 85
511 9 80
511 27 85
511 253 75
512 323 70
514 42 84
515 1 75
515 286 74
517 436 69
519 37 75
519 337 80
519 306 74
525 4 75
526 9 80
526 39 75
527 0 75
527 37 75
89 36 77
89 93 68
90 30 73
90 31 78
91 484 67
91 16 73
92 23 67
92 506 72
97 475 68
98 28 72
99 425 67
99 382 72
103 384 72
103 522 67
105 103 72
107 10 72
108 1 63
113 239 78
115 29 67
116 43 67
117 229 72
117 38 68
117 338 73
118 456 63
119 37 86
120 1 72
121 37 68
122 257 67
124 0 67
124 236 78
124 4 72
126 0 72
126 27 67
127 4 72
130 15 73
131 360 68
132 34 82
133 514 67
136 15 73
136 92 72
137 20 67
138 98 63
138 104 71
138 92 72
139 493 68
140 175 67
142 14 73
145 19 72
146 351 73
148 460 67
149 130 67
151 168 67
151 3 72
160 41 63
160 29 72
162 8 67
164 404 67
165 0 72
166 236 72
168 142 67
168 28 76
170 154 72
171 28 78
171 348 78
175 11 72
175 31 78
176 3 63
176 460 72
177 466 67
177 22 68
177 30 73
179 500 67
180 15 73
181 16 73
182 13 73
183 354 73
185 15 73
186 28 67
187 34 72
187 36 78
188 1 68
188 398 82
188 401 67
189 4 77
190 1 63
191 391 82
191 27 67
191 29 78
195 5 68
197 9 82
197 239 67
198 227 67
198 42 63
198 405 67
199 4 72
200 40 73
200 456 67
203 9 68
203 4 77
204 249 67
206 43 72
207 331 68
210 11 75
211 2 72
212 175 72
212 15 73
215 102 63
216 21 71
217 2 76
217 488 67
217 20 67
218 32 63
218 0 78
219 42 77
221 258 75
229 224 82
230 9 88
230 33 73
232 37 77
232 18 67
234 325 75
236 27 77
237 221 78
239 456 78
239 39 77
239 404 77
240 4 77
241 440 67
242 42 73
242 443 72
244 18 72
244 428 72
245 120 75
246 109 67
249 368 72
252 33 78
253 437 68
255 0 82
257 29 82
258 37 72
258 40 73
260 8 92
262 33 63
262 41 82
263 4 82
264 406 78
266 9 67
267 400 82
270 30 68
276 36 77
279 27 86
280 448 67
280 4 78
281 27 63
281 1 67
282 42 67
284 29 72
288 37 67
292 42 68
292 37 78
293 5 72
293 9 77
293 42 67
294 9 72
296 224 82
296 40 67
296 41 78
299 1 82
301 37 67
301 395 72
302 0 78
303 9 63
303 401 77
309 0 68
309 5 77
311 0 67
311 6 73
312 5 72
312 42 72
312 407 68
312 29 82
312 37 78
313 223 68
316 43 82
316 42 82
318 8 77
322 344 86
322 42 67
322 6 73
323 6 77
326 37 67
326 6 82
327 1 81
333 239 77
334 40 73
335 4 78
335 262 67
336 239 77
337 39 77
338 8 78
339 4 78
339 368 72
341 1 77
341 37 77
341 39 82
345 294 72
345 428 68
347 189 68
347 118 67
348 3 77
357 459 91
359 7 67
360 181 77
361 93 82
364 17 67
364 34 63
364 7 72
367 382 72
368 345 73
369 407 68
372 6 72
372 333 68
374 257 67
374 6 72
374 9 72
375 29 67
378 13 73
378 19 68
380 494 67
380 89 67
381 458 72
381 3 72
383 519 77
383 28 72
384 17 76
388 0 78
388 233 73
388 43 73
389 263 68
389 1 77
391 38 92
391 439 68
392 257 73
392 39 78
392 18 72
395 286 86
398 37 92
398 391 73
398 42 82
399 324 67
399 397 78
399 374 67
400 4 82
400 37 73
401 40 82
401 43 73
402 452 78
402 38 82
402 39 77
403 32 72
403 38 73
403 18 77
404 5 78
405 32 72
405 1 77
405 397 82
410 357 68
410 31 67
416 13 67
418 13 73
418 15 73
420 30 73
421 20 72
425 19 67
427 3 67
428 236 63
429 29 76
432 227 67
434 33 72
434 39 67
434 399 67
437 6 68
437 40 76
437 27 63
438 8 67
439 5 72
439 336 68
441 1 67
441 226 72
442 4 67
443 345 73
443 27 63
445 448 67
445 221 72
447 26 73
448 120 63
449 344 78
449 282 67
450 451 78
451 41 73
452 4 73
453 191 63
456 4 88
456 18 68
457 40 78
457 443 72
458 425 67
458 20 72
461 136 67
461 19 68
461 21 67
462 510 63
465 148 71
465 91 67
465 28 67
465 31 78
468 3 72
471 28 68
472 364 73
475 21 67
475 527 67
476 217 68
477 19 72
480 138 67
483 11 76
485 185 68
486 20 82
486 182 63
487 13 78
487 17 67
488 104 67
488 30 78
489 3 68
492 19 72
492 3 72
493 22 72
493 23 71
494 11 72
495 20 72
496 30 73
497 420 68
497 31 73
500 21 76
502 14 73
503 13 73
506 381 72
506 511 72
507 15 73
508 2 68
508 16 73
508 28 72
509 20 67
509 380 67
512 28 63
513 28 72
514 34 67
515 17 67
515 502 72
515 31 73
517 92 63
520 11 72
520 17 77
521 101 72
525 145 67
527 98 72
527 3 72
527 489 72
527 106 67
88 33 61
88 26 86
88 39 65
90 6 65
96 0 65
97 452 71
100 26 71
102 224 65
106 38 65
106 41 66
106 338 84
106 29 80
115 13 80
117 16 71
118 24 66
118 31 70
120 30 74
121 15 65
123 210 69
135 1 70
135 388 65
136 29 61
138 4 69
140 43 70
140 6 65
146 4 66
146 9 65
147 1 61
147 38 69
147 26 76
149 237 80
150 37 66
154 453 65
154 221 70
159 13 70
161 36 70
164 15 65
164 16 61
164 31 65
165 25 71
166 25 61
167 16 61
167 36 70
170 27 66
171 389 75
171 454 65
171 42 74
173 0 65
173 242 61
174 41 70
175 246 65
175 27 66
176 0 74
176 451 70
179 9 70
180 26 81
182 40 66
185 218 65
187 41 65
188 14 65
191 31 70
201 36 65
201 15 65
206 16 61
207 30 75
207 31 76
210 452 80
211 26 81
213 37 66
215 6 65
215 237 65
216 404 65
219 20 70
219 487 65
226 2 70
226 34 74
226 25 80
226 30 71
227 20 66
229 19 70
229 348 76
230 24 80
231 506 69
232 3 65
232 507 66
233 23 70
234 506 65
239 35 69
241 15 75
243 22 65
245 13 76
246 385 65
246 31 76
247 10 74
249 360 74
249 490 65
249 500 61
249 148 70
253 10 65
254 35 79
255 21 78
255 471 65
256 31 76
257 186 66
259 24 76
262 15 61
263 30 65
263 31 70
264 30 65
267 14 65
277 247 86
278 31 70
281 36 75
288 36 70
290 31 66
296 25 71
298 16 71
299 14 65
302 357 70
302 13 70
305 15 71
307 30 75
307 14 65
313 31 75
319 15 70
331 3 70
332 31 76
335 19 61
337 19 65
340 19 69
341 11 73
341 20 61
344 173 66
344 498 70
344 472 65
345 182 69
345 472 73
351 196 70
351 165 61
354 29 80
356 41 75
357 400 76
357 375 74
358 8 71
358 29 65
359 0 61
359 233 65
360 0 66
361 9 75
361 43 71
361 451 61
364 5 70
367 227 65
378 42 65
381 0 70
382 334 66
383 29 65
387 344 71
388 36 71
391 31 86
392 17 66
392 25 80
392 187 65
397 2 65
397 421 61
398 147 65
399 17 78
404 364 65
405 467 70
406 520 65
406 22 66
406 381 74
407 35 69
418 29 70
419 40 66
420 37 65
420 5 65
421 33 65
421 37 65
426 41 65
431 13 70
434 13 70
437 14 65
441 36 65
441 30 74
449 175 66
450 507 80
452 466 70
454 22 70
456 25 76
457 23 76
457 510 80
458 38 61
460 244 76
460 29 65
461 5 66
461 12 66
462 245 86
467 242 80
467 5 75
468 223 65
469 6 61
471 41 70
475 37 70
476 38 70
477 4 70
483 8 65
483 1 70
484 6 74
484 43 65
485 227 66
485 26 76
486 12 66
487 26 76
488 401 70
488 341 76
489 405 65
491 12 71
493 239 76
494 457 65
501 9 70
501 335 75
506 1 66
506 39 70
507 237 76
510 6 65
513 8 61
514 33 66
517 332 66
519 9 65
519 249 65
519 5 65
520 453 65
520 239 70
521 9 70
521 43 65
523 5 66
527 389 65
88 15 72
96 16 78
101 36 64
101 30 63
105 13 68
118 26 68
119 337 73
119 26 63
132 36 68
139 24 73
145 16 63
148 24 64
176 15 63
177 13 63
177 25 68
185 14 68
186 24 64
186 31 64
187 13 67
195 26 74
201 249 92
212 31 63
217 354 59
218 256 88
218 6 74
221 242 74
225 37 73
227 232 63
232 1 68
237 43 72
237 227 76
237 337 73
240 39 64
240 407 59
241 8 68
241 43 72
246 29 71
247 5 63
247 38 68
247 26 74
249 39 63
249 43 68
254 27 76
255 239 78
256 1 59
256 41 63
266 234 74
276 14 78
279 257 78
279 239 74
285 333 77
298 26 73
305 232 78
312 240 86
326 12 77
331 0 64
331 334 73
332 37 63
334 38 63
336 5 63
338 41 71
338 26 74
339 33 64
340 43 63
340 6 68
341 392 72
341 27 72
348 30 78
351 361 68
360 36 73
378 36 59
380 31 73
381 25 72
382 24 73
383 31 63
389 39 59
392 0 64
392 41 68
397 43 76
398 39 68
399 1 63
399 38 68
400 5 68
403 5 67
403 12 77
404 40 64
405 37 68
405 40 68
405 4 64
406 12 68
407 0 76
407 37 68
407 43 64
427 13 68
438 26 59
449 39 63
449 252 67
450 234 63
450 27 68
451 347 68
452 335 64
453 38 68
454 249 78
454 27 68
454 37 69
456 451 63
456 400 64
457 43 63
459 15 78
469 15 78
477 31 73
483 25 69
485 24 64
488 24 69
489 25 68
493 25 69
494 16 63
495 25 68
499 356 68
506 36 64
508 36 72
513 30 68
520 30 59
523 24 64
524 30 73
107 26 62
146 26 80
150 26 61
195 15 86
204 15 76
221 24 62
227 15 66
227 16 61
234 14 62
236 13 66
241 16 72
244 15 72
247 15 70
253 212 65
254 30 61
256 13 66
297 15 72
313 16 70
337 357 62
339 15 66
339 30 61
340 36 61
351 0 62
351 6 66
351 12 66
358 253 70
392 13 57
397 357 61
397 31 62
401 14 61
402 24 75
405 36 70
449 25 67
450 13 66
451 30 66
452 25 66
458 26 62
467 26 70
471 12 57
493 12 65
515 12 65
146 24 55
242 332 63
351 16 67
356 15 64
357 15 59
357 16 70
406 335 55
406 26 78
480 16 68
500 16 64
331 24 61
