120 270 172
162 272 151
191 417 187
265 416 161
275 289 142
297 272 136
377 275 127
439 414 181
443 409 167
158 307 169
159 265 155
160 302 194
164 432 160
164 435 144
201 32 140
207 195 214
262 317 125
266 32 179
271 499 165
274 7 139
274 522 175
274 20 144
278 446 185
279 108 179
280 311 175
291 262 179
306 18 160
308 294 179
311 373 150
372 196 144
372 108 155
372 126 149
373 313 150
408 100 144
410 182 175
415 7 144
431 267 140
436 18 144
446 18 170
476 275 139
100 431 153
110 500 177
115 21 128
119 11 162
123 20 113
126 3 137
127 360 143
131 118 167
138 159 163
142 442 157
150 205 153
161 2 177
162 486 153
162 89 162
166 383 148
173 291 142
174 18 148
183 167 167
189 21 173
192 17 197
192 508 173
196 23 152
197 179 138
197 20 157
202 11 173
202 28 152
204 23 153
205 34 157
206 523 173
215 324 152
221 270 183
262 145 162
268 4 128
269 42 187
274 33 128
288 526 157
296 520 148
296 509 192
301 380 133
314 3 152
314 476 178
317 133 127
317 7 168
318 20 127
324 359 153
359 196 147
372 21 153
374 11 137
375 34 148
378 192 137
380 312 163
408 33 167
410 37 198
414 8 177
420 308 153
429 498 152
433 17 163
433 383 177
439 2 173
441 102 127
444 34 138
446 35 157
462 262 183
487 18 167
488 290 153
501 307 162
506 112 123
511 189 177
513 302 188
520 327 147
522 202 153
523 197 172
523 278 143
523 445 127
97 173 171
103 152 180
104 11 126
104 92 130
107 21 121
115 40 175
121 29 126
123 0 145
123 9 166
126 4 150
126 37 151
127 38 165
135 361 166
136 96 115
139 7 121
142 2 175
142 17 146
146 11 200
146 22 146
158 38 125
170 23 146
174 35 155
175 420 146
179 28 190
181 23 171
183 23 140
185 11 196
186 11 175
187 35 111
198 27 140
205 403 151
206 37 180
212 17 171
213 28 154
216 22 131
223 116 179
242 197 131
243 436 144
247 375 166
255 291 164
255 428 111
257 260 129
260 12 156
265 38 140
266 450 136
278 406 160
288 389 156
290 33 180
292 224 146
294 404 135
296 42 181
302 6 155
303 4 126
303 29 150
307 8 146
307 38 165
311 4 111
313 40 135
325 4 161
325 6 115
338 162 191
344 126 159
358 99 136
358 468 135
368 43 151
373 39 130
382 3 151
385 514 175
392 433 161
409 13 195
414 13 146
419 138 175
426 22 111
431 42 140
431 219 171
432 42 170
433 33 161
437 0 175
440 4 121
440 29 150
442 37 156
450 32 125
457 289 156
458 496 180
458 23 161
459 142 150
461 509 166
466 466 130
484 22 151
484 23 180
485 11 126
488 17 185
489 11 151
490 11 155
490 2 181
493 28 165
494 28 136
494 93 200
495 10 141
495 150 170
499 20 151
500 511 175
501 11 161
502 20 150
503 385 121
503 28 175
507 28 161
509 11 135
511 501 196
512 496 125
513 7 161
521 485 165
525 17 166
92 43 158
103 27 149
106 257 173
106 12 134
109 276 124
110 356 168
121 24 143
125 24 148
130 331 168
130 27 173
136 8 123
137 41 153
142 38 173
145 0 163
145 391 143
148 37 148
154 33 158
168 448 173
168 333 143
170 33 178
179 256 133
182 1 163
182 43 148
185 12 148
186 39 173
197 13 198
210 38 198
212 42 163
219 499 142
223 384 123
223 499 167
223 93 173
225 19 132
226 512 158
232 183 157
234 185 153
239 2 167
239 495 153
241 3 162
249 3 168
254 133 177
255 2 143
255 487 137
262 31 168
263 13 183
264 15 178
268 438 114
272 264 124
276 293 99
282 276 118
285 30 183
286 16 133
298 269 109
323 31 154
325 25 163
325 31 189
327 416 89
333 2 113
334 211 157
335 21 183
336 182 202
338 22 163
339 35 157
339 493 148
362 449 133
364 43 138
367 33 138
373 414 89
374 416 99
377 36 153
380 40 148
382 225 203
383 38 173
383 339 143
384 33 153
392 510 133
398 17 167
401 101 138
402 17 132
403 494 128
406 462 162
408 374 79
409 200 79
409 236 117
409 445 104
409 121 98
409 125 124
415 200 94
415 18 114
415 311 134
416 432 114
417 32 118
425 5 168
429 16 148
430 31 163
433 268 114
433 31 159
436 417 83
448 11 123
453 17 163
453 11 158
461 6 183
462 43 148
471 6 153
471 333 153
472 41 148
475 29 138
485 38 183
487 4 178
495 37 138
503 4 183
509 43 133
509 407 148
509 27 153
514 404 168
524 6 138
526 6 153
92 15 152
96 408 122
108 198 91
109 323 111
116 282 97
117 375 102
117 317 86
123 196 82
124 18 87
131 13 146
152 25 131
154 16 136
162 18 77
162 159 96
175 414 87
185 31 161
186 13 137
187 16 136
188 32 107
188 267 112
190 368 102
195 32 126
196 126 97
198 317 112
200 369 101
202 207 87
204 263 86
205 440 112
207 113 96
225 404 176
226 338 181
227 1 150
230 6 151
232 0 140
232 43 111
232 227 140
242 1 136
243 37 175
244 27 176
245 399 150
246 12 151
249 401 130
255 6 146
256 4 140
258 373 82
259 165 106
259 446 97
265 433 107
265 303 92
266 436 72
266 281 77
266 286 87
268 19 91
268 17 87
269 360 92
269 212 82
271 20 116
272 484 97
277 461 112
279 197 106
281 377 92
286 159 106
288 303 102
292 297 112
293 119 116
293 447 77
299 288 122
299 265 91
301 32 77
302 160 72
302 236 180
303 32 117
303 301 97
305 438 82
309 32 86
309 195 101
314 127 102
318 164 122
319 26 175
322 116 117
325 297 71
327 165 87
332 401 151
334 6 155
335 6 171
348 7 135
351 3 176
356 10 165
375 202 97
375 306 112
387 409 87
388 4 141
397 245 142
401 41 165
405 6 157
408 7 82
408 20 97
414 10 112
414 215 87
415 147 87
415 28 112
416 10 96
417 23 92
425 410 87
428 260 91
429 259 81
430 437 111
431 109 82
433 26 156
434 262 87
434 284 97
436 199 97
436 236 144
438 299 87
439 319 112
442 317 96
447 303 122
451 0 157
451 391 171
461 13 192
462 416 71
466 272 132
468 15 192
468 348 142
487 36 156
490 270 122
513 25 151
514 30 131
521 30 141
525 30 171
90 294 104
90 18 85
91 116 89
91 191 100
92 431 89
96 431 100
98 18 95
99 303 80
105 18 70
105 122 95
106 118 110
107 192 80
107 260 100
107 124 94
108 34 109
108 425 120
110 3 100
112 17 69
113 10 130
113 20 84
115 491 105
116 427 100
116 526 99
116 28 100
116 410 130
117 382 95
119 35 105
119 21 104
119 22 84
121 2 130
121 35 110
121 487 130
121 519 130
121 414 95
122 23 104
123 210 75
123 19 95
123 501 85
123 484 89
123 186 85
126 384 80
130 372 85
136 203 110
142 299 105
142 123 104
146 263 65
147 322 69
147 127 95
148 32 100
148 441 75
148 189 95
154 190 85
158 514 99
158 150 85
159 11 110
159 380 114
162 17 95
166 17 75
167 500 110
167 23 120
170 207 85
170 312 89
171 266 110
173 374 104
176 289 95
177 188 105
179 279 90
181 369 89
182 18 70
183 290 110
183 279 114
186 284 75
189 17 94
190 28 110
191 522 105
191 107 85
191 462 85
191 20 95
192 7 110
196 19 79
196 181 95
198 425 115
198 22 120
199 131 90
199 14 153
200 11 80
204 361 84
205 91 110
205 22 95
207 168 85
210 444 109
211 318 114
211 278 75
213 308 109
215 112 114
217 192 89
217 158 105
226 16 198
231 30 169
240 13 173
253 13 169
254 268 114
258 419 95
258 382 99
260 484 90
262 7 74
263 517 125
268 244 84
270 0 85
270 6 120
271 301 135
272 37 75
272 29 69
274 389 80
274 338 90
275 8 85
275 29 89
278 523 100
279 11 115
279 511 70
280 182 130
284 22 85
284 7 110
288 19 95
289 7 84
290 181 95
291 11 90
291 28 105
292 35 70
293 2 90
294 34 99
294 35 130
298 168 89
298 2 104
299 34 75
299 3 100
299 21 100
301 268 84
301 181 90
305 107 75
305 469 110
306 19 110
306 171 79
311 10 105
311 187 104
312 362 85
313 10 130
313 502 120
314 515 75
316 136 100
316 19 100
317 20 89
317 508 90
318 14 178
322 10 100
323 419 95
323 102 85
323 106 80
323 17 105
323 21 130
324 132 79
325 483 120
325 17 90
325 410 124
326 34 95
327 168 69
327 34 95
332 13 144
337 15 170
344 276 74
351 27 149
356 43 168
358 325 115
367 32 105
367 164 105
367 308 110
367 116 130
369 17 85
369 34 100
372 23 95
374 20 89
374 506 85
377 34 95
378 109 95
385 293 114
391 24 179
391 408 75
397 415 80
400 36 132
403 268 79
408 43 99
409 245 85
409 27 130
415 43 120
415 109 94
417 43 120
418 267 105
425 120 90
428 7 74
428 19 75
429 523 79
429 20 75
430 22 80
431 23 130
432 92 95
432 22 85
433 465 124
433 179 100
433 21 100
435 130 95
435 2 65
435 103 95
436 21 85
437 7 100
438 3 75
438 14 173
439 132 85
440 467 95
441 2 120
444 149 100
445 7 84
446 523 110
454 36 165
459 428 85
459 433 100
459 431 80
466 190 115
468 262 110
469 124 95
471 26 159
477 303 100
480 117 120
484 282 70
487 117 110
489 233 105
490 200 120
490 434 130
491 18 110
492 203 120
493 281 105
493 434 85
494 327 104
496 189 79
501 258 75
501 263 85
508 32 95
512 323 85
514 260 75
515 286 100
517 436 84
519 306 109
522 280 110
524 189 95
525 435 95
89 35 118
89 93 93
91 484 93
91 11 98
92 21 108
92 23 97
92 506 107
97 19 118
97 475 98
98 28 68
99 425 77
99 382 92
103 384 103
103 522 88
105 103 103
107 10 82
108 1 87
112 0 128
115 296 103
115 29 98
116 160 107
116 453 108
116 43 97
117 38 108
117 305 92
117 338 88
118 456 67
119 37 103
119 337 93
120 1 83
120 314 98
121 37 107
122 32 123
122 257 82
122 1 128
124 0 97
124 403 128
124 4 88
125 9 118
126 0 93
126 432 127
126 27 93
127 4 83
131 360 108
132 34 93
133 514 88
135 19 118
136 92 98
137 20 77
138 98 63
138 3 128
138 104 88
138 92 88
139 493 83
140 7 108
140 175 98
142 19 113
145 19 83
147 360 98
148 460 102
149 130 73
150 468 108
151 168 102
151 3 68
151 21 103
152 10 103
160 41 102
160 29 108
162 8 98
164 404 98
165 0 108
165 301 78
166 8 128
168 519 108
168 142 102
168 28 87
170 14 128
170 154 88
171 28 93
173 20 83
174 21 83
175 7 83
175 11 92
175 461 93
175 135 113
176 3 73
176 460 108
177 466 83
177 22 68
179 500 67
180 23 93
180 14 176
182 88 93
186 28 112
186 415 92
187 34 118
188 1 83
188 401 78
189 4 87
190 1 108
191 27 63
195 5 78
197 239 83
198 227 83
198 42 102
198 405 92
199 4 98
200 40 93
200 456 102
203 9 118
203 4 128
204 249 97
206 43 93
207 331 78
210 11 112
211 2 128
212 175 93
212 23 108
212 28 107
213 476 77
213 17 93
215 102 102
216 21 102
217 2 68
217 488 96
217 20 102
217 469 103
218 32 97
221 258 97
232 18 73
234 325 71
239 199 112
241 440 82
242 443 126
244 18 83
244 428 111
245 120 73
246 109 106
249 368 82
253 437 93
258 37 122
258 40 103
258 207 103
262 33 87
266 9 73
270 30 88
275 21 103
276 36 87
280 448 63
281 27 112
281 1 73
282 42 98
282 266 117
284 29 83
285 32 127
285 333 103
286 428 78
288 37 88
289 312 107
289 196 103
292 42 93
293 5 108
293 9 73
293 42 97
294 9 98
296 40 88
296 115 78
301 37 73
301 395 123
303 9 88
303 401 118
306 441 107
309 0 118
309 18 118
309 5 98
311 0 93
311 6 93
312 5 83
312 42 108
312 407 113
312 439 97
318 8 92
322 42 73
322 6 93
323 6 103
326 12 98
326 37 83
327 1 93
335 262 97
339 368 118
340 188 122
344 206 102
345 294 102
345 428 103
347 189 106
347 118 81
358 14 128
359 7 77
360 181 83
364 17 73
364 34 92
364 7 93
367 382 107
368 345 118
369 33 98
369 407 118
372 6 97
372 333 93
374 257 82
374 6 108
374 9 93
374 313 117
375 40 93
375 29 92
375 308 98
375 42 103
377 160 142
377 29 118
378 10 113
378 19 108
380 494 78
380 89 87
381 458 118
381 3 118
383 519 82
383 22 113
383 28 122
384 17 98
384 105 83
389 263 113
389 167 102
391 439 107
392 108 73
392 18 98
395 297 107
395 286 103
399 324 81
399 374 93
403 32 91
403 110 97
403 18 88
405 32 82
408 524 117
409 16 103
410 357 103
410 31 88
416 13 82
421 20 103
425 19 88
427 3 82
427 183 83
428 223 93
429 258 92
429 4 83
429 18 117
429 29 98
432 227 77
433 40 103
434 33 68
434 39 88
434 428 103
434 399 77
434 316 122
437 32 118
437 6 103
437 40 113
437 27 77
438 160 137
438 8 63
438 41 93
439 5 82
439 43 93
439 336 118
439 369 138
439 438 102
440 27 93
441 1 77
441 43 128
442 161 88
442 4 92
443 345 93
443 27 77
443 388 138
445 448 67
448 120 88
448 32 83
449 282 102
451 166 83
453 191 98
456 18 103
457 443 108
458 425 108
458 11 128
458 20 103
461 136 87
461 19 103
461 21 122
462 510 97
465 148 88
465 91 103
465 28 92
467 466 83
468 3 103
468 493 108
471 28 78
472 364 102
475 21 77
475 527 102
476 217 118
476 7 103
477 19 78
477 28 128
480 138 88
483 11 113
485 185 122
486 20 118
486 182 88
487 17 98
487 20 103
488 14 163
488 104 92
489 3 83
492 19 88
492 3 92
493 34 83
493 3 73
493 22 128
493 23 73
494 11 103
494 410 98
495 20 107
497 34 108
497 420 108
498 496 73
498 387 83
499 17 128
500 180 118
500 21 88
500 20 138
501 174 108
501 276 97
503 276 117
503 469 103
506 381 88
506 511 112
508 2 78
508 28 113
509 20 93
509 380 73
510 35 98
511 460 108
512 28 77
512 268 88
513 28 113
514 34 98
515 17 97
515 502 93
517 416 107
517 170 103
517 92 77
520 11 103
520 17 78
521 3 108
521 101 103
521 20 73
522 277 88
525 145 102
527 98 82
527 3 103
527 489 98
527 106 67
88 33 76
88 319 126
88 39 71
90 6 71
91 224 81
96 395 91
96 0 106
97 452 85
97 38 126
99 224 91
100 117 100
101 126 111
102 224 100
102 405 81
104 305 96
106 38 80
106 41 101
106 338 115
106 29 81
108 426 105
109 425 91
109 499 130
113 7 125
117 16 76
118 24 81
118 31 85
120 30 106
121 15 96
125 506 125
131 5 101
131 317 116
133 374 115
133 6 71
133 29 71
135 1 76
135 388 100
135 4 106
136 29 95
138 4 110
140 8 91
140 43 81
140 6 96
146 4 85
146 9 71
147 1 86
147 38 90
147 264 91
150 37 96
150 6 96
151 38 101
152 434 136
154 453 100
158 176 140
161 36 105
164 15 86
164 16 90
164 31 61
165 25 106
166 25 80
167 16 91
167 36 91
170 167 105
170 27 66
170 29 101
171 389 85
171 454 71
171 42 66
173 0 110
173 6 106
173 38 106
173 242 86
174 41 66
175 246 91
175 27 111
176 0 106
176 39 116
176 451 116
179 9 90
181 400 71
182 0 91
182 40 95
183 453 101
183 18 115
185 42 96
185 218 81
187 41 80
191 31 86
192 106 105
195 215 146
199 100 95
200 23 126
201 36 80
201 15 81
206 16 80
207 30 106
210 452 70
212 5 126
212 447 131
213 37 95
215 6 96
216 404 86
219 20 85
219 487 79
221 186 110
226 2 116
226 34 101
226 14 146
227 20 85
229 19 111
231 506 84
232 3 94
232 507 100
233 151 116
233 23 94
234 506 71
237 521 85
239 35 104
240 2 111
243 521 71
243 22 84
245 22 75
246 385 86
247 10 91
247 275 84
249 360 115
249 490 99
249 500 71
249 469 81
249 148 85
252 35 71
252 11 85
253 10 76
253 212 90
254 35 104
255 34 91
255 21 91
255 471 76
257 186 95
262 171 76
262 15 71
263 30 86
263 31 91
264 30 81
265 527 80
267 34 111
275 43 120
276 39 100
277 8 105
277 247 86
278 31 91
281 36 126
288 36 116
290 362 111
290 31 115
296 25 75
298 16 116
302 357 96
305 418 116
306 384 131
307 30 126
307 492 95
312 22 95
313 16 81
313 31 91
314 23 100
317 2 125
317 22 86
319 20 115
319 15 81
324 520 76
331 3 76
335 19 85
337 19 89
339 274 116
339 502 71
340 19 84
341 10 71
341 11 89
341 20 96
344 173 95
344 498 105
344 472 81
345 10 81
345 498 85
345 275 121
345 182 89
345 472 96
347 168 85
351 196 84
351 165 91
356 291 91
356 112 120
357 18 101
357 375 120
358 162 105
358 8 106
358 253 81
358 29 80
359 0 96
360 0 96
361 9 116
361 43 91
361 451 96
362 313 130
364 5 81
367 227 110
372 357 106
377 35 120
378 42 81
380 5 106
381 0 111
382 334 91
383 5 116
383 8 81
383 29 86
387 344 71
387 42 81
392 17 86
392 187 75
395 521 96
397 2 101
397 421 114
398 3 126
398 147 89
399 3 106
399 17 105
401 522 96
402 14 142
403 14 148
404 170 116
404 364 81
404 367 110
405 387 116
405 493 110
405 467 121
406 520 79
406 22 70
406 381 91
407 35 61
407 19 95
408 224 111
408 5 76
408 12 76
414 224 109
416 229 110
417 242 81
418 29 95
419 40 100
420 37 61
420 5 95
421 33 71
421 37 90
421 29 111
426 41 110
428 34 121
435 459 105
435 93 101
440 19 125
441 36 75
441 30 81
442 35 126
442 104 115
444 131 96
444 22 100
446 497 96
449 2 116
449 175 111
450 507 115
451 2 91
452 466 95
454 22 101
457 23 101
457 510 106
458 38 90
459 198 111
459 284 140
460 37 106
460 29 75
461 5 91
461 12 85
466 18 101
467 297 125
467 5 96
468 223 80
469 6 96
471 41 101
471 12 86
475 1 101
475 37 96
476 38 110
477 4 81
483 8 85
483 1 116
483 33 126
484 6 91
484 43 85
486 12 80
488 401 66
488 8 106
488 341 95
489 405 91
491 12 91
492 29 106
493 165 125
493 12 86
494 457 100
497 267 96
498 40 96
499 42 81
501 9 91
501 335 116
502 113 121
506 1 81
506 39 100
507 33 106
507 369 105
510 6 81
511 219 71
511 27 106
511 253 101
513 8 96
514 32 115
514 33 86
515 32 125
515 1 81
515 12 81
517 332 81
519 37 116
519 9 91
519 249 105
519 5 86
520 453 75
520 239 91
520 286 130
521 9 101
521 43 100
521 297 111
523 5 120
525 4 111
526 440 91
526 39 81
527 0 106
527 389 86
527 37 91
88 15 94
89 36 124
90 30 99
91 16 94
92 461 114
97 10 113
99 183 119
99 28 103
101 36 89
101 30 69
109 43 114
113 239 98
117 229 79
117 40 118
118 26 89
118 334 113
119 26 79
120 40 94
122 38 134
124 236 113
126 41 118
131 145 118
132 98 109
132 36 74
132 133 129
136 10 113
138 511 78
139 24 104
145 16 94
146 2 138
146 24 84
146 351 79
148 24 114
154 509 103
166 236 89
167 223 89
168 102 99
170 10 93
171 17 109
173 10 123
175 35 134
176 15 79
177 13 73
177 25 79
177 30 114
181 16 79
181 20 84
182 13 99
183 354 104
186 21 78
186 24 94
186 31 83
187 13 94
188 398 103
191 391 119
191 29 128
197 9 99
201 249 93
211 494 84
212 31 69
213 181 124
216 361 102
217 354 69
217 498 122
218 6 79
218 18 112
219 42 89
225 37 97
225 167 109
227 435 142
230 303 84
230 33 83
232 1 89
232 37 98
236 27 94
237 43 133
237 337 99
239 160 117
239 39 89
239 404 83
240 39 94
240 4 118
240 407 79
241 8 82
241 43 114
242 42 103
242 332 59
243 375 102
244 318 129
246 29 82
247 5 104
247 38 103
249 39 89
249 43 87
249 301 99
254 27 68
256 1 104
256 41 87
256 438 109
260 8 113
262 41 114
263 4 99
264 406 94
266 234 88
267 400 104
276 14 103
279 257 144
279 239 103
279 27 99
280 4 123
292 37 114
296 224 119
296 41 99
298 26 114
299 1 89
302 0 118
305 232 94
312 240 113
312 29 99
312 37 78
313 223 114
316 43 103
316 42 99
322 344 138
326 6 84
331 0 78
331 334 89
332 37 94
334 38 104
334 40 98
334 377 134
336 5 97
337 18 74
337 39 98
338 164 124
338 41 73
339 33 94
340 43 93
340 6 64
341 1 118
341 37 94
341 392 108
341 303 84
341 27 88
348 3 114
351 361 103
357 459 69
360 36 73
361 93 99
374 41 99
378 36 74
378 13 79
378 181 114
380 31 88
381 25 79
382 24 114
382 502 134
383 31 88
385 11 84
388 43 79
389 1 89
389 39 94
392 0 79
392 257 103
392 41 94
397 43 82
398 391 94
398 39 87
399 1 69
399 38 88
400 5 89
400 37 103
401 161 109
401 43 93
402 39 104
402 108 107
402 444 109
402 319 92
403 5 74
403 38 98
403 12 114
404 40 107
405 1 79
405 37 103
405 292 109
405 40 117
405 4 94
406 12 98
406 335 59
407 0 83
407 37 84
407 43 97
416 36 74
418 100 134
418 13 114
419 524 98
420 30 104
428 236 112
429 0 94
436 5 93
437 454 99
437 43 103
438 26 94
438 27 113
439 225 114
440 42 123
441 226 74
444 12 138
445 221 104
447 26 89
449 288 119
449 39 88
449 252 84
450 323 98
450 27 89
451 41 79
451 347 94
452 4 69
452 335 99
453 38 93
454 27 79
454 37 83
456 451 59
456 400 99
457 43 84
459 168 113
460 3 124
461 420 113
466 35 144
468 103 78
468 503 99
469 140 103
476 427 99
477 31 98
480 16 89
483 25 79
485 24 94
486 475 123
488 11 84
488 24 104
489 25 99
489 28 98
492 133 104
493 25 79
494 2 114
494 16 93
495 25 64
496 30 69
497 31 99
498 11 113
499 356 79
500 526 108
500 16 79
503 419 93
503 13 114
503 17 113
506 36 104
507 21 118
508 36 84
508 517 103
508 16 124
510 17 113
513 30 99
515 31 124
517 11 119
520 171 98
520 30 69
523 24 93
524 30 89
525 3 103
90 42 142
100 8 116
100 26 112
100 27 131
102 41 112
103 37 101
104 41 112
104 457 86
107 406 97
107 26 81
109 14 102
112 15 77
115 13 97
116 14 91
125 13 132
131 243 102
132 0 117
133 8 121
135 38 72
136 450 76
137 6 72
146 26 116
149 237 117
150 26 81
151 9 107
152 397 116
154 8 142
154 221 105
159 13 77
164 30 96
171 12 122
176 4 116
179 8 107
179 12 101
180 26 102
182 229 81
182 392 132
183 43 91
183 336 107
183 403 111
188 14 77
195 15 121
204 15 92
207 31 101
211 26 97
212 29 107
215 237 87
218 525 110
221 24 122
223 22 115
225 35 82
226 495 105
226 30 97
227 15 85
227 16 67
232 387 100
236 20 112
242 131 115
242 181 127
247 15 85
247 176 72
247 17 125
249 132 87
254 362 95
254 30 82
257 28 120
259 24 107
267 14 82
297 15 112
299 14 110
302 13 82
305 15 102
307 14 77
331 24 71
331 367 92
334 490 127
335 20 97
337 357 81
339 15 72
339 30 110
340 36 72
347 92 95
351 0 92
351 6 105
351 266 102
351 12 95
354 191 92
356 41 71
359 233 82
378 33 107
383 243 67
384 344 116
385 336 127
388 130 91
388 36 112
389 28 92
391 35 117
392 11 105
392 13 92
397 357 95
397 31 97
402 35 125
402 7 132
402 24 116
405 36 97
407 34 95
407 483 122
418 38 126
418 42 122
420 29 107
426 453 122
431 13 97
434 13 107
437 14 100
445 31 87
449 25 112
450 35 127
451 30 62
452 34 97
452 3 86
452 25 97
453 28 121
456 509 132
458 26 91
460 244 92
462 245 96
465 9 112
467 26 76
467 242 142
469 38 101
471 395 92
477 453 136
477 221 107
484 232 136
485 227 77
487 224 112
489 42 112
489 344 136
493 33 97
493 239 96
493 345 122
497 29 111
498 29 97
500 39 101
501 5 132
503 6 111
507 237 87
509 398 121
511 9 127
514 42 76
519 337 102
526 9 121
90 31 125
96 16 144
105 13 95
130 15 120
136 15 100
142 14 89
171 348 120
175 31 134
180 15 75
185 14 79
185 15 65
187 36 109
195 26 130
212 15 100
218 256 110
218 0 95
221 242 80
227 232 82
229 224 115
230 9 78
237 227 70
237 221 74
239 456 115
252 33 103
255 0 105
255 239 78
257 29 100
333 239 104
335 4 115
336 239 104
338 8 70
339 4 138
341 39 95
351 16 88
356 15 95
357 15 74
388 0 95
388 233 83
391 38 70
392 39 113
398 37 130
398 42 123
399 397 140
400 4 98
401 40 105
402 452 123
402 38 110
404 5 123
405 397 105
406 26 74
418 15 90
427 13 90
449 344 95
450 234 75
450 451 95
454 249 99
456 4 105
457 40 109
459 15 130
465 31 114
469 15 95
487 13 70
488 30 100
502 14 100
507 15 85
88 26 112
147 26 78
226 25 107
229 348 103
230 24 103
234 14 58
236 13 95
241 15 73
241 16 76
244 15 113
245 13 97
246 31 93
256 13 102
256 31 93
332 31 116
354 29 108
357 400 111
391 31 128
392 25 76
401 14 53
450 13 73
456 25 128
485 26 103
487 26 68
247 26 130
338 26 91
348 30 66
357 16 76
