120 270 156
162 272 175
191 417 139
265 416 156
275 289 160
297 272 144
377 275 131
439 414 145
443 409 149
158 307 154
159 265 123
160 302 137
164 432 144
164 435 143
201 32 152
207 195 144
262 317 123
266 32 137
271 499 154
274 7 148
274 522 167
274 20 139
278 446 143
279 108 152
280 311 129
291 262 123
306 18 177
308 294 154
311 373 148
372 196 177
372 108 119
372 126 188
373 313 152
408 100 129
410 182 133
415 7 157
431 267 154
436 18 133
446 18 152
476 275 179
100 431 156
110 500 140
115 21 127
119 11 156
123 20 135
126 3 152
127 360 141
131 118 155
138 159 152
142 442 121
150 205 175
161 2 142
162 486 176
162 89 135
166 383 152
173 291 166
174 18 150
183 167 177
189 21 121
192 17 165
192 508 157
196 23 121
197 179 125
197 20 162
202 11 166
202 28 135
204 23 117
205 34 131
206 523 140
215 324 117
221 270 136
262 145 125
268 4 132
269 42 136
274 33 160
288 526 152
296 520 161
296 509 140
301 380 142
314 3 131
314 476 150
317 133 157
317 7 146
318 20 150
324 359 162
359 196 146
372 21 135
374 11 152
375 34 146
378 192 125
380 312 177
408 33 146
409 236 135
410 37 137
414 8 146
420 308 140
429 498 127
433 17 131
433 383 135
439 2 117
441 102 121
444 34 170
446 35 157
462 262 141
487 18 175
488 290 132
501 307 131
506 112 125
511 189 117
513 302 131
520 327 140
522 202 117
523 197 131
523 278 125
523 445 117
97 173 154
103 152 123
104 11 140
104 92 164
107 21 158
115 40 145
121 29 119
123 0 138
123 9 130
126 4 134
126 37 148
127 38 115
135 361 154
136 96 123
139 7 115
142 2 129
142 17 133
146 11 115
146 22 154
158 38 173
170 23 135
174 35 129
175 420 148
179 28 165
181 23 144
183 23 148
185 11 140
186 11 129
187 35 163
198 27 150
205 403 154
206 37 123
212 17 150
213 28 154
216 22 172
223 116 165
242 197 154
243 436 137
247 375 140
255 291 134
255 428 137
257 260 160
260 12 155
265 38 138
266 450 125
278 406 129
288 389 123
290 33 140
292 224 154
294 404 138
296 42 150
302 6 159
302 236 148
303 4 115
303 29 119
307 8 123
307 38 125
311 4 129
313 40 168
325 4 140
325 6 154
338 162 133
344 126 150
358 99 169
358 468 158
368 43 130
373 39 154
382 3 158
385 514 125
392 433 144
409 13 133
414 13 140
419 138 159
426 22 148
431 42 140
431 219 144
432 42 138
433 33 130
436 236 179
437 0 123
440 4 125
440 29 119
442 37 173
450 32 140
457 289 139
458 496 123
458 23 130
459 142 144
461 509 138
466 466 125
484 22 154
484 23 158
485 11 135
488 17 119
489 11 178
490 11 150
490 2 154
493 28 133
494 28 135
494 93 154
495 10 133
495 150 135
499 20 154
500 511 158
501 11 155
502 20 154
503 385 138
503 28 115
507 28 164
509 11 133
511 501 140
512 496 134
513 7 168
521 485 115
525 17 169
92 43 136
103 27 123
106 12 138
110 356 146
121 24 138
125 24 158
130 331 117
130 27 123
136 8 152
137 41 146
142 38 148
145 0 127
145 391 156
148 37 138
154 33 117
168 448 146
168 333 128
170 33 177
182 1 146
182 43 123
185 12 123
186 39 121
197 13 123
199 14 142
210 38 121
212 42 128
219 499 127
223 384 135
223 499 163
223 93 117
225 19 135
226 512 113
232 183 142
234 185 150
239 2 148
239 495 127
241 3 135
249 3 163
254 133 127
255 2 145
255 487 133
262 31 132
263 13 131
264 15 123
272 264 103
282 276 88
285 30 142
318 14 156
323 31 133
325 25 142
325 31 156
327 416 88
333 2 128
334 211 138
335 21 140
336 182 148
338 22 157
339 35 125
339 493 133
362 449 137
364 43 121
367 33 138
377 36 152
380 40 146
382 225 138
383 38 172
383 339 131
384 33 113
392 510 127
398 17 136
401 101 143
402 17 132
403 494 190
406 462 153
409 121 88
416 432 93
425 5 127
430 31 166
433 31 163
438 14 157
448 11 131
453 17 138
453 11 127
461 6 136
462 43 113
471 6 127
471 333 132
472 41 163
475 29 162
485 38 121
487 4 153
489 233 127
495 37 131
503 4 113
509 43 142
509 407 166
509 27 113
514 404 142
524 6 141
526 6 113
92 15 150
109 323 101
117 375 86
123 196 91
131 13 134
152 25 146
170 14 140
180 14 129
185 31 131
186 13 125
188 32 86
188 267 96
196 126 86
225 404 149
226 338 121
227 1 140
230 6 119
232 0 115
232 43 130
232 227 144
242 1 125
243 37 190
244 27 149
245 399 165
246 12 146
249 401 144
255 6 130
256 4 150
258 373 76
259 446 86
265 433 96
265 303 91
266 436 86
269 212 101
277 461 91
288 303 76
299 288 101
302 160 76
303 32 76
305 438 106
309 195 106
314 127 116
319 26 140
332 401 136
334 6 140
335 6 175
348 7 131
351 3 129
356 10 115
358 14 126
375 202 106
388 4 155
397 245 154
401 41 140
405 6 125
408 7 86
414 10 76
430 437 86
431 109 116
433 26 149
434 262 111
439 319 86
442 317 91
451 0 156
451 391 115
461 13 129
468 15 111
468 348 125
487 36 119
488 14 156
513 25 140
514 30 119
521 30 121
525 30 135
96 431 84
99 303 84
105 18 89
105 122 84
106 257 117
107 192 74
108 34 84
108 425 74
109 276 79
116 427 99
116 410 94
117 382 99
119 35 84
119 21 84
121 487 84
121 519 89
121 414 98
122 23 89
126 384 84
130 372 84
148 189 74
158 514 89
167 500 99
177 188 99
179 256 152
179 279 99
181 369 99
182 18 89
183 279 104
190 28 74
191 522 84
191 462 94
191 20 74
192 7 74
198 22 84
210 444 84
211 318 104
217 192 84
226 14 128
231 30 127
240 13 138
253 13 138
260 484 99
262 7 74
263 517 89
268 438 108
271 301 99
274 338 84
275 8 84
275 29 89
276 293 89
279 511 99
286 16 117
290 181 99
292 35 99
298 168 74
298 269 99
299 21 99
301 268 109
311 10 84
313 502 84
322 10 84
323 419 99
323 102 99
323 106 74
323 17 84
325 17 84
325 410 98
326 34 74
332 13 123
337 15 163
344 276 99
351 27 142
356 43 123
358 325 99
367 32 109
367 308 89
367 116 74
369 17 89
369 34 84
373 414 104
374 416 79
374 506 104
391 24 133
397 415 99
400 36 123
402 14 119
403 14 146
408 224 89
408 374 79
409 200 79
409 445 89
409 125 103
414 224 84
415 200 79
415 43 99
415 109 94
415 18 79
415 311 108
417 32 84
425 120 84
428 7 89
429 16 142
430 22 74
432 92 89
433 268 79
433 21 84
435 103 99
436 417 79
437 7 99
454 36 128
459 433 89
466 190 99
468 262 74
471 26 113
484 282 109
490 200 74
493 434 84
494 327 74
501 263 89
512 323 94
515 286 99
519 306 99
89 93 72
92 506 82
96 408 102
97 475 82
98 28 82
99 382 97
103 384 87
105 103 87
107 10 82
108 198 71
115 296 97
116 160 82
116 282 87
117 229 82
117 38 82
117 305 86
117 317 92
119 37 82
120 1 102
120 314 82
121 37 87
122 32 107
124 18 91
124 4 82
126 0 82
126 432 102
127 4 82
131 360 72
132 34 92
136 92 82
138 92 72
139 493 72
145 19 82
151 3 82
154 16 135
160 29 82
162 18 77
162 159 86
165 0 87
165 301 82
166 236 97
168 28 72
170 154 97
171 28 97
175 11 82
175 414 97
176 460 82
177 22 72
186 415 82
187 34 72
187 16 136
188 1 72
190 368 87
195 32 91
195 5 72
198 317 92
199 4 102
200 369 81
202 207 102
203 9 82
204 263 97
205 440 81
206 43 102
207 331 87
207 113 71
211 2 97
212 175 82
217 2 87
242 443 82
244 18 96
244 428 97
249 368 102
253 437 101
258 37 97
258 207 82
259 165 77
266 281 106
266 286 97
268 19 77
268 17 101
269 360 96
270 30 82
271 20 67
272 484 96
275 21 97
279 197 71
281 377 87
282 266 97
284 29 87
285 32 96
286 428 82
286 159 81
289 312 82
289 196 121
292 297 97
292 42 112
293 5 72
293 119 77
293 447 96
294 9 82
296 115 97
299 265 81
301 32 77
301 395 82
303 301 91
306 441 82
309 0 82
309 32 96
309 18 92
312 5 82
312 42 72
312 407 87
312 439 86
313 223 107
318 164 87
322 116 87
325 297 81
327 165 91
339 368 92
345 294 122
345 428 76
347 189 97
364 7 87
367 382 92
369 407 97
372 6 87
372 333 87
374 6 82
374 9 87
374 313 142
375 306 102
375 308 82
377 160 107
378 19 72
381 458 82
381 3 82
383 28 87
384 17 87
387 409 87
389 263 97
391 439 72
392 18 101
395 286 92
403 32 72
405 32 86
408 524 96
408 20 112
410 357 82
415 147 122
415 28 91
416 10 82
417 23 96
421 20 87
425 410 106
428 260 87
429 258 122
429 259 91
429 18 82
429 29 97
434 33 72
434 284 91
434 428 97
434 316 92
436 199 81
437 32 92
437 6 87
437 40 92
438 160 107
438 299 126
439 5 92
439 336 72
439 369 92
439 438 82
441 226 82
442 161 101
445 221 82
447 303 77
456 18 72
457 443 72
458 20 82
461 19 92
462 416 77
466 272 77
468 3 72
471 28 72
476 217 87
477 19 82
483 11 82
485 185 122
486 20 112
489 3 97
490 270 91
492 19 97
492 3 97
493 22 72
494 11 82
494 410 82
495 20 97
497 420 82
500 21 72
501 276 82
503 276 92
506 381 107
506 511 72
508 2 97
508 28 82
512 268 82
513 28 72
515 502 97
517 416 117
520 11 87
521 101 97
522 277 121
527 98 82
527 3 72
527 489 72
88 319 100
90 294 65
90 18 110
91 116 79
91 191 80
92 431 79
98 18 79
100 117 90
101 126 90
104 305 105
106 41 90
106 338 105
106 118 75
106 29 85
107 260 95
107 124 79
108 426 94
109 425 90
109 499 90
110 3 85
112 17 84
113 10 79
113 20 65
113 7 90
115 491 85
115 13 80
116 526 89
116 28 75
118 24 70
118 31 100
119 22 69
120 30 70
121 2 79
121 35 95
123 210 65
123 19 110
123 501 89
123 484 79
123 186 79
125 506 115
131 317 90
133 374 84
135 1 80
136 203 75
140 43 70
142 299 85
142 123 84
146 4 85
146 263 75
147 322 89
147 264 90
147 127 85
148 32 110
148 441 124
150 37 80
152 434 115
154 221 85
154 190 100
158 176 99
158 150 75
159 11 85
159 380 79
159 13 80
161 36 70
162 17 75
166 17 79
167 36 80
167 23 79
170 167 95
170 207 75
170 312 94
170 27 70
171 266 79
171 42 70
173 374 85
174 41 80
175 27 110
176 0 110
176 289 84
176 451 70
179 9 80
182 40 95
183 290 75
183 18 90
186 284 89
189 17 94
191 107 110
191 31 70
192 106 95
195 215 84
196 19 90
196 181 79
198 425 95
199 131 80
199 100 115
200 11 79
200 23 84
204 361 69
205 91 75
205 22 105
207 168 89
210 452 80
211 278 85
212 447 90
213 37 80
213 308 83
215 112 79
217 158 75
219 20 99
226 2 95
226 34 90
226 16 117
227 20 70
229 19 70
232 507 74
233 23 80
247 10 70
247 275 98
249 360 70
249 148 70
254 268 104
255 21 85
257 186 95
258 419 110
258 382 94
262 171 94
263 31 85
265 527 95
267 34 90
268 244 89
270 0 89
270 6 85
272 37 79
272 29 84
274 389 75
275 43 80
276 39 109
277 8 120
277 247 90
278 523 99
278 31 95
279 11 85
280 182 75
284 22 89
284 7 75
288 36 100
288 19 85
289 7 79
290 362 130
290 31 95
291 11 79
291 28 85
293 2 94
294 34 69
294 35 75
298 2 79
299 34 89
299 3 85
301 181 69
302 357 105
302 13 120
305 418 80
305 107 104
305 469 100
306 384 120
306 19 79
306 171 79
307 492 90
311 187 75
312 362 75
312 22 84
313 10 75
314 515 75
314 23 80
316 136 124
316 19 89
317 2 80
317 20 90
317 22 80
317 508 69
319 20 109
323 21 100
324 520 90
324 132 90
325 483 79
327 168 79
327 34 80
331 3 85
339 274 80
344 173 89
344 498 80
345 275 80
351 196 74
357 375 90
358 162 94
360 0 70
362 313 105
364 5 95
367 164 110
372 23 94
374 20 75
377 34 69
377 35 90
378 109 85
381 0 80
382 334 70
385 293 65
391 408 75
392 17 85
399 17 70
403 268 83
405 467 80
406 22 120
406 381 84
408 5 90
408 43 79
408 12 100
409 245 104
409 27 85
416 229 75
417 242 89
417 43 110
418 267 85
418 29 85
419 40 70
428 34 105
428 19 85
429 523 89
429 20 75
431 13 95
431 23 104
432 22 79
433 465 90
433 179 69
434 13 85
435 130 100
435 459 80
435 2 75
435 93 99
436 21 75
438 3 100
439 132 75
440 467 79
440 19 115
441 2 75
441 30 70
442 35 105
442 104 95
444 131 94
444 149 65
444 22 109
445 7 79
446 523 110
446 497 80
449 175 90
450 507 70
452 466 85
454 22 80
457 23 85
457 510 70
459 198 90
459 428 100
459 431 104
459 284 125
461 5 70
461 12 80
466 18 84
467 297 115
469 124 85
471 41 70
475 37 85
476 38 85
477 4 80
477 303 89
480 117 85
483 1 80
484 6 70
485 227 80
486 12 100
487 117 120
488 401 95
488 341 80
490 434 89
491 18 94
492 203 85
493 165 130
493 281 89
496 189 89
497 267 105
501 258 85
501 9 70
502 113 119
506 1 95
506 39 70
507 369 100
508 32 75
514 32 109
514 33 95
514 260 110
515 32 90
517 332 95
517 436 69
520 286 115
521 9 80
521 297 105
522 280 85
523 5 70
524 189 79
525 435 95
526 440 80
89 35 87
91 484 97
91 11 83
92 461 128
92 21 112
92 23 77
97 10 78
97 19 128
99 425 83
99 183 97
99 28 118
101 36 88
103 522 77
105 13 83
108 1 77
109 43 78
112 0 77
113 239 88
115 29 87
116 453 83
116 43 78
117 40 97
117 338 77
118 456 67
118 26 118
118 334 88
119 337 73
120 40 88
122 38 102
122 1 73
124 0 77
124 403 73
125 9 112
126 41 103
126 27 77
131 145 78
132 98 92
132 36 68
132 133 78
133 514 73
135 19 73
136 10 103
137 20 67
138 98 83
138 3 128
138 104 77
138 511 88
140 7 83
140 175 92
142 19 93
146 2 107
147 360 102
148 460 67
148 24 93
149 130 67
150 468 108
151 168 63
151 21 87
152 10 77
154 509 88
160 41 67
162 8 82
164 404 73
166 8 108
168 102 92
168 519 73
168 142 78
170 10 88
171 17 78
173 10 88
173 20 73
174 21 77
175 35 78
175 7 73
175 461 97
175 135 83
176 3 92
177 466 88
177 25 78
179 500 77
180 23 83
181 20 92
182 88 73
185 14 83
186 28 87
186 21 88
186 24 78
186 31 68
188 398 123
188 401 73
189 4 92
190 1 92
191 391 103
191 27 73
191 29 123
197 9 118
197 239 82
198 227 92
198 42 73
198 405 77
200 40 83
200 456 83
201 249 93
203 4 112
210 11 67
211 494 88
212 23 108
212 28 101
213 476 103
213 17 108
213 181 117
215 102 77
216 361 93
216 21 81
217 488 73
217 498 113
217 20 71
217 469 97
218 32 82
218 6 68
218 18 88
221 258 77
225 167 118
227 435 78
230 303 92
232 1 107
232 18 92
234 325 73
237 43 68
237 227 93
239 160 86
239 199 126
240 39 82
241 8 103
241 43 83
241 440 102
243 375 103
244 318 97
245 120 63
246 109 73
247 38 97
249 43 88
249 301 117
254 27 122
256 438 88
258 40 83
260 8 82
262 33 102
262 41 88
263 4 78
264 406 82
266 9 92
267 400 88
276 36 67
279 257 93
279 239 88
279 27 88
280 448 83
280 4 88
281 27 67
281 1 67
282 42 63
288 37 92
292 37 82
293 9 83
293 42 73
296 40 92
296 41 103
299 1 92
301 37 67
302 0 78
303 9 88
303 401 112
309 5 77
311 0 63
311 6 73
312 240 128
312 29 127
312 37 103
316 43 93
316 42 103
318 8 77
322 344 88
322 42 73
322 6 83
323 6 83
326 37 82
326 6 88
327 1 87
331 0 93
334 377 82
335 262 96
337 18 93
338 164 78
339 33 72
340 188 87
340 6 93
341 392 87
341 303 88
341 27 68
344 206 108
347 118 92
351 361 87
359 7 63
360 181 77
361 93 103
364 17 67
364 34 67
368 345 83
369 33 87
374 41 117
375 40 83
375 29 88
375 42 83
377 29 102
378 10 73
378 181 78
380 494 82
380 89 78
381 25 83
382 502 78
383 519 77
383 22 93
384 105 87
385 11 117
389 167 73
392 0 78
392 41 87
392 108 73
395 297 112
397 43 78
398 39 68
399 324 81
399 38 83
399 374 102
400 5 82
401 161 107
402 108 78
402 444 97
402 319 93
403 110 108
403 18 78
404 40 78
405 37 68
405 292 111
405 40 72
405 4 103
406 12 78
407 0 68
407 37 112
407 43 103
410 31 88
414 215 83
416 36 98
416 13 73
418 100 88
419 524 98
425 19 92
427 3 77
427 13 83
427 183 87
428 236 77
428 223 87
429 0 88
429 4 118
432 227 92
433 40 107
434 39 77
434 399 67
436 5 103
437 454 103
437 43 107
437 27 63
438 8 77
438 41 108
438 27 93
439 43 87
440 42 118
440 27 73
441 1 77
441 43 77
442 4 77
443 345 83
443 27 78
443 388 93
444 12 113
445 448 82
448 120 93
448 32 73
449 288 103
449 282 77
450 323 97
450 27 68
451 166 73
451 347 108
452 335 68
453 38 98
453 191 77
454 27 83
456 400 78
458 425 67
458 11 108
459 168 113
460 3 88
461 420 92
461 136 78
461 21 77
462 510 77
465 148 87
465 91 92
465 28 98
466 35 92
467 466 98
468 103 113
468 493 77
468 503 88
469 140 103
472 364 78
475 21 77
475 527 67
476 427 102
476 7 83
477 28 118
480 138 77
485 24 88
486 475 88
486 182 73
487 17 67
487 20 98
488 11 88
488 104 73
489 25 68
489 28 88
492 133 88
493 34 73
493 3 77
493 23 73
494 2 93
495 25 68
497 34 83
498 496 112
498 11 88
498 387 83
499 356 93
499 17 97
500 526 98
500 180 93
500 20 107
501 174 98
503 419 78
503 17 82
503 469 103
506 36 68
507 21 88
508 36 68
508 517 103
509 20 88
509 380 92
510 17 78
510 35 87
511 460 87
512 28 67
513 30 83
514 34 67
515 17 63
517 170 93
517 11 103
517 92 77
520 171 92
520 17 63
521 3 83
521 20 83
523 24 78
525 3 103
525 145 63
527 106 87
88 33 65
88 39 71
90 6 65
90 42 96
91 224 81
96 395 120
96 0 65
97 452 86
97 38 96
99 224 106
100 8 80
100 27 86
102 224 65
102 41 86
102 405 75
103 37 111
104 41 101
104 457 111
106 38 65
107 406 126
107 26 66
109 14 91
112 15 85
116 14 81
121 15 61
131 5 106
131 243 105
132 0 76
133 8 90
133 6 95
133 29 91
135 388 80
135 38 76
135 4 96
136 450 111
136 29 85
137 6 90
138 4 61
140 8 95
140 6 85
146 9 71
146 26 91
147 1 75
147 38 80
150 6 106
151 9 86
151 38 75
152 397 91
154 453 71
154 8 86
164 15 80
164 30 90
164 31 71
165 25 81
166 25 75
170 29 71
171 389 71
171 454 90
171 12 116
173 0 96
173 6 81
173 38 95
173 242 75
175 246 61
176 4 86
176 39 71
179 8 80
179 12 115
181 400 81
182 0 71
182 229 100
182 392 76
183 43 91
183 453 81
183 336 101
183 403 90
185 42 85
185 218 80
187 41 85
188 14 86
195 15 86
201 36 90
201 15 65
204 15 101
207 30 85
207 31 111
212 5 81
212 29 80
215 6 75
215 237 61
216 404 100
218 525 76
219 487 75
221 24 95
221 186 71
223 22 86
225 35 90
226 495 84
231 506 86
232 387 99
232 3 71
233 151 71
234 506 90
234 14 80
236 20 101
236 13 76
237 521 81
239 35 89
240 2 71
242 131 111
242 181 86
243 521 110
243 22 69
245 22 95
246 385 75
247 176 99
247 17 91
249 132 86
249 490 65
249 500 75
249 469 75
252 35 95
252 11 106
253 10 65
253 212 71
254 35 65
254 362 94
255 34 85
255 471 76
256 13 66
257 28 86
259 24 91
262 15 100
263 30 71
264 30 75
267 14 75
281 36 81
296 25 75
297 15 111
299 14 71
305 15 75
307 30 116
307 14 85
313 16 76
313 31 100
319 15 80
331 367 105
334 490 76
335 19 90
335 20 115
337 19 65
337 357 66
339 502 75
340 19 75
341 10 81
341 11 100
341 20 71
344 472 86
345 10 75
345 498 100
345 182 89
345 472 80
347 168 85
347 92 76
351 0 66
351 165 71
351 6 81
351 266 90
351 12 81
354 191 111
356 291 85
356 112 81
357 18 75
358 8 85
358 253 76
358 29 71
359 0 85
359 233 65
361 9 91
361 43 91
361 451 71
367 227 76
372 357 85
378 33 100
378 42 65
380 5 71
383 243 81
383 5 106
383 8 81
383 29 75
384 344 80
385 336 76
387 344 96
387 42 71
388 130 86
389 28 80
391 35 76
392 11 80
392 187 75
395 521 81
397 2 75
397 421 94
397 31 81
398 3 96
398 147 65
399 3 116
401 522 81
402 35 105
402 7 109
404 170 81
404 364 69
404 367 81
405 387 91
405 36 95
405 493 71
406 520 75
407 34 91
407 35 79
407 483 90
407 19 81
418 38 111
418 42 116
420 29 101
420 37 90
420 5 85
421 33 80
421 37 71
421 29 100
426 41 71
426 453 101
437 14 61
441 36 75
445 31 86
449 2 85
450 35 80
450 13 81
451 2 81
451 30 66
452 34 111
452 3 100
452 25 91
453 28 130
456 509 86
458 38 65
458 26 66
460 244 76
460 37 81
460 29 86
462 245 101
465 9 91
467 26 76
467 242 76
467 5 75
468 223 61
469 38 76
469 6 85
471 395 101
471 12 81
475 1 81
477 453 101
483 8 95
483 33 85
484 232 81
484 43 75
488 8 75
489 42 90
489 405 80
489 344 126
492 29 96
493 33 96
493 12 71
493 239 76
493 345 86
494 457 75
497 29 76
498 29 126
498 40 110
499 42 100
500 39 86
501 5 116
503 6 86
507 33 106
509 398 105
510 6 86
511 219 85
511 9 76
511 27 106
513 8 75
514 42 80
515 1 91
515 12 91
519 37 110
519 9 61
519 337 86
519 5 65
520 453 71
520 239 76
521 43 61
525 4 101
526 9 80
526 39 120
527 0 81
527 389 85
527 37 75
88 15 104
89 36 83
90 30 69
90 31 74
96 16 109
101 30 59
119 26 89
122 257 69
124 236 119
130 15 69
136 15 83
142 14 79
146 24 84
146 351 103
167 223 109
171 348 99
175 31 78
176 15 73
177 13 73
177 30 83
180 15 69
182 13 79
183 354 73
185 15 69
187 36 84
187 13 73
195 26 99
204 249 84
212 15 69
212 31 63
217 354 69
218 256 123
218 0 113
219 42 83
221 242 99
225 37 88
227 232 59
230 9 138
230 33 73
232 37 83
236 27 69
239 456 94
239 39 93
239 404 93
240 4 79
240 407 78
242 42 69
242 332 63
246 29 83
247 5 59
249 39 77
252 33 99
255 0 88
255 239 74
256 1 79
256 41 77
257 29 82
266 234 94
276 14 84
285 333 69
296 224 88
298 26 98
305 232 88
326 12 79
332 37 74
333 239 69
334 38 84
334 40 93
335 4 88
336 5 67
336 239 89
337 39 69
338 8 109
338 41 73
339 4 117
340 43 74
341 1 93
341 37 89
341 39 84
348 3 87
357 459 83
360 36 84
374 257 74
378 36 63
378 13 79
380 31 78
383 31 63
388 0 74
388 233 69
388 43 69
389 1 89
389 39 67
391 38 109
392 39 78
398 37 113
398 391 79
398 42 99
399 1 88
399 397 88
400 4 84
400 37 97
401 40 88
401 43 79
402 452 88
402 38 99
402 39 69
403 5 78
403 38 87
404 5 74
405 1 73
405 397 88
406 335 73
406 26 104
409 16 69
418 13 79
418 15 104
420 30 69
438 26 83
439 225 98
447 26 73
449 39 69
449 344 88
450 234 73
450 451 89
451 41 83
452 4 79
454 249 109
454 37 83
456 451 84
456 4 74
457 40 78
457 43 84
459 15 74
465 31 99
469 15 88
477 31 83
480 16 74
483 25 69
488 30 84
493 25 79
496 30 104
497 31 79
500 16 79
502 14 69
503 13 79
507 15 99
515 31 73
520 30 69
524 30 63
88 26 82
100 26 112
117 16 75
125 13 80
147 26 97
149 237 101
150 26 82
164 16 57
167 16 75
180 26 116
206 16 67
211 26 102
226 25 101
226 30 71
227 15 66
229 348 82
230 24 86
241 15 81
241 16 96
244 15 107
246 31 86
247 15 62
254 30 67
256 31 101
298 16 71
331 24 67
332 31 116
339 15 70
339 30 72
340 36 65
354 29 72
356 41 87
357 400 95
388 36 77
391 31 82
392 13 71
392 25 97
397 357 90
401 14 61
449 25 67
456 25 72
477 221 90
485 26 82
487 224 82
487 26 76
491 12 81
501 335 67
507 237 76
511 253 87
519 249 65
91 16 89
139 24 85
145 16 63
181 16 89
229 224 70
237 221 85
237 337 79
247 26 70
331 334 75
338 26 109
348 30 115
356 15 75
357 15 59
357 16 113
382 24 100
392 257 79
403 12 118
449 252 90
487 13 84
488 24 75
494 16 80
508 16 98
227 16 61
245 13 82
402 24 77
351 16 61
