120 270 131
162 272 125
191 417 139
265 416 129
275 289 131
297 272 135
377 275 129
439 414 139
443 409 131
158 307 133
159 265 127
160 302 137
164 432 129
164 435 133
201 32 127
207 195 127
262 317 119
266 32 133
271 499 127
274 7 127
274 522 129
274 20 123
278 446 127
279 108 127
280 311 119
291 262 133
306 18 127
308 294 137
311 373 119
372 196 133
372 108 137
372 126 127
373 313 119
408 100 123
410 182 127
415 7 127
431 267 119
436 18 123
446 18 137
476 275 127
100 431 127
110 500 121
115 21 125
119 11 125
123 20 127
126 3 121
127 360 135
131 118 135
138 159 117
142 442 121
150 205 125
161 2 125
162 486 127
162 89 121
166 383 125
173 291 125
174 18 127
183 167 121
189 21 125
192 17 135
192 508 127
196 23 131
197 179 125
197 20 135
202 11 117
202 28 121
204 23 125
205 34 135
206 523 117
215 324 121
221 270 135
262 145 125
268 4 127
269 42 131
274 33 125
288 526 125
296 520 127
296 509 121
301 380 125
314 3 125
314 476 117
317 133 131
317 7 135
318 20 135
324 359 117
359 196 131
372 21 135
374 11 125
375 34 127
378 192 131
380 312 125
408 33 135
409 236 127
410 37 121
414 8 125
420 308 125
429 498 127
433 17 121
433 383 135
439 2 125
441 102 117
444 34 121
446 35 125
462 262 135
487 18 127
488 290 121
501 307 135
506 112 125
511 189 127
513 302 121
520 327 125
522 202 125
523 197 127
523 278 121
523 445 125
97 173 123
103 152 125
104 11 129
104 92 123
107 21 123
115 40 125
121 29 129
123 0 123
123 9 133
126 4 125
126 37 129
127 38 123
135 361 123
136 96 115
139 7 119
142 2 123
142 17 133
146 11 115
146 22 119
158 38 133
170 23 133
174 35 115
175 420 129
179 28 133
181 23 133
183 23 115
185 11 119
186 11 133
187 35 133
198 27 125
205 403 119
206 37 123
212 17 133
213 28 125
216 22 119
223 116 123
242 197 127
243 436 115
247 375 119
255 291 123
255 428 137
257 260 115
260 12 119
265 38 123
266 450 123
278 406 115
290 33 129
292 224 123
294 404 123
296 42 115
302 6 119
302 236 133
303 4 123
303 29 125
307 8 129
307 38 123
311 4 133
313 40 125
325 4 119
325 6 123
338 162 133
344 126 125
358 99 119
358 468 123
368 43 133
373 39 125
382 3 129
385 514 133
392 433 133
409 13 115
414 13 129
419 138 133
426 22 123
431 42 125
431 219 119
432 42 133
433 33 123
436 236 115
437 0 129
440 4 123
440 29 123
442 37 115
450 32 119
457 289 133
458 496 123
458 23 115
459 142 119
461 509 123
466 466 133
484 22 115
484 23 129
485 11 123
488 17 123
489 11 115
490 11 119
490 2 133
493 28 123
494 28 115
494 93 119
495 10 133
495 150 123
499 20 115
500 511 119
501 11 133
502 20 123
503 385 125
503 28 119
507 28 133
509 11 123
511 501 115
512 496 119
513 7 133
521 485 123
525 17 125
92 43 127
103 27 121
106 257 121
106 12 123
110 356 127
121 24 121
125 24 121
130 331 113
130 27 117
136 8 131
137 41 121
142 38 113
145 0 127
148 37 131
154 33 131
168 448 123
168 333 127
170 33 121
179 256 121
182 1 123
182 43 117
185 12 121
186 39 131
197 13 123
199 14 117
210 38 131
212 42 121
219 499 113
223 384 117
223 499 131
223 93 135
225 19 113
226 512 117
232 183 121
234 185 125
239 2 113
239 495 117
241 3 121
249 3 125
254 133 113
255 2 117
255 487 121
262 31 131
263 13 113
264 15 117
286 16 121
318 14 121
323 31 113
325 31 127
333 2 121
334 211 121
335 21 123
336 182 117
338 22 131
339 35 135
339 493 113
362 449 127
364 43 121
367 33 131
374 416 83
377 36 127
380 40 131
382 225 131
383 38 117
384 33 117
392 510 121
398 17 131
401 101 117
402 17 117
403 494 131
406 462 125
409 200 73
415 200 73
417 32 73
425 5 131
429 16 113
430 31 117
433 31 131
436 417 73
438 14 117
448 11 117
453 17 121
453 11 131
461 6 127
462 43 127
471 6 121
471 333 121
472 41 127
475 29 117
485 38 121
487 4 121
489 233 117
495 37 117
503 4 121
509 43 121
509 407 127
509 27 117
514 404 121
524 6 131
526 6 127
92 15 125
108 198 71
117 317 81
131 13 125
154 16 129
162 18 81
162 159 71
170 14 115
180 14 125
185 31 129
186 13 129
187 16 125
195 32 81
198 317 81
200 369 71
204 263 71
207 113 81
225 404 125
227 1 119
230 6 115
232 0 119
232 43 125
232 227 123
242 1 125
243 37 129
244 27 115
245 399 123
246 12 125
249 401 119
255 6 115
256 4 123
259 165 71
266 281 81
268 19 81
269 360 71
271 20 71
272 484 81
279 197 71
281 377 71
286 159 71
288 389 119
293 119 71
293 447 71
299 265 81
301 32 81
309 32 81
319 26 129
325 297 81
332 401 115
334 6 129
335 6 119
348 7 115
351 3 115
356 10 119
358 14 129
388 4 115
397 245 125
401 41 119
405 6 123
415 28 71
416 10 81
417 23 71
428 260 71
429 259 71
433 26 129
451 0 125
461 13 129
462 416 71
468 15 119
468 348 119
487 36 115
488 14 125
90 294 69
91 116 69
91 191 79
92 431 69
107 124 79
109 276 83
110 3 69
112 17 69
113 20 69
116 526 69
116 28 69
116 410 88
119 22 69
121 414 84
123 210 69
123 484 69
123 186 79
142 123 69
145 391 123
146 263 69
147 322 69
158 150 79
159 380 79
166 17 69
170 312 69
173 374 69
176 289 79
189 17 69
196 19 79
196 181 79
199 131 69
200 11 79
204 361 69
215 112 69
226 14 113
226 16 117
240 13 113
253 13 113
258 382 69
268 438 93
271 301 88
272 264 88
272 37 69
272 29 79
276 293 89
282 276 74
285 30 113
289 7 79
291 11 69
293 2 79
294 34 69
298 2 69
298 269 83
301 268 98
301 181 79
306 171 69
311 187 69
314 515 69
316 19 79
317 20 69
317 508 69
324 132 69
325 25 113
325 410 98
327 168 69
327 34 69
327 416 88
332 13 117
337 15 113
351 27 123
356 43 127
372 23 79
373 414 93
374 20 69
377 34 69
383 339 117
385 293 69
391 24 109
391 408 69
400 36 117
402 14 113
403 268 69
403 14 121
408 43 69
408 374 89
409 445 83
409 245 69
409 121 74
409 125 83
415 109 98
415 18 89
415 311 83
416 432 88
429 523 79
432 22 69
433 268 93
433 465 69
433 179 79
435 2 69
439 132 69
444 149 79
445 7 79
454 36 117
459 431 69
471 26 109
491 18 69
496 189 79
517 436 79
91 484 77
92 23 77
96 408 91
99 425 77
103 522 67
108 1 67
109 323 86
115 296 92
115 29 67
116 160 96
116 43 67
116 282 87
117 305 86
117 375 72
118 456 67
119 337 67
120 314 92
122 32 86
122 257 67
123 196 82
124 0 67
124 18 87
126 432 86
126 27 77
133 514 67
137 20 77
138 98 77
138 104 77
140 175 67
148 460 77
149 130 67
151 168 67
152 25 121
160 41 77
162 8 77
164 404 77
165 301 86
168 142 67
175 414 77
176 3 77
177 466 67
179 500 77
186 28 77
186 415 96
188 32 72
188 267 76
188 401 77
189 4 67
190 368 81
190 1 77
191 27 77
196 126 86
197 239 67
198 227 77
198 42 77
198 405 77
200 456 67
202 207 81
204 249 77
205 440 77
210 11 67
215 102 77
216 21 67
217 488 67
217 20 77
218 32 67
221 258 71
226 338 125
232 18 67
234 325 67
241 440 71
245 120 77
246 109 67
258 207 86
258 373 76
259 446 76
262 33 67
265 433 76
265 303 86
266 9 67
266 436 82
266 286 81
268 17 77
269 212 72
275 21 86
276 36 77
277 461 86
280 448 67
281 27 67
281 1 67
282 42 67
282 266 82
285 32 86
286 428 92
288 303 82
288 37 77
289 312 82
289 196 86
292 297 91
293 42 77
296 40 77
296 115 82
299 288 72
301 37 67
302 160 76
303 32 76
303 9 67
303 301 81
305 438 76
306 441 86
309 18 82
309 195 76
311 0 67
312 439 82
314 127 82
318 8 67
318 164 81
322 116 91
322 42 77
326 37 67
327 165 91
335 262 77
347 118 67
359 7 67
360 181 67
364 17 77
364 34 77
374 257 67
374 313 82
375 202 86
375 29 77
375 306 91
375 308 96
377 160 96
380 494 67
380 89 67
383 519 77
387 409 87
399 324 77
399 374 67
403 18 77
408 7 76
408 524 86
408 20 81
410 31 67
414 10 76
414 215 81
415 147 87
416 13 77
425 410 81
425 19 67
427 3 77
428 236 67
429 258 86
429 18 92
430 437 86
431 109 76
432 227 67
434 262 76
434 39 67
434 284 77
434 428 92
434 399 77
434 316 96
436 199 91
437 32 92
437 27 67
438 160 96
438 8 67
438 299 81
439 369 82
439 438 92
439 319 76
441 1 77
442 161 96
442 4 77
442 317 76
443 27 67
445 448 67
447 303 81
448 120 77
449 282 77
451 391 115
453 191 67
458 425 67
461 136 67
461 21 67
462 510 77
465 148 67
465 91 77
465 28 67
466 272 87
472 364 77
475 21 67
475 527 77
480 138 77
486 182 77
487 17 77
488 104 77
490 270 81
493 23 67
494 410 86
501 276 86
503 276 92
509 20 67
509 380 77
512 28 67
512 268 96
513 25 125
514 34 77
514 30 111
515 17 67
517 416 92
517 92 67
520 17 77
521 30 121
522 277 86
525 145 67
525 30 119
527 106 77
88 33 65
88 319 80
88 39 75
90 6 65
90 18 89
96 0 75
96 431 80
97 452 65
98 18 79
99 303 84
100 117 84
101 126 90
102 224 75
104 305 84
105 18 80
105 122 74
106 38 65
106 118 89
107 192 74
107 260 79
108 426 80
108 34 80
108 425 74
109 425 90
109 499 84
113 10 89
113 7 80
115 491 79
116 427 74
117 16 65
117 382 70
119 35 84
119 21 74
121 2 89
121 35 89
121 487 84
121 519 80
121 15 65
122 23 74
123 19 75
123 501 79
125 506 84
126 384 74
130 372 70
131 317 90
133 374 80
136 203 89
136 29 65
138 4 65
140 6 75
142 299 79
146 9 75
147 1 65
147 38 65
147 264 84
147 127 75
148 32 79
148 441 79
148 189 74
152 434 94
154 453 65
154 190 85
158 176 84
158 514 84
159 11 89
162 17 79
164 15 65
164 16 65
164 31 65
167 16 65
167 500 84
167 23 85
170 167 84
170 207 79
171 454 65
171 266 79
173 0 75
173 242 65
175 246 75
177 188 84
179 279 70
181 369 84
182 18 84
183 290 75
183 279 74
183 18 84
185 218 65
186 284 89
187 41 65
188 14 65
190 28 74
191 522 80
191 107 79
191 462 74
191 20 74
192 106 90
192 7 74
195 215 84
198 425 89
198 22 70
199 100 80
200 23 90
201 36 65
201 15 65
205 91 79
205 22 89
206 16 65
207 168 89
210 444 70
211 318 74
211 278 75
212 447 80
213 308 79
215 6 65
215 237 69
216 404 75
217 192 74
217 158 79
219 487 69
231 506 65
231 30 105
232 3 65
234 506 79
239 35 75
243 22 75
246 385 65
247 275 88
249 490 65
249 500 75
253 10 65
253 212 69
254 35 65
254 268 79
255 471 65
258 419 89
260 484 70
262 7 74
262 171 90
262 15 65
263 517 74
265 527 80
267 34 84
267 14 65
268 244 74
270 0 79
270 6 75
274 389 75
274 338 84
275 8 80
275 43 90
275 29 74
276 39 84
277 8 84
278 523 85
279 11 79
279 511 74
280 182 89
284 22 89
284 7 75
288 19 89
290 362 84
290 181 74
291 28 79
292 35 80
294 35 75
298 168 84
299 34 79
299 3 79
299 14 75
299 21 74
305 418 84
305 107 85
305 469 79
306 384 80
306 19 79
307 492 80
307 14 65
311 10 84
312 362 89
312 22 84
313 10 79
313 502 74
314 23 80
316 136 79
317 2 84
317 22 94
319 20 80
322 10 84
323 419 70
323 102 84
323 106 74
323 17 84
323 21 89
324 520 94
325 483 79
325 17 80
326 34 74
335 19 65
337 19 75
339 274 90
340 19 65
341 11 75
341 20 69
344 276 74
344 472 75
345 275 84
345 182 69
345 472 75
351 165 65
358 162 90
358 325 70
358 29 65
359 0 65
359 233 65
361 451 65
362 313 84
367 32 74
367 227 65
367 164 75
367 308 74
367 116 80
369 17 74
369 34 74
374 506 84
377 35 84
378 109 79
378 42 75
383 29 65
392 187 75
397 2 65
397 421 65
397 415 74
398 147 65
404 364 65
406 520 79
407 35 65
408 224 84
408 5 90
408 12 80
409 27 79
414 224 84
415 43 80
416 229 89
417 242 89
417 43 75
418 267 79
420 37 75
420 5 65
421 33 75
421 37 65
425 120 74
426 41 65
428 34 94
428 7 74
428 19 79
429 20 85
430 22 80
431 23 79
432 92 74
433 21 74
435 130 89
435 459 84
435 93 80
435 103 74
436 21 79
437 7 70
437 14 75
438 3 79
440 467 79
440 19 90
441 36 75
441 2 79
442 35 94
442 104 90
444 131 80
444 22 84
446 523 79
446 497 94
458 38 65
459 198 90
459 428 79
459 433 70
459 284 94
460 29 75
466 18 84
466 190 84
467 297 80
467 5 65
468 262 70
468 223 65
469 124 89
469 6 65
471 12 65
477 303 79
480 117 79
483 8 75
484 43 65
484 282 74
487 117 75
489 405 65
490 200 80
490 434 89
492 203 89
493 165 80
493 12 65
493 281 75
493 434 84
494 327 74
494 457 65
497 267 80
501 258 89
501 263 74
502 113 84
507 369 80
508 32 89
510 6 65
512 323 74
513 8 65
514 32 94
514 260 79
515 32 80
515 12 65
515 286 74
519 9 75
519 306 80
519 249 65
519 5 65
520 453 65
520 286 90
521 43 65
521 297 84
522 280 89
524 189 75
525 435 79
526 440 94
89 35 87
89 93 72
91 11 83
92 461 92
92 21 77
92 506 82
97 10 82
97 19 83
97 475 72
98 28 78
99 183 92
99 28 92
99 382 72
103 384 72
105 103 82
107 10 68
109 43 78
112 0 83
116 453 77
117 229 72
117 38 82
117 40 82
117 338 63
118 334 78
119 37 78
119 26 63
120 40 78
120 1 82
121 37 72
122 38 82
122 1 87
124 403 87
124 4 68
125 9 73
126 0 72
126 41 88
127 4 72
131 360 82
131 145 92
132 98 92
132 34 68
132 133 78
135 19 77
136 10 92
136 92 72
138 3 77
138 511 88
138 92 72
139 493 82
140 7 87
142 19 87
145 16 73
145 19 82
146 2 92
146 24 63
147 360 83
150 468 77
151 3 72
151 21 77
152 10 87
154 509 88
160 29 68
165 0 72
166 8 87
166 236 72
167 223 82
168 102 78
168 519 73
168 28 82
170 10 92
170 154 68
171 28 82
171 17 82
173 10 82
173 20 73
174 21 87
175 35 82
175 7 77
175 11 72
175 461 73
175 135 87
176 460 72
176 15 73
177 13 73
177 22 72
180 23 77
181 20 82
182 88 83
186 21 88
187 34 82
187 13 63
188 1 72
188 398 92
191 391 82
191 29 78
195 5 72
197 9 82
199 4 72
200 40 77
203 9 78
203 4 77
206 43 72
207 331 68
211 2 82
211 494 88
212 175 78
212 23 77
212 31 77
212 28 87
213 476 87
213 17 73
213 181 86
216 361 78
217 2 72
217 354 73
217 498 86
217 469 73
218 18 92
225 37 73
225 167 92
227 232 73
227 435 92
230 303 78
239 160 86
239 199 87
240 407 63
242 332 73
242 443 82
243 375 88
244 18 72
244 428 72
244 318 82
246 29 73
247 5 63
249 39 73
249 301 86
249 368 72
253 437 72
256 1 63
256 41 67
256 438 88
258 37 72
258 40 77
260 8 78
262 41 92
263 4 78
264 406 82
267 400 88
270 30 82
279 27 78
280 4 92
284 29 78
285 333 87
292 42 72
292 37 78
293 5 82
293 9 87
294 9 72
296 224 82
296 41 88
299 1 78
301 395 78
302 0 82
303 401 87
309 0 72
309 5 87
311 6 73
312 5 82
312 42 82
312 407 68
312 29 78
312 37 82
313 223 72
316 43 82
316 42 78
322 344 92
322 6 77
323 6 77
326 12 73
326 6 82
327 1 87
332 37 63
334 38 63
334 377 92
336 5 73
337 18 78
338 164 82
338 41 77
339 368 72
340 188 77
340 43 63
341 303 86
344 206 83
345 294 78
345 428 82
347 189 76
360 36 73
361 93 82
364 7 68
367 382 82
369 33 87
369 407 82
372 6 72
372 333 68
374 6 72
374 9 82
374 41 92
375 40 83
375 42 77
377 29 77
378 36 63
378 10 87
378 19 68
378 181 78
380 31 63
381 458 82
381 3 72
382 502 78
383 22 77
383 28 68
383 31 73
384 17 82
384 105 77
385 11 78
389 263 72
389 167 87
389 39 63
391 439 76
392 108 87
392 18 72
395 297 77
395 286 76
399 1 73
401 161 78
402 108 92
402 444 86
402 319 82
403 32 82
403 5 63
403 110 87
405 32 82
405 292 92
406 335 63
409 16 77
410 357 72
416 36 78
418 100 88
419 524 82
421 20 82
427 183 77
428 223 87
429 0 78
429 4 87
429 29 72
433 40 87
434 33 78
436 5 82
437 454 88
437 6 72
437 40 72
437 43 82
438 41 77
438 26 63
438 27 88
439 225 78
439 5 68
439 43 87
439 336 68
440 42 78
440 27 87
441 226 72
441 43 83
444 12 82
445 221 72
448 32 77
449 288 78
449 39 63
449 252 63
450 234 63
450 323 88
451 166 77
454 37 63
456 451 73
456 18 68
457 43 63
457 443 72
458 11 77
458 20 82
459 168 82
460 3 78
461 420 92
461 19 82
466 35 82
467 466 87
468 3 72
468 103 78
468 493 87
468 503 88
469 140 92
471 28 68
476 217 78
476 427 88
476 7 77
477 19 72
477 28 77
477 31 73
483 11 82
485 185 78
486 20 82
486 475 92
487 20 83
488 11 82
489 3 72
489 28 88
492 19 82
492 3 68
492 133 82
493 34 73
493 3 77
493 22 72
494 2 92
494 11 82
494 16 63
495 20 68
497 34 77
497 420 72
498 496 73
498 11 92
498 387 87
499 17 77
500 526 78
500 180 77
500 21 82
500 20 77
501 174 77
503 419 88
503 17 82
503 469 77
506 381 72
506 511 68
507 21 78
508 2 72
508 517 78
508 28 72
510 17 78
510 35 77
511 460 77
513 28 72
515 502 78
517 170 73
517 11 82
520 171 78
520 11 72
521 3 87
521 101 82
521 20 83
525 3 82
527 98 72
527 3 68
527 489 72
90 42 90
91 224 85
97 38 81
99 224 85
100 8 86
100 27 80
102 41 76
102 405 75
103 37 80
104 41 76
104 457 76
106 41 70
106 338 70
106 29 66
107 406 76
109 14 71
112 15 75
115 13 70
116 14 75
118 24 66
118 31 70
120 30 76
125 13 80
131 5 75
131 243 85
132 0 76
133 8 76
133 6 75
133 29 85
135 1 80
135 388 61
135 38 76
135 4 75
136 450 80
137 6 90
140 8 71
140 43 80
146 4 66
150 26 61
150 37 80
150 6 85
151 9 76
151 38 75
152 397 76
154 8 80
154 221 80
159 13 66
161 36 70
164 30 80
166 25 61
167 36 70
170 27 66
170 29 75
171 389 71
171 12 86
171 42 76
173 6 75
173 38 85
174 41 70
175 27 70
176 0 70
176 4 90
176 39 71
176 451 70
179 8 76
179 9 80
179 12 80
181 400 75
182 0 71
182 229 85
182 40 66
182 392 76
183 43 90
183 453 71
183 336 90
183 403 80
185 42 85
191 31 70
207 31 86
210 452 80
212 5 75
212 29 90
213 37 70
218 525 84
219 20 76
221 186 81
223 22 80
225 35 86
226 2 80
226 34 80
226 495 84
227 16 65
227 20 66
229 19 80
232 387 90
232 507 84
233 151 85
233 23 80
236 20 94
237 521 85
240 2 81
242 131 80
242 181 90
243 521 79
245 22 81
247 10 66
247 176 76
247 17 84
249 132 80
249 360 70
249 469 75
249 148 70
252 35 85
252 11 75
254 362 80
255 34 85
255 21 80
257 28 86
257 186 76
259 24 80
263 30 61
263 31 70
264 30 65
277 247 86
278 31 66
281 36 85
288 36 70
290 31 70
296 25 71
298 16 85
302 357 66
302 13 66
305 15 85
313 31 85
319 15 70
331 24 71
331 3 70
331 367 76
334 490 86
335 20 80
339 502 75
340 36 61
341 10 89
344 173 74
344 498 80
345 10 85
345 498 85
347 168 89
347 92 86
351 196 66
351 266 90
354 191 80
356 291 75
356 112 71
357 18 79
357 375 80
358 8 85
360 0 70
361 9 75
361 43 71
364 5 80
372 357 75
378 33 86
380 5 75
381 0 76
382 334 66
383 243 71
383 5 75
383 8 75
384 344 80
385 336 86
387 42 75
388 130 90
389 28 90
391 35 86
392 11 90
392 13 61
392 17 70
395 521 75
397 357 61
398 3 85
399 3 85
399 17 80
401 522 71
401 14 61
402 35 84
402 7 76
404 170 81
404 367 85
405 387 79
405 493 85
405 467 74
406 22 76
406 381 70
407 34 86
407 483 84
407 19 85
418 38 80
418 42 76
418 29 70
419 40 70
420 29 90
421 29 75
426 453 76
431 13 66
434 13 80
441 30 70
445 31 80
449 2 75
449 175 80
450 35 80
450 507 66
451 2 75
452 34 76
452 3 76
452 466 70
453 28 80
454 22 80
456 509 80
457 23 70
457 510 66
460 37 71
461 5 70
461 12 66
465 9 90
469 38 80
471 41 70
471 395 76
475 1 85
475 37 66
476 38 70
477 4 80
477 453 86
477 221 90
483 1 76
483 33 75
484 6 70
484 232 71
485 227 70
486 12 76
487 224 80
488 401 70
488 8 85
488 341 76
489 42 86
489 344 76
491 12 75
492 29 75
493 33 80
493 345 76
497 29 80
498 29 80
498 40 75
499 42 81
500 39 80
501 5 86
501 9 80
501 335 85
503 6 76
506 1 66
506 39 80
507 33 85
509 398 80
511 219 85
511 9 76
511 27 85
511 253 75
514 33 80
514 42 86
515 1 71
517 332 66
519 37 85
519 337 90
520 239 80
521 9 70
523 5 70
525 4 85
526 9 86
526 39 75
527 0 85
527 389 61
527 37 75
88 15 68
89 36 69
90 31 74
91 16 83
101 36 68
101 30 69
105 13 78
113 239 84
118 26 68
124 236 82
130 15 83
132 36 68
136 15 73
139 24 73
142 14 79
146 351 83
148 24 64
171 348 74
175 31 88
177 25 68
180 15 69
181 16 83
182 13 73
183 354 73
185 14 78
185 15 79
186 24 64
186 31 74
187 36 84
195 26 74
201 249 88
212 15 83
218 6 68
218 0 78
219 42 83
229 224 78
230 9 78
230 33 73
232 1 68
232 37 83
236 27 77
237 43 74
237 227 78
237 221 84
237 337 73
239 456 82
239 39 83
239 404 79
240 39 68
240 4 69
241 8 78
241 43 78
242 42 87
247 38 78
249 43 78
252 33 78
254 27 68
255 0 74
257 29 92
266 234 92
276 14 92
279 257 84
279 239 82
298 26 73
305 232 82
312 240 84
331 0 68
331 334 83
333 239 73
334 40 79
335 4 78
336 239 73
337 39 73
338 8 92
339 33 74
339 4 74
340 6 68
341 1 69
341 37 73
341 39 92
341 392 78
341 27 64
348 3 73
351 361 68
351 16 63
357 459 77
357 15 69
368 345 77
378 13 73
381 25 68
382 24 79
388 0 74
388 233 83
388 43 69
389 1 73
391 38 78
392 0 68
392 257 77
392 39 78
392 41 82
397 43 64
398 37 84
398 42 78
398 39 68
399 38 78
399 397 92
400 4 78
400 5 68
400 37 79
401 40 74
401 43 73
402 452 92
402 38 78
402 39 77
403 38 73
403 12 73
404 40 82
404 5 84
405 1 83
405 37 68
405 40 74
405 397 84
405 4 78
406 12 78
407 0 72
407 37 64
407 43 78
418 13 73
418 15 83
427 13 78
443 345 73
443 388 73
447 26 73
449 344 74
450 451 74
450 27 78
451 41 73
451 347 64
452 4 83
452 335 64
453 38 68
454 27 78
456 4 74
456 400 74
457 40 74
465 31 88
485 24 64
487 13 78
488 24 83
488 30 74
489 25 68
495 25 68
497 31 83
499 356 64
502 14 83
503 13 83
506 36 68
507 15 83
508 36 68
508 16 83
513 30 68
515 31 69
520 30 59
523 24 64
524 30 73
88 26 72
96 395 75
100 26 81
107 26 66
146 26 72
147 26 76
149 237 72
165 25 67
180 26 81
195 15 76
204 15 80
207 30 71
211 26 67
221 24 62
226 25 72
227 15 66
229 348 80
230 24 86
234 14 76
236 13 62
241 15 85
245 13 76
246 31 72
247 15 66
254 30 61
256 13 76
256 31 86
297 15 72
307 30 67
313 16 62
332 31 72
337 357 76
339 15 72
339 30 71
351 0 66
351 6 66
351 12 66
354 29 86
356 41 71
357 400 76
358 253 80
387 344 81
388 36 81
391 31 80
392 25 76
397 31 62
402 24 67
405 36 66
450 13 62
451 30 66
452 25 66
456 25 76
458 26 62
460 244 90
462 245 76
467 26 66
467 242 82
485 26 86
487 26 82
493 239 80
507 237 76
90 30 69
96 16 74
177 30 65
218 256 84
221 242 84
247 26 74
255 239 70
338 26 70
348 30 74
356 15 78
398 391 83
406 26 74
420 30 73
454 249 80
459 15 74
469 15 74
480 16 68
483 25 79
493 25 65
496 30 83
500 16 68
226 30 67
241 16 72
244 15 68
449 25 67
357 16 80
