120 270 125
162 272 129
191 417 129
265 416 129
275 289 125
297 272 129
377 275 129
439 414 129
443 409 135
158 307 127
159 265 127
160 302 127
164 432 123
164 435 127
201 32 127
207 195 127
262 317 123
266 32 127
271 499 127
274 7 127
274 522 123
274 20 127
278 446 127
279 108 127
280 311 123
291 262 127
306 18 137
308 294 127
311 373 123
372 196 127
372 108 127
372 126 127
373 313 123
408 100 137
410 182 137
415 7 127
431 267 133
436 18 127
446 18 127
476 275 127
100 431 121
110 500 125
115 21 125
119 11 125
123 20 121
126 3 125
127 360 125
131 118 135
138 159 121
142 442 125
150 205 125
161 2 135
162 486 131
162 89 125
166 383 135
173 291 125
174 18 121
183 167 125
189 21 125
192 17 125
192 508 131
196 23 125
197 179 125
197 20 135
202 11 131
202 28 125
204 23 125
205 34 125
206 523 121
215 324 125
221 270 125
262 145 135
268 4 121
269 42 125
274 33 125
288 526 125
296 520 121
296 509 125
301 380 125
314 3 125
314 476 131
317 133 125
317 7 125
318 20 135
324 359 121
359 196 135
372 21 125
374 11 125
375 34 121
378 192 125
380 312 125
408 33 125
409 236 121
410 37 125
414 8 125
420 308 125
429 498 131
433 17 125
433 383 125
439 2 135
441 102 131
444 34 125
446 35 135
462 262 135
487 18 121
488 290 125
501 307 125
506 112 125
511 189 121
513 302 125
520 327 125
522 202 125
523 197 121
523 278 125
523 445 135
97 173 123
103 152 119
104 11 123
104 92 123
107 21 123
115 40 119
121 29 123
123 0 133
123 9 123
126 4 119
126 37 123
127 38 133
135 361 123
136 96 129
139 7 133
142 2 123
142 17 123
146 11 119
146 22 123
158 38 123
170 23 123
174 35 119
175 420 123
179 28 123
181 23 123
183 23 119
185 11 123
186 11 123
187 35 123
198 27 119
205 403 133
206 37 123
212 17 123
213 28 119
216 22 123
223 116 123
242 197 123
243 436 129
247 375 133
255 291 127
255 428 133
257 260 129
260 12 123
265 38 123
266 450 133
278 406 119
288 389 129
290 33 123
292 224 133
294 404 119
296 42 133
302 6 123
302 236 123
303 4 119
303 29 123
307 8 123
307 38 123
311 4 119
313 40 123
325 4 123
325 6 133
338 162 119
344 126 133
358 99 123
358 468 123
368 43 119
373 39 123
382 3 123
385 514 133
392 433 119
409 13 133
414 13 123
419 138 123
426 22 119
431 42 133
431 219 123
432 42 123
433 33 119
436 236 133
437 0 123
440 4 123
440 29 119
442 37 123
450 32 123
457 289 133
458 496 119
458 23 133
459 142 123
461 509 123
466 466 119
484 22 123
484 23 123
485 11 133
488 17 119
489 11 123
490 11 123
490 2 133
493 28 119
494 28 133
494 93 123
495 10 123
495 150 129
499 20 123
500 511 123
501 11 123
502 20 119
503 385 133
503 28 133
507 28 123
509 11 119
511 501 123
512 496 123
513 7 123
521 485 119
525 17 133
92 43 121
103 27 121
106 257 117
106 12 121
110 356 121
121 24 121
125 24 127
130 331 131
130 27 131
136 8 121
137 41 117
142 38 121
145 0 131
145 391 127
148 37 117
154 33 121
168 448 121
168 333 121
170 33 117
179 256 121
182 1 131
182 43 131
185 12 127
186 39 121
197 13 121
199 14 121
210 38 117
212 42 131
219 499 121
223 384 121
223 499 117
223 93 121
225 19 121
226 512 131
232 183 121
234 185 121
239 2 121
239 495 121
241 3 117
249 3 135
254 133 131
255 2 121
255 487 117
262 31 121
263 13 121
264 15 131
285 30 127
286 16 121
318 14 121
323 31 121
325 31 117
333 2 121
334 211 121
335 21 121
336 182 117
338 22 121
339 35 121
339 493 131
362 449 127
364 43 121
367 33 121
377 36 121
380 40 117
382 225 121
383 38 121
384 33 121
392 510 117
398 17 121
401 101 121
402 17 121
403 494 127
406 462 121
425 5 121
429 16 121
430 31 117
433 31 131
438 14 121
448 11 121
453 17 117
453 11 121
461 6 121
462 43 121
471 6 117
471 333 121
472 41 121
475 29 131
485 38 117
487 4 121
489 233 121
495 37 121
503 4 117
509 43 121
509 407 121
509 27 121
514 404 127
524 6 121
526 6 131
92 15 119
131 13 115
154 16 119
170 14 119
180 14 119
185 31 115
186 13 119
187 16 119
225 404 119
227 1 125
230 6 119
232 0 119
232 43 123
232 227 115
242 1 129
243 37 119
244 27 119
245 399 119
246 12 119
249 401 129
255 6 129
256 4 115
319 26 119
332 401 129
334 6 119
335 6 115
348 7 119
351 3 133
356 10 119
358 14 115
388 4 119
397 245 129
401 41 119
405 6 115
433 26 119
451 0 119
451 391 115
461 13 125
468 15 119
468 348 129
487 36 129
488 14 115
514 30 115
521 30 115
525 30 119
109 276 93
116 410 88
121 414 88
226 14 113
226 16 117
231 30 113
240 13 117
253 13 117
268 438 83
271 301 88
272 264 78
276 293 83
282 276 88
298 269 83
301 268 88
325 25 127
325 410 88
327 416 78
332 13 117
337 15 117
351 27 113
356 43 113
373 414 83
383 339 121
391 24 117
400 36 117
402 14 117
403 14 127
408 374 83
409 445 93
409 121 78
409 125 83
415 109 98
415 18 83
415 311 83
416 432 78
433 268 83
454 36 117
471 26 117
96 408 81
109 323 76
115 296 86
116 160 86
116 282 81
117 305 86
117 375 86
120 314 96
122 32 96
123 196 76
124 18 81
126 432 86
152 25 129
165 301 86
175 414 81
186 415 86
188 32 86
188 267 76
190 368 81
196 126 76
202 207 91
205 440 81
226 338 111
258 207 86
258 373 76
259 446 76
265 433 76
265 303 76
266 436 76
266 286 81
268 17 81
275 21 86
277 461 86
282 266 96
285 32 96
286 428 96
288 303 76
289 312 86
289 196 96
292 297 91
296 115 86
299 288 76
302 160 76
303 32 76
303 301 91
305 438 76
306 441 86
309 18 86
309 195 76
312 439 86
314 127 76
318 164 81
322 116 81
327 165 81
374 313 86
375 202 86
375 306 81
375 308 86
377 160 86
387 409 91
408 7 76
408 524 96
408 20 81
414 10 76
414 215 81
415 147 81
425 410 81
429 258 96
429 18 96
430 437 86
431 109 76
434 262 76
434 284 81
434 428 86
434 316 86
436 199 91
437 32 86
438 160 86
438 299 81
439 369 86
439 438 86
439 319 76
442 161 86
442 317 76
447 303 81
466 272 81
490 270 81
494 410 86
501 276 86
503 276 86
512 268 86
513 25 111
517 416 96
522 277 96
88 319 84
90 18 79
96 431 84
98 18 79
99 303 74
100 117 84
101 126 84
104 305 84
105 18 74
105 122 84
106 118 79
107 192 74
107 260 79
108 426 84
108 34 74
108 425 74
109 425 84
109 499 84
113 10 79
113 7 94
115 491 79
116 427 84
117 382 74
119 35 74
119 21 84
121 2 79
121 35 79
121 487 74
121 519 74
122 23 74
123 19 89
123 501 79
125 506 84
126 384 74
130 372 84
131 317 94
133 374 94
136 203 79
142 299 89
147 264 84
147 127 89
148 32 79
148 441 79
148 189 74
152 434 94
154 190 79
158 176 84
158 514 74
159 11 89
162 17 89
167 500 84
167 23 79
170 167 94
170 207 79
171 266 79
177 188 74
179 279 74
181 369 74
182 18 74
183 290 79
183 279 74
183 18 84
186 284 79
190 28 74
191 522 74
191 107 79
191 462 74
191 20 84
192 106 84
192 7 74
195 215 84
198 425 79
198 22 84
199 100 94
200 23 84
205 91 79
205 22 79
207 168 89
210 444 74
211 318 84
211 278 79
212 447 84
213 308 89
217 192 84
217 158 83
247 275 94
254 268 79
258 419 79
260 484 74
262 7 74
262 171 84
263 517 74
265 527 94
267 34 84
268 244 74
270 0 79
270 6 89
275 8 74
275 43 84
275 29 74
276 39 84
277 8 84
278 523 79
279 11 79
279 511 74
280 182 79
284 22 79
284 7 89
288 19 79
290 362 84
290 181 84
291 28 79
292 35 74
294 35 79
298 168 84
299 34 79
299 3 79
299 21 74
305 418 84
305 107 79
305 469 89
306 384 84
306 19 79
307 492 84
311 10 74
312 362 79
312 22 84
313 10 89
313 502 74
314 23 84
316 136 79
317 2 94
317 22 94
319 20 84
322 10 74
323 419 74
323 102 74
323 106 84
323 17 74
323 21 79
324 520 94
325 483 79
325 17 74
326 34 74
339 274 84
344 276 84
345 275 94
358 162 84
358 325 74
362 313 94
367 32 74
367 164 79
367 308 74
367 116 74
369 17 74
369 34 74
374 416 73
374 506 74
377 35 84
378 109 89
397 415 74
408 224 74
408 5 94
408 12 84
409 200 69
409 27 79
414 224 74
415 200 73
415 43 74
416 229 79
417 32 69
417 242 89
417 43 79
418 267 79
425 120 74
428 34 84
428 7 74
428 19 89
429 20 79
430 22 74
431 23 79
432 92 74
433 21 74
435 130 89
435 459 84
435 93 84
435 103 74
436 417 79
436 21 79
437 7 84
438 3 89
440 467 79
440 19 84
441 2 89
442 35 94
442 104 94
444 131 84
444 22 84
446 523 79
446 497 84
459 198 94
459 428 89
459 433 74
459 284 84
466 18 84
466 190 74
467 297 84
468 262 74
469 124 79
477 303 89
480 117 89
484 282 74
487 117 79
490 200 74
490 434 79
492 203 89
493 165 84
493 281 79
493 434 74
494 327 74
497 267 94
501 258 79
501 263 84
502 113 94
507 369 84
508 32 79
512 323 74
514 32 84
514 260 89
515 32 94
515 286 74
519 306 84
520 286 94
521 297 94
522 280 79
524 189 89
525 435 79
526 440 84
89 35 77
89 93 72
91 11 77
92 461 82
92 21 77
92 506 72
97 10 82
97 19 77
97 475 82
98 28 72
99 183 82
99 28 82
99 382 72
103 384 82
105 103 72
107 10 72
108 198 67
109 43 82
112 0 77
116 453 77
117 229 82
117 38 72
117 40 82
117 317 81
118 334 82
119 37 72
120 40 82
120 1 72
121 37 72
122 38 82
122 1 77
124 236 82
124 403 87
124 4 72
125 9 87
126 0 82
126 41 92
127 4 72
131 360 72
131 145 82
132 98 82
132 34 82
132 133 92
135 19 77
136 10 82
136 92 72
138 3 87
138 511 82
138 92 82
139 493 82
140 7 87
142 19 87
145 19 72
146 2 82
147 360 77
150 468 77
151 3 82
151 21 77
152 10 87
154 509 82
160 29 82
162 18 77
162 159 71
165 0 72
166 8 77
166 236 72
167 223 92
168 102 82
168 519 77
168 28 72
170 10 82
170 154 72
171 28 72
171 17 82
173 10 82
173 20 77
174 21 77
175 35 82
175 7 77
175 11 72
175 461 87
175 135 87
176 460 82
177 22 82
180 23 77
181 20 92
182 88 77
186 21 82
187 34 72
188 1 82
188 398 92
191 391 82
191 29 92
195 32 81
195 5 82
197 9 82
198 317 67
199 4 82
200 40 77
200 369 81
203 9 72
203 4 77
204 263 67
206 43 72
207 113 71
211 2 72
211 494 82
212 175 82
212 23 77
212 28 77
213 476 77
213 17 81
213 181 92
216 361 82
217 2 72
217 498 82
217 469 81
218 18 82
225 167 82
227 435 92
230 303 82
239 160 96
239 199 87
242 443 72
243 375 82
244 18 82
244 428 86
244 318 92
249 301 82
249 368 72
253 437 82
256 438 86
258 37 72
258 40 77
259 165 67
260 8 82
262 41 92
263 4 82
264 406 82
266 234 82
266 281 81
267 400 82
268 19 71
269 360 81
269 212 72
270 30 72
271 20 77
272 484 81
276 14 92
279 197 71
279 27 82
280 4 92
281 377 77
284 29 82
285 333 77
286 159 71
292 42 72
292 37 82
293 5 72
293 9 77
293 119 67
293 447 81
294 9 72
296 224 92
296 41 92
299 1 82
299 265 71
301 32 71
301 395 72
302 0 82
303 401 87
305 232 82
309 0 82
309 32 67
309 5 77
311 6 87
312 5 82
312 42 72
312 407 82
312 29 92
312 37 82
313 223 72
316 43 82
316 42 82
322 344 82
322 6 87
323 6 77
325 297 71
326 12 77
326 6 92
327 1 77
334 377 92
337 18 82
338 164 82
339 368 72
340 188 77
341 303 86
344 206 87
345 294 82
345 428 72
347 189 72
361 93 82
364 7 72
367 382 72
369 33 87
369 407 72
372 6 72
374 6 72
374 9 82
374 41 92
375 40 87
375 42 87
377 29 77
378 10 77
378 19 82
378 181 92
381 458 72
381 3 72
382 502 82
383 22 77
383 28 72
384 17 82
384 105 77
385 11 82
389 263 72
389 167 77
391 439 82
392 108 77
392 18 72
395 297 77
395 286 72
401 161 86
402 108 82
402 444 82
402 319 82
403 32 82
403 110 81
405 32 82
405 292 82
409 16 77
410 357 72
415 28 71
416 10 67
416 36 82
417 23 71
418 100 92
419 524 92
421 20 72
427 183 77
428 260 71
428 223 77
429 0 82
429 259 67
429 4 77
429 29 72
433 40 77
434 33 82
436 5 82
437 454 82
437 6 72
437 40 82
437 43 92
438 41 87
438 27 82
439 225 82
439 5 72
439 43 87
440 42 82
440 27 77
441 226 72
441 43 77
444 12 92
445 221 72
448 32 77
449 288 92
450 323 82
451 166 77
456 18 82
457 443 72
458 11 77
458 20 72
459 168 82
460 3 92
461 420 82
461 19 72
462 416 71
466 35 92
467 466 87
468 3 72
468 103 82
468 493 77
468 503 82
469 140 92
471 28 82
476 427 82
476 7 87
477 19 72
477 28 77
483 11 72
485 185 72
486 20 72
486 475 92
487 20 77
488 11 82
489 3 72
489 28 92
492 19 72
492 3 72
492 133 82
493 34 77
493 3 77
493 22 72
494 2 82
494 11 82
495 20 72
497 34 87
497 420 72
498 496 77
498 11 82
498 387 87
499 17 77
500 526 82
500 180 77
500 21 72
500 20 77
501 174 87
503 419 82
503 17 82
503 469 87
506 381 72
506 511 72
507 21 92
508 2 82
508 517 92
508 28 82
510 17 82
510 35 77
511 460 77
513 28 72
515 502 72
517 170 77
517 11 82
520 171 82
520 11 82
521 3 87
521 101 82
521 20 87
525 3 82
527 98 82
527 3 72
527 489 72
90 294 65
90 42 90
91 224 85
91 116 69
91 191 69
92 431 69
97 38 85
99 224 85
100 8 80
100 27 80
102 41 80
102 405 75
103 37 80
104 41 80
104 457 80
106 41 70
106 29 70
107 406 80
107 124 75
109 14 75
110 3 69
112 17 69
112 15 75
113 20 65
115 13 70
116 526 79
116 14 85
116 28 65
118 31 70
119 22 69
120 30 80
123 210 69
123 484 69
123 186 65
125 13 80
131 5 85
131 243 75
132 0 80
133 8 80
133 6 75
133 29 85
135 1 70
135 38 90
135 4 75
136 450 80
137 6 80
140 8 75
140 43 70
142 123 79
146 4 80
146 263 65
147 322 65
149 237 80
150 37 70
150 6 85
151 9 80
151 38 75
152 397 80
154 8 80
154 221 80
158 150 69
159 380 65
159 13 70
161 36 80
164 30 90
166 17 69
167 36 70
170 312 69
170 27 80
170 29 85
171 12 80
171 42 80
173 6 75
173 38 85
173 374 69
174 41 70
175 27 70
176 0 70
176 289 65
176 4 80
176 39 75
176 451 80
179 8 80
179 9 70
179 12 80
181 400 85
182 0 85
182 229 75
182 40 70
182 392 80
183 43 80
183 453 75
183 336 90
183 403 80
185 42 85
189 17 69
191 31 70
196 19 75
196 181 79
199 131 69
200 11 69
204 361 65
207 31 80
210 452 80
212 5 85
212 29 90
213 37 70
215 112 79
218 525 80
219 20 70
221 186 79
223 22 90
225 35 80
226 2 80
226 34 80
226 495 84
227 20 70
229 19 80
232 387 80
232 507 70
233 151 79
233 23 70
236 20 80
237 521 75
240 2 75
242 131 84
242 181 80
243 521 75
245 22 75
247 10 70
247 176 84
247 17 80
249 132 80
249 360 70
249 469 75
249 148 84
252 35 85
252 11 85
254 362 80
255 34 85
255 21 74
257 28 90
257 186 70
258 382 75
259 24 80
263 31 70
272 37 69
272 29 69
274 389 75
274 338 74
277 247 84
278 31 70
281 36 75
288 36 70
289 7 69
290 31 70
291 11 69
293 2 65
294 34 69
298 16 75
298 2 69
301 181 65
302 357 70
302 13 80
305 15 75
306 171 79
311 187 69
313 16 80
313 31 85
314 515 65
316 19 69
317 20 69
317 508 75
319 15 70
324 132 79
327 168 79
327 34 69
331 3 70
331 367 80
334 490 80
335 20 90
339 502 75
341 10 75
344 173 70
344 498 70
345 10 79
345 498 75
347 168 75
347 92 80
351 196 70
351 266 84
354 191 80
356 291 75
356 112 75
357 18 75
357 375 74
358 8 75
358 253 70
360 0 70
361 9 85
361 43 75
364 5 70
372 357 75
372 23 75
374 20 69
377 34 69
378 33 80
380 5 75
381 0 70
383 243 85
383 5 85
383 8 75
384 344 80
385 336 80
385 293 79
387 42 75
388 130 90
389 28 80
391 35 90
391 408 65
392 11 94
392 17 70
395 521 75
398 3 85
399 3 85
399 17 84
401 522 75
402 35 80
402 7 80
403 268 69
404 170 79
404 367 75
405 387 75
405 493 75
405 467 80
406 22 74
406 381 70
407 34 80
407 483 90
407 19 85
408 43 65
409 245 69
418 38 80
418 42 80
418 29 80
419 40 80
420 29 80
421 29 75
426 453 80
429 523 69
431 13 70
432 22 65
433 465 69
433 179 69
434 13 80
435 2 69
439 132 75
441 30 70
444 149 79
445 7 79
445 31 80
449 2 85
449 175 80
450 35 80
450 507 70
451 2 75
452 34 80
452 3 90
452 466 80
453 28 80
454 22 70
456 509 80
457 23 70
457 510 70
459 431 75
460 37 75
461 5 80
465 9 90
469 38 80
471 41 80
471 395 80
475 1 75
475 37 70
476 38 70
477 4 70
477 453 80
477 221 80
483 1 70
483 33 75
484 6 70
484 232 75
485 227 80
487 224 80
488 401 70
488 8 85
489 42 80
489 344 80
491 18 69
491 12 75
492 29 75
493 33 80
493 345 80
496 189 69
497 29 80
498 29 80
498 40 75
499 42 75
500 39 80
501 5 80
501 9 80
501 335 75
503 6 80
506 1 70
506 39 80
507 33 85
507 237 80
509 398 90
511 219 75
511 9 80
511 27 85
511 253 85
514 33 70
514 42 80
515 1 75
517 436 69
519 37 75
519 337 80
520 239 70
521 9 70
523 5 70
525 4 75
526 9 90
526 39 75
527 0 85
527 37 75
88 15 68
89 36 83
90 31 78
91 484 77
91 16 73
92 23 63
99 425 77
101 36 78
103 522 67
105 13 78
108 1 67
113 239 78
115 29 63
116 43 63
118 456 67
118 26 68
119 337 67
122 257 63
124 0 67
126 27 67
130 15 73
132 36 68
133 514 63
136 15 73
137 20 67
138 98 67
138 104 67
139 24 73
140 175 77
142 14 73
146 351 83
148 460 63
149 130 67
151 168 67
160 41 63
162 8 67
164 404 67
168 142 67
171 348 88
175 31 88
176 3 73
177 466 67
179 500 77
180 15 73
181 16 73
182 13 83
183 354 73
185 14 68
185 15 73
186 28 63
186 31 68
187 36 78
188 401 67
189 4 67
190 1 67
191 27 63
195 26 78
197 239 77
198 227 67
198 42 67
198 405 73
200 456 67
201 249 88
204 249 67
207 331 68
210 11 67
212 15 73
215 102 63
216 21 77
217 488 67
217 20 77
218 32 67
218 6 68
218 0 78
219 42 73
221 258 71
229 224 88
230 9 78
230 33 73
232 1 68
232 37 87
232 18 67
234 325 77
236 27 73
237 43 68
237 227 72
237 221 78
237 337 73
239 456 88
239 39 73
239 404 77
240 39 68
240 4 73
241 8 68
241 43 68
241 440 67
242 42 73
245 120 67
246 109 77
247 38 78
249 43 82
252 33 78
254 27 68
255 0 88
257 29 78
262 33 63
266 9 67
276 36 77
279 257 88
279 239 92
280 448 63
281 27 67
281 1 77
282 42 77
288 37 63
293 42 77
296 40 67
298 26 73
301 37 63
303 9 67
311 0 67
312 240 82
318 8 67
322 42 63
326 37 67
331 0 68
331 334 73
333 239 73
334 40 73
335 4 78
335 262 67
336 239 73
337 39 73
338 8 78
339 33 78
339 4 82
340 6 68
341 1 73
341 37 73
341 39 82
341 392 68
341 27 68
347 118 67
348 3 73
351 361 68
357 459 77
359 7 63
360 181 67
364 17 77
364 34 63
368 345 83
372 333 68
374 257 67
375 29 67
378 13 73
380 494 63
380 89 67
382 24 73
383 519 63
388 0 88
388 233 73
388 43 73
389 1 83
391 38 88
392 0 72
392 257 83
392 39 78
392 41 68
397 43 68
398 37 78
398 42 82
398 39 68
399 324 63
399 38 68
399 397 78
399 374 63
400 4 78
400 5 78
400 37 73
401 40 82
401 43 77
402 452 88
402 38 78
402 39 73
403 38 73
403 12 77
403 18 67
404 40 68
404 5 78
405 1 73
405 37 72
405 40 68
405 397 88
405 4 78
407 0 68
407 37 72
407 43 68
410 31 67
416 13 77
418 13 83
418 15 73
425 19 77
427 3 67
427 13 78
428 236 63
432 227 77
434 39 67
434 399 67
437 27 63
438 8 67
439 336 68
441 1 67
442 4 77
443 345 83
443 27 63
443 388 73
445 448 77
447 26 83
448 120 73
449 344 88
449 282 67
450 451 78
450 27 68
451 41 73
452 4 73
453 38 68
453 191 63
454 27 78
456 4 78
456 400 68
457 40 78
458 425 67
461 136 67
461 21 63
462 510 67
465 148 67
465 91 67
465 28 63
465 31 78
472 364 67
475 21 67
475 527 67
476 217 68
480 16 68
480 138 73
486 182 67
487 13 78
487 17 77
488 24 83
488 104 67
488 30 78
493 23 63
497 31 73
499 356 68
500 16 68
502 14 73
503 13 73
506 36 68
507 15 73
508 36 68
508 16 73
509 20 77
509 380 63
512 28 77
513 30 68
514 34 63
515 17 67
515 31 73
517 92 67
520 17 67
525 145 67
527 106 73
88 33 65
88 26 76
88 39 75
90 6 65
96 395 71
96 0 61
97 452 65
100 26 71
102 224 71
106 38 65
106 338 80
107 26 66
117 16 75
118 24 76
121 15 65
135 388 61
136 29 61
138 4 65
140 6 65
146 9 65
146 26 66
147 1 61
147 38 65
147 26 76
154 453 65
164 15 61
164 16 65
164 31 75
165 25 75
167 16 65
171 389 61
171 454 65
173 0 75
173 242 75
175 246 61
180 26 71
185 218 75
187 41 75
188 14 65
195 15 80
201 36 75
201 15 65
204 15 90
206 16 61
207 30 71
211 26 71
215 6 65
215 237 71
216 404 65
219 487 75
226 25 76
227 15 66
229 348 76
230 24 80
231 506 65
232 3 61
234 506 65
234 14 66
236 13 70
239 35 65
241 15 71
243 22 61
245 13 86
246 385 69
246 31 86
247 15 66
249 490 65
249 500 65
253 10 75
253 212 61
254 35 65
255 471 65
256 13 66
256 31 76
262 15 61
263 30 61
264 30 71
267 14 65
297 15 80
299 14 61
307 30 71
307 14 75
332 31 76
335 19 65
337 19 65
337 357 66
339 15 76
340 19 61
341 11 65
341 20 65
344 472 71
345 182 65
345 472 75
351 0 70
351 165 65
351 6 76
354 29 76
356 41 71
357 400 80
358 29 71
359 0 65
359 233 75
361 451 71
367 227 75
378 42 75
382 334 66
383 29 65
387 344 71
388 36 81
391 31 76
392 25 76
392 187 65
397 2 65
397 421 65
397 31 66
398 147 65
402 24 81
404 364 65
405 36 70
406 520 71
407 35 75
420 37 65
420 5 75
421 33 61
421 37 65
426 41 65
437 14 65
441 36 61
450 13 66
451 30 66
456 25 86
458 38 61
458 26 66
460 244 86
460 29 65
461 12 66
462 245 80
467 26 76
467 242 76
467 5 65
468 223 61
469 6 61
471 12 75
483 8 65
484 43 75
485 26 76
486 12 76
487 26 76
488 341 66
489 405 65
493 12 65
493 239 80
494 457 65
510 6 61
513 8 65
515 12 65
517 332 66
519 9 65
519 249 61
519 5 65
520 453 65
521 43 65
527 389 61
90 30 79
96 16 74
101 30 59
117 338 59
119 26 73
145 16 63
146 24 63
148 24 74
176 15 63
177 13 69
177 25 78
177 30 79
186 24 74
187 13 69
212 31 63
217 354 63
218 256 74
221 242 74
225 37 59
227 232 63
240 407 69
242 332 63
246 29 73
247 5 63
247 26 78
249 39 67
255 239 78
256 1 63
256 41 69
332 37 63
334 38 67
336 5 73
338 41 59
338 26 74
340 43 63
348 30 74
356 15 64
360 36 63
378 36 59
380 31 63
381 25 68
383 31 73
389 39 63
398 391 79
399 1 59
403 5 63
406 12 64
406 335 73
406 26 64
420 30 69
438 26 59
449 39 63
449 252 63
450 234 59
451 347 68
452 335 64
454 249 74
454 37 59
456 451 63
457 43 73
459 15 84
469 15 78
477 31 63
483 25 69
485 24 74
489 25 64
493 25 83
494 16 63
495 25 78
496 30 79
520 30 59
523 24 64
524 30 59
150 26 61
166 25 67
221 24 62
226 30 67
227 16 71
241 16 72
244 15 72
254 30 57
296 25 57
331 24 61
339 30 57
340 36 61
351 12 62
392 13 57
397 357 61
401 14 61
449 25 71
452 25 62
351 16 59
357 15 69
357 16 70
