88 482 87
88 42 115
88 4 135
88 421 147
88 119 104
90 34 218
90 8 90
90 9 130
90 2 77
90 271 168
90 16 178
90 216 86
90 26 85
92 0 105
92 35 107
92 168 77
92 234 119
92 43 135
92 179 158
92 21 142
92 279 124
92 394 99
93 36 138
93 197 179
93 134 122
93 40 110
93 11 164
93 13 87
93 15 178
93 525 107
95 40 131
96 0 100
96 262 130
96 6 95
96 39 100
96 460 87
96 218 144
97 168 107
97 9 85
97 26 95
97 27 117
97 199 139
98 25 82
98 274 156
98 20 117
98 30 168
98 1 95
99 2 77
99 18 74
99 98 107
99 466 102
99 119 69
100 43 110
100 20 107
100 446 124
101 3 78
101 435 114
101 92 148
101 5 110
101 351 97
104 357 173
104 41 65
104 300 105
104 205 85
104 14 122
104 237 104
104 155 163
104 5 86
105 33 95
105 7 127
105 8 105
105 268 173
105 20 69
105 25 127
105 26 186
106 27 120
106 357 117
106 222 114
106 39 105
107 13 67
107 16 168
107 18 85
107 501 183
107 377 119
107 31 163
108 104 119
108 42 138
108 515 109
108 196 96
108 39 188
109 6 173
109 12 141
109 18 87
109 14 149
109 210 113
109 249 76
109 31 99
110 1 87
110 210 78
110 205 166
110 16 99
110 113 101
110 242 217
110 24 119
111 478 225
111 375 187
113 486 194
114 36 85
114 431 207
114 338 161
114 19 179
114 381 145
114 286 118
116 100 89
116 518 135
116 17 120
116 10 95
116 24 206
116 307 151
116 471 129
116 376 101
117 33 82
117 36 140
117 42 122
117 369 202
117 114 131
117 25 104
119 180 104
119 29 77
119 39 147
120 8 102
120 432 192
120 22 144
121 24 85
121 0 122
121 371 237
122 41 87
122 138 139
122 111 121
125 9 87
125 389 136
125 239 141
127 276 200
127 422 79
127 6 122
128 17 144
128 226 129
128 333 65
131 154 163
131 427 147
131 39 90
132 491 198
133 1 80
133 10 179
133 37 115
133 39 95
134 0 85
134 43 100
134 231 124
134 426 173
134 11 93
134 241 69
134 22 108
134 26 75
134 349 107
136 512 122
136 294 81
136 6 105
136 454 100
136 442 119
136 446 134
137 6 95
137 309 121
137 485 107
137 286 71
137 5 100
138 18 100
138 31 107
138 26 135
138 6 161
138 37 150
139 161 135
139 4 141
139 5 105
139 40 75
139 27 81
139 319 164
140 196 134
140 37 115
140 519 127
140 147 112
140 148 77
140 21 122
141 346 190
141 15 82
142 192 100
142 408 192
142 7 132
142 445 205
142 367 87
144 345 124
144 282 206
144 459 87
144 4 165
144 233 99
146 432 94
146 299 159
146 4 95
146 30 87
146 38 86
147 9 100
147 7 117
147 5 131
147 23 113
148 165 124
148 438 99
148 16 113
148 19 59
148 22 122
148 441 215
149 42 221
149 5 85
149 190 120
149 21 83
150 36 98
150 8 85
150 401 144
150 19 162
150 23 162
150 218 89
150 30 77
150 159 159
151 5 75
151 9 85
151 22 172
151 378 183
151 92 77
151 221 79
151 254 104
151 127 69
152 427 97
152 237 150
152 403 135
152 20 143
152 379 142
152 29 85
153 24 73
153 249 200
153 28 132
153 21 122
154 163 175
154 4 105
154 38 120
154 39 105
154 41 85
154 12 85
154 17 107
154 434 140
154 471 83
154 223 89
155 25 82
155 125 200
156 26 85
156 373 124
157 0 171
157 116 170
157 4 90
157 261 94
157 5 106
158 100 84
158 122 127
158 444 71
159 450 87
159 493 79
159 340 147
159 246 91
159 30 185
159 31 190
160 1 112
160 459 174
160 12 86
160 21 104
160 30 154
161 233 202
161 412 108
161 268 124
161 6 188
161 1 148
162 32 121
162 513 119
162 420 99
162 38 203
162 22 114
162 319 117
163 515 175
163 9 118
163 339 106
163 412 103
163 519 99
164 40 158
164 41 228
164 370 91
164 493 89
164 247 116
165 34 89
165 8 112
165 393 116
165 42 97
165 271 79
165 273 123
166 226 182
166 36 125
166 37 127
166 6 82
166 10 85
166 34 129
166 25 89
166 286 83
167 17 105
167 26 137
167 125 91
168 412 131
168 21 172
168 14 133
168 197 99
169 32 89
169 8 120
169 11 154
169 179 133
169 316 134
169 349 137
169 31 113
170 32 104
170 516 77
170 39 110
170 508 102
170 404 144
170 41 176
170 24 169
170 284 149
170 413 136
172 32 79
172 2 72
172 28 203
172 205 144
174 1 155
174 483 97
174 39 85
174 42 120
174 119 100
174 188 130
175 24 149
175 107 142
175 20 94
175 13 137
175 37 85
176 97 97
176 354 67
176 35 107
176 36 149
176 11 108
176 119 105
176 312 120
176 252 89
176 319 95
177 259 114
177 26 100
177 187 193
177 5 226
178 24 117
178 205 104
178 37 130
179 34 132
179 166 119
179 43 95
179 12 105
179 371 155
179 182 97
180 201 85
180 234 114
180 19 79
182 5 85
182 305 161
182 371 99
182 373 89
182 25 87
182 27 135
182 197 181
183 4 95
183 357 102
183 6 110
183 10 149
183 274 117
183 19 142
183 408 192
183 27 95
183 31 88
184 33 65
184 36 189
184 200 99
184 9 125
184 12 129
184 41 85
184 26 231
184 28 138
185 160 69
185 1 110
185 37 65
185 357 92
185 42 95
185 13 132
185 525 142
185 438 69
185 247 114
185 249 185
185 28 133
185 421 147
186 161 109
186 453 75
186 399 215
187 160 124
187 134 137
187 231 119
187 12 119
187 114 139
187 21 97
188 35 95
188 300 108
189 11 164
189 516 99
189 157 105
190 32 122
190 1 174
190 39 83
190 9 73
190 42 63
190 107 75
191 40 108
191 10 130
191 43 107
192 40 108
192 24 81
192 2 75
192 12 184
192 272 118
193 485 65
193 15 130
193 273 118
193 18 122
193 276 85
193 282 79
193 379 156
193 28 171
194 35 136
194 4 118
194 5 154
194 10 91
194 16 85
194 18 73
194 117 77
194 26 108
194 29 83
195 1 93
195 11 95
195 286 122
195 31 131
196 32 107
196 0 93
196 166 172
196 6 103
196 256 112
196 179 141
196 29 139
197 36 126
197 21 96
198 312 169
198 0 123
198 434 87
198 27 93
198 33 128
199 344 153
199 25 151
199 42 93
199 37 174
199 271 99
200 1 78
200 17 81
200 8 174
200 10 91
200 270 95
200 15 95
200 40 93
200 168 115
200 28 104
200 222 87
201 33 153
201 35 186
201 12 117
201 332 92
201 27 59
201 381 136
202 40 72
202 178 86
202 29 209
202 30 90
202 157 104
203 314 76
203 482 114
203 406 163
204 224 102
204 39 137
204 401 97
204 465 65
204 25 84
204 286 69
205 2 95
205 3 76
205 202 122
205 278 144
205 28 105
205 29 83
206 364 172
206 261 78
206 12 107
206 213 211
206 455 108
209 480 67
209 194 75
209 3 67
209 422 87
209 7 117
209 206 151
209 17 83
210 25 112
210 218 165
210 354 68
210 17 112
211 8 161
211 209 72
211 141 97
211 15 68
212 8 146
212 30 63
212 13 63
212 342 65
213 17 72
213 266 161
213 141 87
213 191 65
214 133 87
214 104 87
214 239 65
214 15 178
214 147 153
214 155 193
214 29 150
216 11 83
216 41 65
216 355 137
216 326 176
217 353 77
217 37 95
217 7 87
217 15 218
217 475 82
217 188 161
218 307 156
218 3 115
218 6 97
218 111 101
219 35 109
219 363 146
219 13 170
219 15 65
220 258 126
220 6 107
220 8 87
220 2 114
220 29 97
220 351 99
221 40 203
221 27 127
221 30 154
222 133 109
222 233 81
222 170 134
222 16 80
222 17 110
222 21 114
223 264 188
223 138 119
223 6 97
223 502 79
225 224 126
225 2 89
225 259 112
225 13 135
225 334 168
225 17 186
225 18 141
225 23 174
226 4 142
226 454 153
226 6 92
226 7 89
226 23 119
226 383 114
228 133 99
228 198 116
228 13 124
228 310 87
228 506 124
228 154 84
229 419 89
229 469 160
229 158 126
229 213 65
231 384 160
231 1 213
231 37 97
231 39 112
231 241 72
231 5 112
233 1 67
233 41 97
233 12 63
233 13 215
233 365 140
233 337 151
233 332 136
233 31 109
234 354 70
234 139 99
234 4 117
234 42 77
235 128 99
235 386 165
235 4 87
235 294 169
235 38 108
235 520 79
235 9 67
235 43 132
235 17 120
235 420 89
235 25 70
235 29 183
235 37 92
236 324 102
236 231 167
236 43 102
236 15 160
236 279 101
236 511 89
237 2 165
237 31 66
237 28 160
237 22 75
237 383 89
239 384 160
239 0 97
239 35 99
239 38 112
239 7 69
239 11 149
239 24 120
239 249 101
239 378 99
239 30 144
240 428 81
240 42 158
240 212 155
241 8 102
241 2 114
242 3 100
242 485 69
242 334 112
242 17 95
242 23 110
242 24 70
242 26 68
242 443 81
242 5 123
243 41 183
243 20 167
243 4 92
243 6 127
243 1 188
246 152 140
246 36 165
246 42 72
246 401 101
246 498 135
246 505 134
246 216 74
246 452 122
246 26 68
246 10 85
247 21 134
247 7 190
249 133 94
249 417 83
249 35 94
249 453 132
249 454 158
249 1 102
249 18 126
249 440 126
249 26 68
249 28 74
249 31 66
250 0 107
250 1 67
250 41 107
250 12 153
250 13 145
250 403 207
251 176 74
251 24 120
251 482 114
251 4 97
251 2 109
252 193 67
252 2 94
252 5 97
252 41 117
252 18 107
252 243 166
252 220 162
252 30 65
253 32 101
253 322 228
253 451 107
253 8 82
253 117 101
253 125 76
253 351 70
254 35 139
254 351 84
254 167 197
255 417 128
255 20 164
255 30 129
256 0 77
256 36 75
256 9 113
256 524 79
256 19 116
256 157 129
257 16 65
257 249 157
257 18 87
257 158 146
257 15 99
258 409 109
258 22 90
258 212 99
258 13 85
258 6 103
259 514 145
259 38 174
259 40 93
259 12 159
259 367 207
259 114 67
259 351 95
260 2 75
260 35 110
260 4 164
260 473 120
260 27 69
260 383 124
261 184 201
261 19 92
261 499 156
261 36 91
261 239 97
262 33 87
262 419 110
262 10 91
262 110 116
262 3 86
262 20 80
262 310 132
262 343 101
263 3 75
263 516 146
263 329 111
263 14 139
263 21 119
263 41 123
263 25 134
263 30 110
264 19 135
264 334 154
264 7 130
265 504 119
265 369 106
265 483 90
265 96 85
265 39 103
266 35 75
266 41 133
266 43 199
266 13 75
266 144 75
266 182 156
266 23 85
266 24 96
268 16 116
268 404 89
268 28 137
268 20 127
269 36 93
269 39 124
269 40 105
269 493 77
269 272 123
269 20 195
269 26 130
269 31 77
270 33 85
270 4 105
270 391 128
270 21 152
270 30 146
270 31 122
271 16 87
271 12 148
271 2 77
271 19 101
271 196 85
272 144 173
272 231 89
272 14 107
272 176 121
272 29 181
272 31 122
273 32 89
273 332 100
273 501 97
273 5 109
274 33 120
274 22 63
274 4 120
274 277 136
274 20 137
276 41 75
276 206 139
276 175 122
276 117 84
276 24 159
276 31 82
277 353 132
277 428 108
277 15 147
278 128 170
278 1 103
278 33 93
278 525 105
278 22 119
278 315 132
279 37 119
279 488 85
279 234 137
279 332 92
279 312 174
279 376 112
279 28 99
281 480 65
281 229 82
281 10 134
281 11 91
281 13 166
281 24 145
282 13 110
284 224 147
284 133 166
284 13 151
284 305 103
284 18 83
284 26 93
285 8 164
285 233 148
285 34 99
285 10 136
285 21 126
286 482 104
286 36 91
286 2 135
286 175 135
286 308 154
286 212 154
286 92 85
289 480 146
289 417 88
289 168 89
290 41 112
290 466 156
290 149 120
291 0 148
291 192 83
291 310 96
291 32 107
291 17 81
291 406 198
291 25 105
294 97 120
294 3 86
294 4 117
294 5 93
294 6 108
294 24 89
295 224 77
295 148 95
295 206 106
295 511 155
297 200 149
297 25 99
297 515 176
297 436 87
297 214 136
299 34 139
299 5 93
299 6 158
299 425 85
299 177 94
299 105 85
299 23 125
299 169 85
300 34 129
300 7 89
300 392 91
300 41 118
300 11 125
300 302 116
300 210 146
300 31 115
302 425 100
302 271 95
302 324 83
302 25 171
303 97 191
303 35 156
303 37 87
303 38 98
303 426 105
303 332 136
303 302 91
303 21 182
304 1 143
304 5 98
304 490 196
304 278 114
304 23 207
304 22 120
305 32 87
305 33 133
305 105 95
305 396 86
305 144 206
305 279 194
305 443 188
305 28 90
305 30 85
306 1 73
306 99 105
306 39 118
306 11 61
306 18 73
306 27 79
307 0 73
307 162 96
307 163 96
307 37 107
307 38 73
307 42 93
307 242 76
307 178 186
307 20 77
307 281 111
307 219 152
308 449 128
308 34 114
308 434 173
308 33 63
309 1 107
309 5 117
309 253 163
310 3 121
310 234 87
310 11 116
310 270 75
310 15 124
310 16 76
311 31 105
311 12 134
311 7 85
312 294 165
312 37 83
312 38 118
312 43 93
312 13 100
312 338 101
312 19 132
313 2 130
313 7 121
313 40 117
313 427 84
313 22 116
313 508 120
314 9 154
314 37 159
315 35 65
315 270 148
315 483 140
315 19 135
315 276 124
315 311 164
316 33 112
316 138 85
316 395 132
316 397 143
316 29 88
316 22 105
316 285 106
319 28 86
319 22 80
319 332 123
319 517 141
319 38 104
322 33 108
322 40 59
322 13 85
322 14 71
322 18 137
322 308 69
324 0 89
324 403 73
324 13 61
326 8 69
326 42 79
326 43 83
326 486 116
329 216 70
329 8 113
329 10 142
329 12 159
329 15 75
331 32 123
331 33 83
331 239 68
331 375 97
332 32 152
332 8 118
332 19 81
332 20 72
332 21 61
332 22 100
332 407 122
332 149 85
333 154 135
333 378 80
333 350 166
334 34 95
334 243 87
334 204 88
334 483 100
336 352 61
336 1 123
336 5 74
336 400 64
336 24 57
336 25 161
336 156 120
337 33 93
337 357 61
337 38 134
337 42 78
337 500 176
337 214 61
337 426 121
338 178 115
338 21 65
338 270 79
338 343 167
339 299 97
339 113 126
339 42 92
339 11 124
339 369 142
339 20 129
340 6 92
340 42 87
340 445 71
340 16 155
340 373 111
340 25 134
340 29 173
341 93 139
341 174 139
341 158 116
342 96 149
342 9 143
342 37 163
342 142 84
342 23 134
343 33 122
343 2 140
343 523 165
343 38 98
343 7 124
343 43 142
343 114 186
343 23 136
344 3 104
344 516 79
344 358 75
344 294 102
344 14 65
344 432 71
344 243 72
344 116 126
345 2 99
345 13 70
345 305 121
345 18 87
345 19 109
345 116 111
345 216 185
346 24 61
346 443 126
346 406 121
347 504 129
347 29 67
348 0 110
348 3 87
348 42 121
348 147 112
348 315 85
348 346 164
348 27 155
348 30 97
348 415 126
349 160 89
349 17 83
349 27 192
349 470 152
349 23 194
350 250 114
350 23 142
350 37 75
350 7 87
351 409 101
351 7 67
352 35 77
352 457 175
352 522 92
352 203 129
352 407 66
352 312 94
353 249 65
353 492 112
353 38 111
353 30 87
354 35 127
354 164 79
354 39 85
354 42 125
354 15 68
354 25 63
354 95 122
355 0 130
355 38 125
355 9 231
355 268 77
355 16 148
355 21 154
355 188 130
355 30 163
357 0 146
357 9 131
357 42 85
357 371 109
358 485 179
358 134 73
359 141 108
360 8 91
360 9 101
360 306 124
360 26 101
360 37 96
362 6 100
362 38 91
362 7 184
362 397 75
362 21 195
362 312 114
362 156 133
362 30 169
363 8 91
363 1 91
363 90 148
363 247 75
363 312 145
364 250 146
364 420 83
364 191 119
365 8 80
365 10 69
365 42 70
365 39 101
366 6 106
366 4 110
366 13 137
366 358 195
366 343 136
367 24 165
367 41 116
367 218 90
367 397 140
367 37 71
368 42 117
368 519 174
368 7 139
369 120 81
369 249 142
369 2 160
369 442 127
369 178 89
370 2 99
370 516 94
370 5 142
370 425 104
370 426 89
370 435 141
370 138 79
371 41 147
371 11 84
371 105 109
371 13 119
371 233 157
372 264 183
372 12 138
372 38 153
372 302 87
372 279 233
373 426 175
373 358 120
373 518 99
373 7 94
374 40 72
374 414 138
374 15 94
375 4 132
375 200 96
375 393 146
375 10 75
375 172 84
375 264 87
375 41 188
375 25 124
376 172 139
376 36 135
376 22 99
377 0 102
377 216 89
377 18 87
377 29 67
378 18 85
378 23 103
378 36 98
378 22 73
378 343 139
379 33 105
379 2 132
379 3 188
379 196 75
379 150 172
379 42 160
379 15 87
379 22 127
381 386 112
381 483 102
381 455 85
381 295 81
381 9 115
381 471 133
381 23 93
381 511 107
382 1 75
382 35 112
382 10 127
382 15 158
382 435 155
382 155 122
383 17 98
383 36 138
384 6 105
384 7 107
384 8 75
384 20 155
384 92 142
384 349 87
386 2 72
386 104 127
386 11 134
386 12 75
386 243 170
386 218 84
386 28 107
386 446 129
387 0 95
387 256 165
387 36 184
387 357 117
387 40 130
387 16 77
387 252 124
389 170 124
389 302 87
389 93 154
389 262 168
389 167 101
390 200 121
390 22 99
390 39 107
391 225 72
391 194 106
391 28 79
391 306 67
391 30 194
392 465 129
392 5 87
392 39 112
393 1 97
393 16 70
393 210 114
393 21 85
393 407 136
393 27 103
394 33 122
394 2 89
394 39 67
394 41 102
394 234 136
394 88 79
394 505 134
394 282 183
394 30 114
395 24 211
395 490 109
395 27 87
395 333 193
395 31 89
396 19 71
396 140 94
396 30 70
397 257 82
397 7 89
397 31 124
399 417 138
399 36 75
399 289 149
399 9 107
399 489 195
399 312 107
399 93 124
399 446 202
400 450 107
400 14 159
400 15 65
400 369 91
400 308 198
400 270 89
400 23 131
400 250 117
401 224 162
401 3 129
401 6 107
401 8 82
401 138 134
401 460 69
401 432 126
401 17 75
403 96 174
403 193 126
403 11 176
403 43 238
404 480 139
404 36 95
404 31 124
406 41 97
406 226 121
406 4 147
406 12 63
406 516 165
407 35 84
407 36 160
407 11 149
407 177 79
407 18 121
407 158 176
408 224 83
408 239 184
408 344 83
408 219 103
408 92 111
408 350 146
409 33 185
409 5 89
409 40 129
409 396 88
409 397 138
409 340 169
409 24 91
412 16 202
412 10 77
412 277 145
412 29 114
413 25 101
413 205 69
413 478 136
414 0 89
414 33 94
414 3 202
414 234 113
414 205 79
414 13 101
414 498 71
414 27 110
414 156 202
415 32 83
415 9 89
415 139 86
415 252 98
415 187 212
416 153 101
416 4 165
416 525 126
417 0 99
417 194 89
417 43 79
417 5 129
417 38 140
419 2 204
419 259 140
419 4 116
419 37 111
419 11 84
419 17 79
419 178 114
420 0 91
420 19 195
420 422 103
420 22 84
420 5 81
421 0 131
421 352 199
421 109 115
421 15 83
421 17 99
421 443 105
421 28 168
421 31 129
422 131 194
422 21 145
422 95 83
425 223 120
425 12 91
425 454 141
425 270 184
425 39 101
426 416 107
426 98 73
426 452 142
426 40 91
426 10 185
426 241 95
426 214 174
426 24 139
427 35 108
427 234 191
427 351 63
427 15 108
428 0 92
428 33 107
428 3 104
428 396 111
428 407 156
430 3 180
430 6 122
430 10 85
430 13 119
430 305 131
430 403 91
431 34 69
431 4 153
431 8 67
431 255 91
431 368 96
431 23 134
431 27 73
431 447 121
432 449 82
432 35 74
432 37 173
432 492 140
432 527 79
432 18 101
432 378 104
432 381 69
433 152 99
433 18 121
433 4 102
433 438 76
433 15 114
434 34 149
434 42 112
434 466 79
434 24 85
434 379 119
434 202 153
434 190 173
435 522 139
435 43 67
435 366 129
435 399 176
435 415 103
435 27 209
435 30 134
435 191 156
436 11 94
436 18 121
436 19 104
436 286 73
437 0 112
437 10 139
437 12 106
437 247 197
437 25 99
437 28 89
437 383 134
438 24 100
438 41 87
438 284 126
438 308 87
440 32 91
440 291 98
440 6 172
440 15 79
440 24 99
440 22 130
440 184 104
441 8 112
441 329 86
441 18 121
441 17 109
441 370 101
441 415 154
442 16 89
442 113 157
442 37 147
442 22 85
442 397 91
443 10 174
443 27 112
443 29 122
443 38 97
444 37 122
444 39 112
445 198 87
445 39 107
445 8 142
445 170 145
445 264 151
445 340 81
445 24 100
446 432 116
446 41 132
446 18 87
446 5 67
446 257 111
447 504 109
447 33 123
447 459 94
447 373 91
449 32 183
449 33 78
449 2 120
449 40 153
449 306 102
449 27 160
449 31 75
450 441 148
450 26 63
450 28 121
450 31 120
451 35 110
451 36 96
451 40 98
451 41 83
451 170 165
451 15 170
451 216 99
451 25 85
451 27 103
451 30 105
452 5 99
453 20 138
453 29 83
454 481 75
454 498 105
454 99 105
454 101 155
454 31 76
455 2 191
455 35 85
455 421 150
455 7 70
455 43 83
455 268 85
457 1 123
457 9 83
457 404 132
457 26 123
457 27 108
457 412 99
458 2 78
458 3 134
458 36 59
458 427 159
458 12 80
458 205 76
458 177 63
458 498 98
459 417 178
459 259 172
459 8 66
459 146 144
459 188 80
459 413 178
460 24 170
460 4 61
460 30 68
460 262 182
461 5 97
461 7 78
461 10 79
461 460 73
461 469 83
461 25 83
465 0 81
465 513 118
465 43 71
465 18 132
465 340 171
465 119 76
466 8 131
466 25 83
466 5 66
467 34 83
467 42 187
467 466 123
467 19 155
467 151 189
467 25 148
469 513 138
469 7 158
469 42 145
469 525 112
469 20 69
469 342 134
469 24 73
470 98 152
470 36 174
470 509 77
471 16 158
471 33 176
471 21 194
473 37 160
473 422 198
473 12 109
473 239 79
473 21 83
473 38 110
474 224 89
474 354 102
474 36 138
474 390 180
474 2 97
474 176 87
474 403 84
475 304 99
475 9 95
475 4 70
475 8 110
475 16 97
476 8 155
476 434 139
476 179 178
476 36 184
476 18 149
477 0 75
477 445 89
478 34 97
478 12 156
478 432 99
478 209 136
478 466 97
478 474 137
480 43 125
480 493 87
480 294 137
480 39 75
481 417 111
481 420 137
481 453 100
481 297 71
481 43 145
481 366 137
481 19 117
481 26 95
482 192 191
482 159 84
482 29 115
482 93 107
483 41 95
483 10 73
483 438 205
483 175 107
485 96 127
485 19 152
485 28 133
485 422 157
485 95 168
486 9 65
486 235 69
486 108 89
486 465 72
487 40 115
487 33 171
487 99 102
487 14 153
488 16 77
488 260 144
488 41 110
488 42 95
488 110 79
488 527 97
488 272 178
488 19 132
488 25 132
488 4 90
488 223 164
489 265 75
489 39 156
489 348 102
489 41 221
489 25 122
490 4 201
490 11 184
490 461 67
490 333 100
490 16 92
490 23 122
490 255 79
491 33 85
491 2 127
491 39 105
491 41 110
491 7 112
491 210 238
492 16 87
492 506 122
492 355 213
492 14 198
493 8 181
493 265 84
493 12 95
493 281 106
493 220 129
493 383 188
494 16 98
494 38 156
494 488 92
494 10 83
494 11 63
494 176 102
494 17 103
494 144 138
494 25 102
494 189 100
494 158 99
495 1 85
495 290 104
495 37 100
495 41 65
496 120 99
496 104 233
496 10 73
496 29 85
496 263 166
498 16 77
498 12 161
498 374 89
499 35 77
499 7 153
499 264 144
499 42 131
499 108 180
499 40 85
500 32 89
500 17 102
500 34 122
500 38 86
500 16 77
501 9 146
501 2 67
501 27 106
501 492 173
501 20 82
502 4 120
502 517 67
502 41 156
502 22 97
502 408 116
502 26 171
502 285 99
503 33 95
503 37 146
503 40 110
503 425 72
503 14 132
503 212 151
503 30 82
504 512 162
504 1 85
504 10 184
504 179 133
505 0 85
505 5 75
505 326 171
505 8 100
505 277 97
505 26 146
506 33 105
506 26 120
508 35 117
508 26 120
508 419 97
508 314 109
508 219 114
509 386 67
509 197 120
509 9 130
509 43 155
509 302 75
509 150 102
511 33 75
511 4 85
511 9 85
511 363 184
511 16 97
511 148 87
512 397 84
512 178 168
512 29 85
512 38 101
512 15 133
513 9 161
513 379 102
513 117 79
513 311 129
514 107 97
514 148 132
514 395 109
514 4 85
514 5 85
515 449 100
515 9 206
515 266 65
515 13 102
515 21 83
515 88 77
515 27 81
515 286 91
516 480 143
516 40 75
516 457 105
516 42 105
516 11 122
516 26 120
516 10 127
517 1 170
517 391 79
517 221 94
517 308 95
517 413 111
517 351 157
518 32 140
518 3 193
518 7 77
518 39 85
518 272 122
518 178 93
518 247 139
518 120 134
518 381 168
519 92 168
519 282 101
519 251 105
519 492 122
519 33 150
520 440 139
520 34 107
521 24 98
521 17 102
521 42 75
521 191 100
521 175 137
522 2 77
522 290 127
522 15 77
522 24 199
522 377 104
522 29 80
522 30 163
523 32 89
523 243 124
524 34 87
524 12 75
524 466 107
524 212 67
524 21 107
524 23 118
524 409 91
525 498 132
525 12 119
525 226 160
525 22 117
527 481 193
527 194 120
527 4 95
527 386 152
527 16 97
527 23 83
527 408 86
527 153 203
527 28 97
