88 199 82
89 320 91
89 8 80
89 425 96
89 171 135
89 15 95
89 304 77
89 401 84
89 178 82
93 37 79
93 42 78
93 16 75
93 209 86
93 23 99
93 28 86
94 6 80
97 9 84
97 35 89
97 22 95
97 286 87
98 20 85
98 30 127
99 28 93
99 22 96
100 8 133
100 433 145
100 332 83
100 7 80
101 0 119
101 33 61
101 418 139
101 12 87
101 493 84
101 206 137
101 19 131
101 315 151
102 39 90
102 43 88
102 14 92
102 472 92
102 366 99
102 312 91
103 130 96
103 99 119
103 5 129
103 14 89
104 33 74
104 195 78
104 42 85
104 108 137
104 23 82
104 316 79
106 2 90
106 523 127
106 5 73
108 41 82
108 2 84
108 4 137
108 10 83
108 278 100
109 36 129
109 5 137
109 38 131
109 20 87
109 21 147
109 24 73
109 126 86
110 32 145
110 415 141
111 209 81
111 2 88
111 357 80
111 297 81
112 11 79
112 12 77
112 285 83
112 446 75
113 0 141
113 339 131
113 19 86
113 110 76
114 0 84
114 15 85
114 35 75
114 479 102
115 2 87
115 3 98
115 100 139
115 7 83
115 497 80
115 504 88
116 25 141
116 211 91
116 4 76
116 5 82
116 17 137
117 33 86
117 327 82
117 225 145
117 19 89
117 244 93
117 27 82
118 322 84
118 4 96
118 133 147
118 39 76
118 8 127
118 10 83
118 12 86
118 373 87
118 26 88
118 330 80
118 29 99
119 33 145
119 322 77
119 99 83
119 1 72
119 40 73
119 300 80
119 42 85
119 12 86
119 2 98
119 339 89
119 25 98
119 26 80
121 35 79
121 38 87
121 170 89
121 211 88
121 247 77
121 479 74
124 1 82
124 11 93
124 13 90
124 109 104
124 17 88
124 21 129
124 22 89
124 184 143
124 31 94
125 465 94
125 34 92
125 205 99
125 25 83
126 416 98
126 1 127
126 5 75
126 33 67
126 276 81
126 252 87
127 130 129
127 12 86
127 197 103
127 478 120
127 7 73
128 100 103
128 218 101
128 516 75
129 1 67
129 26 77
129 99 73
129 229 94
129 37 88
130 4 87
130 6 88
130 7 80
130 19 81
130 374 91
130 154 82
131 354 86
131 458 90
131 14 131
131 526 133
131 217 145
131 187 149
132 1 143
132 341 96
132 9 139
132 141 85
132 405 129
132 248 87
132 31 75
133 41 88
133 332 143
133 36 82
133 415 77
136 0 79
136 42 129
136 31 74
136 285 133
136 527 91
137 153 86
137 388 79
137 1 129
137 285 69
137 129 85
138 32 82
138 3 80
138 6 88
138 22 86
138 28 77
138 30 82
138 223 81
139 4 79
139 39 74
139 491 123
139 370 137
139 88 94
139 27 80
139 509 76
140 352 72
140 454 84
140 270 89
140 376 83
140 28 82
140 221 69
141 0 87
141 2 72
141 38 89
141 6 137
141 194 129
141 15 85
141 20 86
141 21 131
141 22 82
141 287 79
142 0 83
142 32 87
142 36 78
142 199 98
142 302 129
142 22 81
142 503 86
143 43 129
143 507 75
143 12 74
143 197 79
144 11 127
144 490 76
144 331 151
144 10 91
145 136 76
145 481 86
145 178 145
145 29 87
145 39 129
146 33 133
146 290 93
146 22 90
146 23 141
146 27 75
146 30 82
147 369 85
147 370 92
147 37 129
149 281 83
149 10 80
149 117 93
149 214 75
150 440 87
152 16 77
152 24 76
152 514 71
152 35 85
152 13 81
153 32 84
153 43 139
153 394 84
153 195 88
153 7 82
154 512 131
154 33 94
154 35 131
154 41 75
154 118 87
154 29 80
154 31 141
155 34 85
155 263 87
155 15 83
155 19 77
155 184 90
155 25 71
156 224 135
156 19 89
156 20 87
156 309 133
156 24 83
156 415 71
157 504 81
157 140 90
157 22 71
157 14 92
158 24 85
158 252 81
158 188 95
158 13 151
158 38 91
159 0 86
159 41 131
159 42 99
159 12 82
159 517 89
160 130 88
160 195 85
160 9 90
160 11 83
160 13 80
160 31 78
161 0 82
161 4 135
161 357 89
161 6 89
161 40 90
161 393 100
161 426 137
161 459 170
161 112 95
161 24 78
161 25 84
161 29 75
161 350 73
162 145 74
162 490 77
164 5 83
164 9 76
164 13 88
164 15 87
164 405 147
164 233 85
165 1 75
165 3 93
165 5 76
165 39 90
165 7 77
165 21 88
165 374 83
165 441 90
165 159 90
166 33 80
166 4 82
166 40 77
166 42 85
166 311 94
166 13 133
166 111 89
166 145 82
166 242 99
166 150 87
166 23 83
167 260 85
167 325 145
167 40 72
167 10 79
167 15 97
167 21 82
167 503 88
167 89 91
167 31 76
168 344 82
168 42 87
168 43 70
170 1 67
170 199 94
170 12 80
170 333 87
170 20 82
170 218 77
171 205 83
171 357 91
171 494 90
171 391 87
172 248 81
172 24 89
172 34 67
172 301 78
173 0 73
173 26 85
173 226 151
173 189 92
174 386 75
174 29 94
174 453 74
174 207 83
175 3 81
175 38 75
175 326 133
175 525 131
175 145 87
175 184 127
175 350 77
175 447 84
176 217 81
176 19 71
177 249 129
177 36 81
177 14 74
177 39 85
178 188 87
178 309 84
179 32 82
179 40 80
179 10 100
179 172 76
179 470 131
179 217 80
179 42 66
179 478 149
180 0 129
180 129 131
180 32 88
180 33 84
180 17 131
180 14 143
180 431 89
180 465 86
180 124 143
181 2 82
181 517 127
181 294 69
181 9 131
181 234 92
181 429 77
182 17 81
182 42 78
182 27 90
182 229 79
183 494 80
183 287 84
183 5 78
183 22 86
183 15 75
184 8 129
184 186 81
184 503 86
186 42 84
186 251 79
186 36 81
186 6 77
187 16 99
187 482 80
187 516 78
187 38 75
187 7 89
188 203 96
188 36 88
188 38 76
188 363 91
188 22 83
188 26 76
189 24 94
189 35 98
189 20 88
189 30 84
189 31 79
192 2 88
192 37 123
192 39 76
192 10 77
192 493 125
192 478 143
193 0 145
193 33 96
193 38 86
193 15 129
193 374 135
193 158 86
194 281 79
194 188 141
194 237 85
194 23 88
195 144 141
195 28 88
196 40 75
196 17 97
196 430 135
196 14 89
196 15 84
197 22 78
197 4 71
197 5 85
197 206 96
197 157 88
198 99 88
198 36 88
198 37 75
198 10 133
198 21 88
198 89 73
198 27 137
198 350 79
199 41 86
199 12 156
199 310 145
199 504 88
199 345 87
199 223 89
200 0 77
200 353 97
200 38 73
200 10 98
200 305 85
200 280 80
201 441 87
201 11 129
201 4 77
201 13 87
202 6 86
202 488 80
202 490 78
202 206 84
202 17 133
202 18 71
202 254 85
203 192 90
203 360 139
203 0 78
204 41 86
204 442 76
204 307 96
204 21 137
205 0 82
205 417 91
205 34 137
205 5 119
205 38 137
205 527 74
205 29 85
206 320 90
206 34 78
206 3 83
206 7 97
206 8 85
206 2 78
206 497 87
206 157 97
207 455 141
207 16 95
207 19 88
207 383 84
207 252 139
207 31 88
208 228 96
208 143 137
208 20 81
208 7 85
209 2 80
209 325 96
209 298 95
209 16 96
209 370 101
209 42 83
210 18 84
210 349 86
210 430 97
211 337 88
211 156 75
211 12 88
211 237 91
211 39 91
212 2 141
212 39 84
212 40 92
212 41 77
212 211 71
212 22 145
212 27 85
212 30 103
214 100 90
214 19 100
214 180 84
214 23 90
217 425 100
217 299 100
217 13 90
217 229 101
217 23 81
218 133 78
218 34 92
218 5 75
218 112 135
218 250 79
218 410 83
218 31 88
219 3 96
219 517 82
219 6 85
219 14 84
219 527 73
219 21 86
219 30 88
219 117 94
220 320 135
220 2 83
220 3 93
220 38 99
220 387 78
220 254 90
221 94 78
222 335 84
222 43 91
222 31 133
223 0 81
223 345 91
223 26 135
223 4 95
223 34 83
224 32 84
224 3 97
224 28 137
224 29 85
224 438 81
225 97 90
225 38 90
225 6 80
225 40 92
225 523 79
225 29 82
226 34 86
226 39 92
226 42 131
226 12 93
226 16 82
226 434 153
226 27 89
227 17 92
227 34 84
227 7 83
228 128 77
228 39 85
228 172 87
228 401 84
228 20 101
228 281 83
228 29 139
229 0 72
229 195 86
229 7 80
229 8 76
229 369 89
229 150 82
229 26 83
229 30 113
232 2 74
232 3 87
232 10 79
232 14 129
232 250 81
232 28 137
232 26 80
232 350 69
233 33 83
233 2 82
233 3 88
233 388 73
233 38 83
233 422 94
233 391 153
233 31 88
234 33 71
234 227 82
234 36 135
234 102 84
234 38 83
234 11 102
234 332 90
234 334 75
234 30 75
235 137 83
235 16 91
235 504 77
235 18 71
235 21 133
235 376 135
235 29 100
237 3 129
237 34 88
237 35 78
237 131 147
238 35 84
238 324 131
238 8 87
238 36 125
238 28 129
238 30 91
239 482 74
239 491 133
239 457 82
239 43 92
239 15 94
239 147 74
240 34 84
240 356 79
240 5 96
240 167 85
240 39 76
240 341 131
240 23 77
240 132 74
240 4 83
240 351 84
241 33 96
241 171 73
241 453 76
241 43 92
241 26 149
241 28 79
241 29 81
241 37 86
242 7 87
242 234 89
242 395 71
242 13 84
242 19 88
242 372 81
242 426 92
243 32 96
243 28 98
243 174 78
243 6 99
244 2 92
244 36 70
244 37 145
244 7 87
244 41 82
244 24 93
244 22 101
244 344 86
245 35 94
245 298 149
245 181 83
245 278 100
245 119 72
245 28 84
246 428 81
246 26 87
246 3 88
246 12 80
247 352 77
247 3 98
247 486 98
247 42 82
247 21 133
247 440 89
247 186 85
247 28 92
248 313 145
248 14 84
248 318 81
249 3 97
250 19 86
250 402 90
250 3 98
250 356 143
251 131 82
251 484 74
251 5 81
251 43 145
251 13 93
251 89 139
251 378 74
251 37 86
252 2 84
252 3 87
252 36 65
252 22 133
252 27 135
252 29 81
253 385 89
253 451 75
253 333 96
253 14 82
254 37 149
254 136 74
254 10 77
254 17 94
254 280 90
254 26 82
256 465 125
256 371 100
256 189 131
256 199 96
256 15 94
257 476 87
257 362 81
257 140 86
257 31 147
260 183 129
262 34 93
262 3 88
262 5 131
262 40 80
262 9 131
262 11 84
262 35 74
262 436 86
262 20 88
263 128 88
263 1 95
263 7 83
263 20 98
263 21 79
263 503 94
263 26 99
264 32 81
264 41 90
264 21 88
264 7 92
265 326 90
265 39 82
265 8 139
265 9 75
265 10 125
265 15 91
265 121 75
265 27 81
265 29 77
269 392 92
269 10 100
269 211 135
269 277 85
269 470 79
269 508 100
270 344 102
270 104 86
270 28 100
270 39 84
273 196 79
273 6 79
273 40 85
273 366 76
273 20 90
273 310 102
273 121 137
274 256 82
274 13 131
274 38 83
274 39 145
275 202 87
275 15 86
276 40 129
276 116 83
276 22 149
276 263 83
277 312 82
277 132 100
277 491 139
277 28 100
278 256 82
278 2 78
278 4 78
278 9 92
278 403 76
278 260 90
279 34 135
279 5 75
279 454 71
279 7 77
279 234 79
279 2 147
279 19 73
279 22 137
279 381 77
279 31 129
280 0 72
280 353 78
280 2 98
280 28 85
280 421 75
281 32 81
281 193 94
281 11 83
281 16 147
281 250 151
281 447 84
281 31 77
282 24 137
282 28 143
282 11 133
282 516 84
282 460 143
283 114 135
283 21 84
283 311 100
284 128 77
284 260 81
284 454 86
284 7 83
284 143 79
284 473 143
285 35 83
285 26 89
285 27 82
285 141 92
285 423 70
286 233 86
286 335 93
287 455 71
287 136 84
287 9 96
287 40 91
287 19 88
287 315 80
287 381 147
289 32 89
289 483 87
289 36 89
289 42 82
289 435 94
289 19 77
290 32 67
290 37 82
290 9 85
290 368 87
290 403 82
290 276 88
290 149 84
290 30 78
291 0 76
291 3 137
291 38 72
291 39 81
291 42 76
291 368 145
293 296 86
293 28 88
293 23 133
294 115 95
294 29 82
294 38 95
296 417 88
296 228 153
296 325 139
296 289 89
296 41 145
296 193 80
296 13 80
296 208 101
296 312 84
296 155 133
297 184 143
297 38 86
298 9 90
298 210 86
298 309 89
298 25 84
299 196 127
299 37 86
299 109 81
299 29 131
299 495 147
299 445 89
299 30 129
300 33 67
300 357 84
300 10 133
300 15 95
300 16 84
300 306 76
300 19 137
300 23 73
300 31 65
301 2 129
301 36 83
301 37 81
301 41 131
301 239 94
301 16 143
301 497 84
301 23 92
301 154 133
302 32 96
302 226 85
302 39 77
302 183 83
302 18 67
302 375 84
303 8 83
303 0 71
303 34 129
303 19 139
303 37 80
304 176 77
304 9 75
304 314 91
304 155 73
304 27 86
305 136 88
305 4 90
305 13 129
305 38 80
305 373 76
306 8 135
306 38 75
306 22 78
307 0 89
307 41 95
307 12 81
307 13 69
307 527 83
307 29 82
307 282 97
307 27 81
307 189 84
309 0 82
309 4 86
309 166 86
309 6 80
309 11 129
309 14 88
309 144 151
309 238 75
309 473 88
310 0 86
310 33 77
310 357 78
310 42 75
310 12 81
310 16 99
310 18 81
310 23 85
311 40 135
311 25 77
311 309 85
311 438 79
311 13 78
312 23 79
312 37 123
312 29 83
313 40 89
313 409 143
313 13 65
313 14 75
313 5 78
314 25 88
314 435 96
314 350 82
314 333 160
314 246 95
315 423 70
316 88 147
316 4 82
316 263 86
317 177 79
317 13 79
317 37 82
318 40 82
318 9 149
318 19 84
318 29 145
319 121 141
320 389 76
320 371 89
320 18 79
320 179 74
320 23 84
320 184 98
320 293 145
322 2 94
322 4 80
322 458 77
322 501 84
322 217 97
322 508 87
322 29 81
322 30 80
324 32 77
325 386 77
325 108 139
325 38 89
325 503 78
326 33 77
326 10 83
326 477 84
326 30 90
327 37 77
327 7 79
327 8 83
327 395 82
327 18 85
327 147 137
328 33 139
328 40 85
328 15 133
328 16 88
328 24 79
328 275 102
328 440 75
329 35 88
329 340 89
329 358 94
329 15 87
330 25 92
330 26 91
330 10 69
330 5 96
331 226 93
331 36 74
331 199 93
331 40 92
331 25 84
331 30 141
332 391 81
332 15 129
332 176 133
332 369 100
332 23 98
332 248 71
333 32 85
333 9 141
333 202 84
333 373 90
333 39 83
334 130 84
334 12 72
334 205 94
334 30 129
335 516 87
335 423 77
335 10 83
335 152 84
335 411 73
335 42 125
335 31 83
336 1 95
336 387 88
336 6 75
336 15 139
336 113 97
336 186 81
336 29 85
337 385 168
337 36 73
337 37 82
337 173 88
337 270 137
337 13 84
337 23 82
339 33 90
339 38 71
339 40 95
339 394 94
339 139 82
339 206 75
339 31 147
340 4 76
340 6 86
340 13 129
340 142 79
340 212 91
340 24 92
340 154 81
341 208 77
341 11 77
344 293 79
344 38 141
344 209 88
344 43 96
344 401 103
344 319 99
345 339 89
345 181 98
345 42 135
345 403 95
345 115 91
345 277 77
345 31 89
349 33 66
349 5 73
349 172 100
349 269 85
349 15 71
349 19 127
349 28 149
351 32 81
351 411 93
351 7 76
351 8 84
351 202 87
351 12 69
351 270 94
351 401 82
351 27 70
352 4 133
352 2 141
352 36 86
352 277 135
352 25 80
353 12 73
353 460 89
353 14 93
353 39 87
354 19 141
354 241 147
354 218 78
354 143 91
354 433 129
355 281 73
355 402 74
355 477 82
355 221 88
355 41 143
356 34 91
356 4 139
356 6 135
356 7 79
356 304 83
356 19 85
356 21 75
357 36 78
357 429 87
357 30 87
357 39 93
358 3 96
358 200 93
358 380 67
358 369 77
358 350 67
358 40 133
358 28 86
358 30 75
360 32 101
360 452 73
360 5 84
360 40 143
360 234 139
360 43 81
360 15 72
360 309 87
360 501 75
361 3 92
361 327 94
361 393 78
361 21 85
361 246 97
361 186 77
362 1 75
362 35 79
362 36 68
362 33 125
362 18 82
362 26 70
362 219 84
362 250 94
363 115 79
363 164 139
363 366 86
363 415 100
365 201 73
365 42 79
365 19 131
365 12 94
365 31 75
366 322 83
366 4 147
366 6 74
366 328 84
366 19 77
366 24 99
366 345 84
366 26 75
368 417 92
368 356 75
368 40 87
368 42 83
368 332 75
368 111 90
368 147 87
368 212 133
369 34 88
369 388 87
369 18 89
369 422 73
369 279 100
370 3 96
370 452 91
370 38 82
371 448 85
371 200 88
371 395 145
372 23 139
372 4 86
372 13 78
372 31 143
373 1 127
373 389 105
373 9 86
373 330 85
373 428 94
373 13 133
373 400 137
373 370 94
373 21 147
374 481 88
374 228 145
374 15 133
374 180 89
374 23 83
374 24 78
374 25 79
375 7 83
375 300 135
375 14 82
375 207 75
375 18 88
375 24 83
375 25 78
375 28 83
375 127 83
376 3 88
376 6 77
376 521 84
376 11 94
376 300 79
376 188 100
376 253 93
376 127 95
377 35 73
377 29 80
378 5 79
378 232 74
378 526 67
378 40 78
378 23 91
378 28 86
378 29 139
379 32 96
379 161 92
379 14 80
379 37 88
379 174 72
380 204 79
380 340 147
380 20 72
380 326 95
380 7 86
381 400 88
381 35 135
381 260 87
381 5 137
381 11 79
381 397 88
381 174 86
381 16 88
381 372 84
381 4 143
382 1 94
382 42 137
382 31 72
382 159 82
383 32 137
383 1 84
383 27 69
383 12 88
385 0 129
385 1 74
385 131 145
385 9 74
385 11 75
385 27 75
385 317 83
385 30 72
386 393 69
386 501 84
387 39 89
387 397 81
387 18 94
387 23 71
387 24 89
387 284 89
387 253 69
387 446 82
388 0 71
388 33 141
388 35 79
388 166 76
388 7 79
388 17 91
389 33 81
389 137 87
389 10 77
389 11 154
389 508 143
389 189 89
390 1 85
390 2 92
390 35 87
390 326 83
390 265 84
390 10 143
390 26 87
390 94 92
391 11 133
391 14 91
392 388 95
392 101 147
392 38 139
392 14 154
392 17 98
392 499 141
393 24 143
393 33 68
393 352 87
393 207 86
394 24 84
394 25 85
394 157 83
395 392 100
395 194 85
395 117 86
397 464 82
397 10 87
397 499 69
397 244 174
399 32 71
399 41 86
399 13 137
399 373 99
399 283 84
399 181 97
400 1 131
400 179 79
400 10 82
400 241 75
400 19 81
400 20 83
400 29 141
401 2 88
401 203 84
401 421 88
402 101 94
402 9 75
402 15 77
402 18 96
402 340 80
402 28 83
402 508 91
403 418 88
403 427 97
403 11 92
403 12 94
403 214 81
403 29 90
405 12 92
405 399 145
405 17 98
405 150 88
405 152 97
405 26 86
406 0 83
406 43 87
406 341 79
409 448 143
409 128 79
409 195 84
409 106 89
409 14 95
409 402 97
409 24 75
409 25 76
410 24 135
410 449 89
410 225 82
410 1 89
410 33 69
411 416 84
411 152 80
411 6 133
415 9 94
415 19 94
415 4 92
416 449 143
416 18 141
416 118 84
417 35 72
417 7 89
417 40 147
417 104 85
417 18 73
417 275 100
417 309 87
417 223 133
418 8 70
418 129 86
421 334 86
422 32 79
422 239 77
422 212 90
422 103 141
423 33 147
423 34 106
423 101 131
423 423 68
423 8 80
423 11 92
423 428 84
423 142 86
423 30 127
425 41 133
425 26 83
425 3 137
425 35 99
426 16 71
426 206 84
426 446 92
426 22 100
427 366 85
427 470 76
427 349 68
428 184 70
428 3 87
428 21 91
428 459 92
428 39 90
429 2 98
429 40 79
429 393 76
429 524 85
429 15 82
429 248 139
429 312 81
429 473 79
429 27 141
430 455 87
431 0 75
431 262 76
431 7 79
431 41 85
431 139 84
431 466 91
431 265 85
433 4 141
433 7 97
433 42 131
433 14 84
433 17 83
433 24 82
433 26 137
434 40 79
434 17 143
434 10 77
434 431 84
435 34 69
435 427 91
435 4 141
435 38 84
435 264 82
435 299 84
435 12 135
435 24 84
435 89 77
436 1 139
436 330 90
437 184 81
437 4 86
437 395 85
437 20 69
437 30 129
438 504 79
438 40 123
438 18 81
438 4 81
438 39 81
440 9 127
440 11 84
440 333 84
440 38 82
441 98 94
441 457 137
441 10 141
441 14 139
441 29 87
441 433 83
441 370 95
441 212 88
441 334 95
441 522 83
442 262 84
442 39 149
442 8 95
442 113 83
442 341 139
442 26 129
443 33 135
443 252 82
443 12 99
445 385 75
445 484 93
445 43 75
445 13 82
445 145 79
445 154 92
445 28 91
446 34 98
446 227 127
446 4 82
446 262 97
446 38 76
446 7 83
446 27 82
446 29 131
446 222 80
447 8 82
447 344 86
447 7 78
447 21 96
447 31 89
448 1 88
448 99 125
448 7 139
448 362 91
448 26 82
448 250 86
449 449 141
449 2 89
449 357 81
449 33 71
449 10 75
449 13 93
449 23 78
449 29 93
451 27 87
451 4 83
451 37 75
451 6 88
451 7 70
451 11 94
451 314 96
451 187 87
451 102 65
452 33 127
452 422 84
452 427 73
452 13 74
452 301 145
452 22 93
453 16 80
453 449 88
453 202 86
453 152 74
454 97 73
454 265 86
454 13 90
454 303 86
454 16 70
454 433 86
454 18 90
455 0 139
455 3 95
455 8 78
455 524 75
455 14 70
455 27 81
456 224 93
456 1 71
456 226 137
456 168 69
456 10 76
456 21 129
456 30 70
457 4 95
457 8 127
457 42 71
457 440 100
457 311 77
457 24 80
457 27 77
457 28 74
458 41 80
458 10 87
458 31 81
458 465 92
459 10 131
459 143 86
460 33 125
460 10 89
460 3 91
460 34 75
463 103 95
463 42 73
463 11 131
463 12 137
463 247 78
463 29 143
464 353 87
464 14 135
464 35 76
464 397 75
464 382 77
465 32 121
465 168 95
465 42 125
465 43 89
465 429 129
466 20 131
466 36 82
470 400 88
470 208 80
470 29 137
470 374 87
471 328 74
471 25 82
471 2 81
471 147 135
472 1 85
472 34 76
472 355 77
472 452 65
472 43 84
472 333 141
472 15 82
472 370 101
472 89 96
473 33 93
473 298 151
473 27 129
474 34 75
474 227 137
474 293 73
474 39 84
474 2 81
474 18 78
474 25 67
474 315 77
476 137 77
476 434 74
476 13 76
476 207 88
477 451 125
477 20 75
477 7 91
478 33 129
478 322 78
478 6 90
478 12 137
478 493 131
478 14 141
478 28 92
479 281 94
479 474 77
479 43 129
479 334 77
479 447 73
481 32 84
481 25 77
481 427 96
481 22 71
481 9 73
482 40 93
482 33 94
482 27 94
482 28 71
482 25 90
483 43 93
483 457 121
483 11 123
483 492 139
483 14 86
483 329 129
483 25 87
483 28 90
484 1 74
484 391 133
484 40 95
484 41 80
484 427 76
484 18 81
484 22 86
484 89 90
486 256 78
486 36 63
486 5 84
486 6 77
488 32 93
488 141 90
488 370 83
488 20 71
488 312 73
488 124 77
489 40 78
489 233 82
489 394 85
489 26 78
489 31 76
490 6 77
490 426 127
490 270 89
490 180 81
490 405 80
490 310 137
491 8 84
492 40 94
492 18 75
492 410 89
493 35 72
493 38 89
493 15 82
493 19 80
493 472 86
493 26 75
494 130 86
494 227 82
494 233 137
494 208 81
494 371 88
494 29 133
494 318 143
495 373 82
495 14 149
497 1 91
497 354 81
497 36 78
497 8 101
497 12 105
497 34 91
497 495 127
497 378 82
497 30 127
499 34 78
499 36 95
499 6 84
499 38 94
499 13 80
499 406 127
499 189 88
499 287 78
500 1 81
500 37 125
500 38 139
500 30 78
500 447 88
501 458 93
501 7 97
501 34 135
501 15 76
502 25 76
502 335 77
502 37 133
502 446 137
502 241 84
503 160 139
503 1 69
503 35 87
503 11 96
503 13 78
503 340 88
503 21 141
504 9 83
504 331 84
504 25 81
504 302 75
504 33 66
507 3 78
507 395 101
507 332 88
507 284 143
507 221 79
507 31 83
508 153 86
508 2 75
508 21 82
509 5 85
509 172 86
509 13 139
509 318 84
509 30 82
509 382 96
509 133 76
511 34 80
511 5 129
511 43 97
511 174 87
511 20 123
511 470 81
511 312 79
512 8 70
512 36 131
512 6 88
514 392 78
514 137 96
514 383 139
514 6 79
514 39 89
515 192 88
515 0 137
515 3 72
515 36 73
515 37 79
515 41 79
515 43 88
515 502 76
515 137 92
515 154 90
515 459 131
516 38 83
516 270 93
516 119 83
516 249 129
516 443 95
516 30 82
517 368 91
517 33 143
517 249 84
519 160 84
519 224 143
519 488 75
519 233 135
519 399 93
519 18 75
519 29 84
521 0 133
521 2 86
521 324 92
521 388 83
521 109 97
521 153 83
521 28 153
521 30 86
522 3 137
522 36 145
522 168 86
522 108 93
522 14 79
522 15 86
522 35 91
523 40 117
523 9 133
523 238 83
523 20 96
523 25 145
523 251 80
524 257 90
524 483 86
524 36 80
524 329 73
524 17 81
524 114 98
524 121 139
524 26 87
525 18 137
525 38 76
526 144 131
526 1 78
526 402 74
526 3 141
526 12 77
527 35 76
527 168 141
527 16 80
527 405 143
527 153 81
527 445 90
527 94 127
