535 38 285
821 68 246
539 527 240
633 39 218
634 39 234
834 538 230
822 546 259
536 61 225
634 38 227
521 833 240
838 38 222
635 831 224
757 38 242
835 69 204
548 61 242
751 61 219
532 791 232
178 531 202
510 535 211
579 39 246
532 737 261
517 538 190
821 6 205
535 4 195
539 59 234
821 574 213
822 6 229
174 39 198
535 5 208
824 513 227
823 517 202
823 733 227
519 822 176
575 531 173
531 798 178
532 730 193
811 530 183
737 530 192
538 43 213
530 501 167
412 537 167
530 416 172
502 535 181
506 531 232
795 39 191
535 34 221
184 521 166
539 54 175
181 529 170
466 39 195
172 833 204
413 39 219
189 38 179
821 811 198
536 28 188
528 35 244
522 191 172
821 736 192
823 35 172
575 637 207
828 65 172
829 62 167
471 68 206
823 36 151
821 426 176
633 187 211
196 38 196
399 537 201
230 531 251
829 32 170
828 28 180
824 27 185
175 544 234
539 24 168
532 158 212
324 533 172
530 24 202
530 60 182
431 68 237
172 837 196
531 23 227
520 566 206
558 823 206
521 44 176
322 39 155
637 5 186
521 43 211
537 66 245
717 532 261
532 1 270
464 831 221
602 39 180
436 539 165
526 685 214
296 68 174
357 537 159
476 38 159
693 38 188
696 38 184
522 54 198
200 40 183
562 637 153
765 38 178
438 39 208
631 575 202
618 39 183
533 237 153
833 5 187
839 5 163
460 38 217
524 45 257
530 26 176
179 759 167
798 637 196
827 781 206
826 52 207
755 811 211
617 39 181
633 280 206
635 467 185
390 39 181
609 68 160
531 22 165
237 39 181
823 31 170
222 827 190
549 815 211
626 541 204
472 49 165
233 39 190
268 520 179
356 823 159
822 345 174
288 49 195
536 677 169
631 454 244
759 27 229
671 531 178
265 829 139
835 490 153
538 23 153
346 68 192
827 396 177
318 39 172
530 17 162
689 838 137
147 39 152
528 380 167
834 626 187
530 0 166
679 39 192
526 15 191
698 832 181
792 69 166
390 68 191
764 69 156
681 833 186
717 535 191
483 69 217
734 69 190
837 274 216
535 64 150
776 39 156
190 40 166
831 421 175
831 27 155
728 39 170
835 14 200
252 39 170
838 59 184
457 524 159
245 827 189
827 336 179
750 567 180
156 827 144
801 824 184
528 14 168
824 676 159
636 485 183
827 335 168
520 46 143
828 52 148
741 636 153
821 1 137
438 524 153
597 38 173
521 650 188
756 284 192
827 10 152
521 224 167
359 526 147
636 24 197
503 750 147
347 522 171
348 522 162
553 40 231
794 61 182
151 68 186
783 68 206
307 49 186
564 61 181
823 10 161
755 59 171
258 38 226
543 416 176
465 751 206
547 765 181
418 61 146
280 49 165
716 68 151
524 345 171
524 365 145
529 8 171
211 68 160
544 15 196
547 65 155
267 521 145
325 49 185
469 61 165
529 29 154
292 833 159
392 38 144
756 46 228
741 834 144
521 371 168
637 223 153
759 615 218
835 34 167
804 521 173
226 631 152
835 595 192
376 520 192
402 759 218
521 142 146
831 155 232
675 527 166
282 69 132
601 838 182
432 49 151
631 231 192
166 526 166
374 38 166
759 393 216
313 520 186
403 544 211
521 781 151
223 61 205
229 61 196
837 18 160
830 646 201
261 49 130
161 38 145
759 295 146
599 69 135
312 69 235
831 1 180
528 19 164
832 612 164
543 294 139
541 554 149
744 758 134
528 217 174
280 759 169
750 285 169
390 49 154
342 40 163
527 720 199
336 38 148
555 40 168
756 270 188
528 11 143
716 38 153
324 757 123
481 61 148
225 835 173
546 283 163
304 61 158
831 401 152
363 834 192
233 834 177
631 23 152
521 58 136
631 720 186
721 636 181
548 15 136
831 22 151
715 636 176
184 175 236
644 49 171
758 45 161
161 61 236
389 40 175
637 658 120
548 18 145
250 637 145
648 49 205
633 721 190
543 14 195
165 838 164
777 61 179
755 350 149
173 4 210
514 4 209
723 49 119
785 40 174
328 40 169
548 46 134
430 759 144
634 11 154
548 19 194
202 6 148
548 31 154
837 23 132
587 204 213
750 47 182
546 267 157
831 66 137
206 563 197
399 546 132
646 69 137
543 232 151
407 549 152
644 69 127
231 61 131
170 208 161
209 502 191
415 202 180
200 410 236
563 6 180
717 69 150
549 9 155
755 30 134
750 669 159
145 756 159
544 375 159
759 334 134
514 6 144
519 6 138
751 161 118
668 541 154
511 579 188
174 183 147
516 189 123
706 546 157
755 257 157
188 42 202
547 30 187
318 548 177
464 187 227
518 170 127
759 658 146
175 513 122
751 2 141
584 192 206
172 819 191
541 23 146
184 37 131
651 61 160
656 61 131
154 40 120
549 56 146
543 19 131
717 61 140
720 547 170
174 65 225
541 1 164
759 63 129
517 191 135
722 40 124
541 11 119
191 42 219
175 3 158
190 37 123
191 190 128
569 204 157
421 3 243
730 208 127
501 201 117
195 195 182
577 189 136
554 182 206
412 6 135
170 579 145
185 795 140
580 517 115
569 514 134
205 32 144
737 187 119
693 187 115
184 768 119
187 464 158
178 509 108
179 760 123
195 583 122
189 42 153
581 3 168
517 501 177
791 477 193
795 412 197
506 4 132
734 43 153
479 517 122
589 59 202
188 36 117
519 762 152
174 813 152
289 518 213
189 602 187
582 33 183
790 35 191
185 48 132
794 37 137
189 14 201
475 479 202
684 479 211
815 4 126
175 420 142
407 205 181
182 451 212
208 362 211
564 195 126
172 413 116
588 5 121
791 37 111
512 325 211
196 738 146
814 37 156
475 4 131
187 54 156
629 4 141
429 4 111
188 18 166
509 3 131
819 3 111
192 626 150
517 67 135
199 42 141
731 3 156
626 37 135
208 398 196
501 37 141
462 199 105
685 37 130
680 62 226
604 171 200
208 8 166
814 27 160
202 551 165
174 32 129
690 33 215
507 33 174
738 37 165
195 462 159
179 13 210
264 6 209
517 13 225
682 5 108
601 196 184
306 5 189
287 204 133
199 453 233
574 584 113
201 34 153
198 18 187
229 510 168
513 359 177
576 791 127
297 181 112
585 793 161
574 794 172
288 6 151
201 603 116
389 189 126
690 577 146
761 584 141
574 43 116
556 43 201
587 505 131
690 570 106
570 736 141
501 558 156
328 6 115
571 415 121
589 693 126
205 16 170
171 8 145
410 586 171
519 559 145
580 283 175
206 785 165
562 410 135
573 465 110
711 200 170
798 43 150
761 386 190
376 188 150
496 813 150
424 578 114
579 62 120
182 279 99
298 175 129
326 581 160
574 67 144
282 187 119
514 41 104
738 43 104
570 67 159
485 175 134
481 42 164
737 509 124
738 736 124
471 731 129
181 609 144
464 498 128
204 619 134
467 296 194
557 59 164
501 509 133
620 766 114
495 43 159
171 743 138
228 209 119
797 694 178
683 506 103
474 44 144
491 464 113
768 35 133
552 33 194
558 54 168
208 347 118
738 42 149
508 680 123
584 48 124
427 793 93
689 798 148
199 483 148
462 43 103
577 59 148
505 420 98
418 765 123
623 627 148
427 44 133
170 34 123
479 813 133
563 54 108
466 626 98
325 764 153
587 32 113
576 33 133
190 291 132
495 33 108
191 448 162
188 13 138
491 48 112
506 65 148
191 41 127
767 54 112
288 190 107
307 65 228
485 33 147
646 511 168
292 5 112
811 48 127
732 36 132
609 517 112
173 24 122
282 65 197
793 14 187
187 728 147
300 37 137
469 35 111
736 35 157
612 6 112
300 3 136
764 48 122
691 27 112
730 65 116
693 65 157
286 37 156
174 453 102
731 48 91
683 48 96
790 32 132
325 35 166
768 36 121
466 62 107
795 27 131
684 33 126
198 34 111
415 62 176
469 27 151
731 28 145
620 32 105
192 15 106
465 33 116
604 4 115
206 449 125
629 55 131
690 18 191
170 45 120
476 28 111
685 32 125
207 9 120
323 55 191
591 3 120
471 18 176
150 198 155
794 46 191
311 3 165
280 5 130
208 25 110
256 510 180
171 1 181
348 587 200
421 14 181
198 60 110
684 13 180
577 556 115
557 570 120
497 31 165
185 58 165
284 5 114
551 583 110
627 32 134
509 28 140
178 616 119
519 619 115
376 205 135
426 32 109
512 31 100
432 4 119
557 566 144
467 32 144
186 29 124
363 186 134
226 4 144
587 294 114
192 45 114
208 678 128
618 474 169
356 4 123
347 766 193
589 21 164
150 201 138
385 578 103
407 44 174
473 354 148
476 402 184
557 738 127
309 585 117
552 44 112
222 65 173
563 41 127
731 29 177
299 768 107
589 284 92
394 507 148
407 4 152
264 419 147
354 423 187
563 12 172
225 3 142
554 42 152
405 35 152
480 296 142
209 648 142
576 286 122
743 588 107
204 331 152
589 15 102
198 57 171
553 423 137
170 29 121
296 43 97
143 6 132
206 23 151
291 503 96
183 371 107
191 263 117
261 196 126
567 9 187
357 3 132
512 20 111
371 184 122
487 732 126
681 8 126
507 387 121
507 383 116
796 298 116
256 208 122
513 47 116
506 295 121
263 3 111
192 261 126
192 269 121
278 573 151
762 296 171
223 37 141
488 44 96
204 10 121
552 42 111
385 732 96
495 483 161
795 743 151
487 42 126
189 805 140
557 62 86
559 62 125
474 389 121
418 26 165
790 9 181
812 41 130
595 578 106
187 148 115
201 656 140
404 3 116
182 30 106
814 744 120
619 5 150
812 283 130
445 4 141
514 9 150
706 571 146
175 379 90
477 445 145
228 5 106
293 65 105
184 677 105
787 576 176
578 321 125
300 43 105
306 41 160
421 294 115
150 188 95
444 42 150
567 310 195
744 43 120
481 423 120
185 23 140
473 305 105
683 484 115
399 33 175
790 34 114
480 324 160
462 12 190
584 451 105
765 15 124
201 11 119
270 497 115
764 320 104
577 18 130
209 58 139
482 62 150
444 423 160
733 15 94
815 321 105
682 374 194
326 816 139
797 609 104
570 18 149
290 48 114
508 34 109
393 32 200
743 44 114
280 35 104
743 693 119
485 48 89
292 16 199
798 154 175
288 509 114
399 5 114
309 62 134
295 28 108
684 24 129
270 684 104
488 33 118
701 510 119
732 30 133
278 495 109
316 813 159
741 416 99
277 696 118
503 15 143
628 594 129
507 592 129
587 46 113
729 577 179
142 4 108
818 156 179
310 4 103
475 591 149
469 270 138
737 701 158
495 18 103
649 43 179
670 733 188
597 476 83
583 46 108
370 198 123
157 732 173
733 24 118
322 503 98
503 14 113
604 475 113
760 593 113
816 279 113
308 59 128
506 24 123
311 175 98
465 669 173
183 2 103
465 804 163
326 420 93
509 60 108
475 605 93
797 16 148
293 32 113
495 60 138
507 14 133
501 16 92
161 467 148
580 45 123
300 27 107
153 42 158
741 65 98
595 509 122
507 454 102
453 737 93
306 48 127
603 42 93
277 35 112
479 333 173
629 60 122
285 65 157
581 615 113
242 42 183
307 16 193
329 59 107
513 713 112
173 17 112
479 23 157
320 599 133
808 37 137
651 761 183
590 34 192
277 67 102
465 24 132
571 353 87
732 18 147
728 516 102
815 648 172
495 0 183
461 60 127
775 4 137
321 59 82
454 287 162
706 37 97
215 170 112
258 796 122
328 55 137
510 53 112
597 62 112
311 37 92
818 17 167
569 229 127
770 628 176
798 10 171
592 67 82
574 361 102
244 196 126
248 190 117
765 53 171
495 610 112
149 37 97
569 350 137
410 60 96
173 56 101
327 62 107
329 62 157
590 36 122
584 619 121
819 0 157
511 56 127
781 37 106
337 3 121
325 16 142
173 650 141
419 13 111
563 64 147
571 11 151
161 37 121
474 17 141
143 59 157
734 431 101
584 269 106
691 214 166
574 29 101
594 27 136
791 619 106
711 628 197
265 585 121
462 646 161
812 13 106
274 67 136
818 19 157
171 2 91
513 654 136
183 51 106
192 149 141
476 1 157
583 357 106
794 355 111
305 46 131
551 29 171
679 48 171
510 56 120
364 796 111
464 46 135
654 37 101
199 710 105
451 36 101
170 727 146
618 814 115
336 190 130
583 47 126
457 48 95
430 790 141
508 616 105
172 50 81
776 67 145
303 31 181
469 46 105
617 42 130
570 269 155
415 2 146
198 214 85
225 416 130
211 35 145
223 498 95
569 51 156
811 432 120
817 434 140
812 353 90
616 689 90
475 223 126
432 35 110
147 5 100
291 29 160
436 44 120
510 58 90
512 58 105
579 26 99
488 556 105
400 41 165
338 32 170
216 3 100
464 610 110
347 44 90
403 418 114
571 447 85
681 357 134
346 42 119
423 45 130
435 62 99
305 340 145
569 396 129
229 65 114
793 8 109
610 15 154
401 681 115
407 415 99
267 43 99
346 743 199
295 380 99
813 396 99
439 62 109
474 11 170
447 567 109
234 733 129
471 7 139
226 324 180
229 62 114
196 53 119
765 47 109
344 429 129
175 7 129
694 47 104
615 36 94
551 286 119
175 11 118
431 59 89
234 41 213
558 9 154
393 690 123
235 44 124
345 469 108
489 299 94
490 22 78
474 231 109
345 34 148
299 447 184
619 55 88
469 231 113
362 42 93
235 42 78
320 554 118
691 20 103
444 295 178
819 20 123
462 29 143
256 5 98
195 11 119
299 282 133
559 15 98
230 461 133
267 65 123
325 264 193
469 234 123
691 21 98
765 8 93
359 59 122
365 67 88
404 36 87
355 55 77
229 14 193
347 54 98
819 8 127
226 67 93
554 590 107
345 428 127
431 33 143
476 21 108
340 48 97
585 661 122
475 234 128
588 804 122
485 280 97
681 20 88
358 27 118
232 65 122
718 5 162
263 590 177
230 34 168
443 817 108
744 21 132
472 448 142
738 25 97
612 54 117
698 25 102
311 585 112
315 582 112
572 145 112
571 142 107
329 8 137
685 25 117
689 12 97
151 578 87
734 20 117
784 556 147
785 559 172
412 25 107
611 13 178
738 9 122
268 33 86
269 27 77
244 557 177
743 12 202
583 164 81
232 27 127
401 32 121
359 27 106
424 26 97
626 25 141
495 317 116
784 562 106
260 36 101
808 760 106
168 563 146
237 14 157
376 696 111
318 497 121
497 314 91
585 643 81
294 323 101
585 782 106
445 629 151
363 45 211
581 243 115
323 41 121
165 698 96
147 291 176
465 376 130
496 155 86
330 499 140
567 23 90
709 798 86
551 60 121
582 647 75
394 54 101
165 43 105
585 337 116
584 17 100
289 373 165
365 28 110
647 790 96
231 32 121
573 52 96
646 764 101
371 816 126
685 805 125
585 66 105
781 482 175
569 677 106
383 157 150
371 466 110
375 44 105
331 299 176
310 815 105
288 15 116
690 671 90
479 667 85
648 761 90
313 473 125
781 44 120
804 415 120
242 43 130
285 34 106
162 42 140
563 780 105
473 30 115
486 455 96
585 1 85
576 19 105
628 30 105
329 34 110
497 643 104
626 242 130
570 653 114
359 228 184
581 2 99
242 412 120
586 52 139
700 685 114
365 227 129
572 19 120
143 418 110
339 501 114
791 242 149
339 44 100
166 469 130
487 18 109
734 30 124
743 674 130
383 18 94
375 67 99
741 324 109
651 795 120
689 23 119
743 34 114
650 761 109
503 30 119
308 60 99
285 14 104
328 663 164
219 581 124
571 215 124
146 35 109
466 140 119
373 27 94
760 717 114
379 35 124
485 13 84
498 217 94
571 0 114
270 24 149
682 30 109
795 0 99
648 43 159
225 555 104
563 19 89
651 509 99
295 46 94
507 648 114
627 166 109
556 46 129
313 65 74
438 47 169
594 24 103
370 48 128
644 423 83
150 35 104
164 67 118
781 426 119
721 564 108
705 65 113
706 65 93
436 8 144
315 67 114
765 56 88
794 778 99
685 780 99
738 52 83
665 67 93
253 484 158
216 385 189
653 730 83
791 53 94
733 66 119
420 243 139
792 56 84
476 249 119
410 66 108
732 716 104
764 257 113
387 56 154
760 0 109
320 24 123
327 24 113
732 53 93
479 725 118
648 36 123
617 552 123
710 693 118
393 402 138
722 44 108
257 817 93
674 590 178
675 597 188
148 67 103
245 59 103
420 23 98
736 219 83
744 14 113
299 46 143
665 48 108
465 66 103
731 56 103
304 45 119
145 59 103
653 813 103
742 66 158
691 53 148
713 685 93
285 52 148
502 19 98
153 59 83
257 691 108
330 62 87
336 62 83
733 2 117
736 2 138
497 64 127
334 465 133
770 428 92
503 10 138
795 252 132
796 0 98
691 650 107
295 354 93
479 1 117
627 777 108
770 65 102
557 356 102
663 36 122
418 1 73
629 1 102
308 18 88
558 399 72
727 305 138
698 19 127
479 654 92
304 10 168
316 32 87
491 19 122
493 19 137
593 23 153
762 1 147
487 346 137
629 10 128
315 59 112
782 62 88
339 55 127
660 54 87
421 66 108
798 50 117
667 27 122
335 602 182
816 50 127
363 295 102
258 736 122
719 420 97
455 679 152
373 28 107
476 656 92
332 27 117
507 716 107
149 55 112
307 45 137
472 17 122
602 166 132
725 35 102
300 2 122
761 58 87
775 36 117
778 36 92
315 18 147
485 611 122
267 481 112
251 467 102
256 464 116
706 33 132
715 67 76
243 36 132
776 48 76
675 28 92
592 14 96
454 14 122
157 33 111
268 298 117
718 59 126
250 321 182
781 54 111
690 64 122
501 64 81
460 654 97
455 166 181
390 481 91
263 20 161
420 2 76
466 2 136
592 45 87
300 402 76
559 26 92
656 65 146
286 229 81
682 64 91
683 58 111
684 58 136
712 420 136
659 27 81
232 293 116
495 51 91
601 13 91
627 58 116
439 323 91
461 64 111
279 10 181
681 11 101
797 51 106
342 387 86
344 9 127
212 35 131
609 46 91
290 26 91
685 11 100
392 292 115
495 58 106
696 51 86
215 54 115
600 1 170
712 32 111
715 32 110
373 402 166
228 282 130
659 54 86
215 67 85
296 47 85
415 51 125
722 28 100
725 28 110
616 594 96
620 63 100
219 32 115
323 64 185
153 436 155
285 29 125
229 15 120
361 15 95
710 28 125
771 32 85
306 29 90
233 25 135
473 51 115
609 45 85
356 741 130
741 359 105
403 34 115
482 20 120
294 25 135
487 22 80
451 31 110
322 611 120
309 47 90
286 29 94
222 676 144
660 403 170
284 361 94
644 225 169
304 8 80
348 310 139
365 312 135
321 233 124
392 15 145
234 24 99
142 368 155
329 47 84
426 51 104
270 29 104
554 803 84
224 23 134
358 457 104
327 364 154
283 22 89
386 25 109
235 324 114
322 235 69
233 34 114
670 553 74
602 261 74
344 60 124
364 60 114
365 60 103
363 277 119
590 396 88
299 669 84
147 555 103
600 7 139
594 29 78
439 17 129
599 8 103
328 26 98
709 399 168
741 12 69
430 0 178
296 668 94
296 669 108
267 330 139
149 232 148
784 29 144
228 45 88
166 389 73
231 707 183
554 164 123
340 45 88
328 47 108
398 14 88
222 253 179
164 20 123
243 47 158
277 26 112
148 553 103
656 558 87
346 710 178
446 323 77
703 292 123
212 357 157
297 23 107
745 371 112
718 552 132
484 145 87
800 41 67
603 21 122
483 679 77
557 52 97
488 700 132
407 56 152
307 808 87
399 60 127
363 434 87
404 31 122
557 53 97
674 41 97
664 25 152
361 13 106
365 615 132
290 158 106
168 741 107
394 45 111
784 446 136
599 26 131
554 53 122
270 376 111
603 12 117
156 41 66
556 1 87
308 317 86
660 302 87
227 356 86
484 707 106
333 12 171
294 66 86
483 646 86
362 224 66
743 242 96
334 41 111
400 46 106
403 357 71
232 1 171
595 446 96
354 64 166
398 19 177
265 610 91
713 292 121
434 29 95
385 336 106
599 25 120
398 31 86
396 654 170
664 24 111
742 23 90
552 713 115
288 808 115
619 63 121
162 283 115
404 401 111
400 343 115
601 446 96
149 24 110
783 34 71
279 667 75
228 63 156
700 15 85
728 20 146
616 234 111
591 310 80
709 277 90
787 15 76
326 142 85
480 770 100
377 14 100
665 312 156
274 318 120
347 7 131
361 7 175
646 24 75
335 24 85
338 24 90
446 45 130
807 677 141
489 66 130
156 669 140
643 274 110
667 16 110
438 29 149
720 41 84
145 15 129
356 51 145
407 29 119
594 157 95
300 711 99
653 282 120
226 20 104
306 53 120
745 66 99
287 66 85
617 233 119
615 20 115
725 385 89
665 454 75
647 60 109
296 64 99
654 41 119
676 152 159
145 601 94
672 701 130
641 159 164
292 58 94
308 776 94
305 0 75
646 705 164
480 50 94
485 50 114
602 151 109
151 16 84
278 23 119
374 13 104
780 34 119
675 457 114
329 66 99
447 220 114
447 31 109
379 45 129
649 60 95
270 148 114
148 335 104
287 258 84
164 605 104
553 51 74
285 775 129
729 15 84
300 66 104
304 778 79
604 23 104
335 152 124
619 444 74
279 783 104
430 21 114
287 1 119
245 60 99
335 34 99
668 13 94
668 18 128
553 7 114
161 60 113
255 376 124
656 284 113
284 2 99
342 26 73
403 20 109
150 23 158
234 51 134
320 1 98
219 15 104
711 594 93
401 47 78
722 326 118
324 728 89
385 7 93
486 58 109
214 308 78
605 701 88
804 45 113
291 63 108
305 56 138
279 719 74
280 2 98
338 23 174
358 447 78
488 63 78
350 12 78
484 7 78
151 18 103
279 722 118
265 20 93
670 649 129
159 45 108
806 216 139
677 785 168
787 643 169
720 599 98
277 0 108
329 771 93
331 605 113
304 50 98
612 377 98
725 314 133
725 317 164
642 66 128
650 453 93
661 10 162
226 379 73
671 45 127
403 22 103
323 658 72
658 14 88
279 2 132
314 56 138
430 30 107
665 615 108
279 19 92
668 436 98
809 31 97
616 9 132
244 46 82
142 53 188
318 31 117
800 2 163
783 252 152
671 213 163
284 11 102
710 14 103
322 0 97
258 16 97
439 143 117
255 24 132
387 57 112
446 29 72
677 10 182
327 10 122
238 12 102
150 777 152
147 13 102
431 140 92
159 13 112
616 153 97
434 675 97
435 672 62
602 19 82
592 53 97
454 53 101
451 53 87
660 342 96
220 30 112
784 659 121
615 148 117
804 357 81
653 66 112
677 615 106
590 10 147
231 9 76
322 7 92
143 222 91
592 19 121
375 63 161
457 19 107
353 670 96
773 56 177
158 46 111
166 58 147
337 617 116
409 677 81
711 45 81
659 0 152
654 53 116
332 229 116
140 353 61
140 357 111
617 310 121
150 430 111
370 47 96
148 31 131
719 256 150
251 45 106
344 156 85
453 64 96
717 211 165
231 669 116
362 336 85
599 7 61
601 11 80
249 409 76
158 265 95
350 669 126
152 58 160
162 344 136
335 435 90
396 660 81
659 31 80
399 801 101
214 1 170
806 51 136
210 18 90
365 330 76
713 611 95
777 46 90
436 56 110
619 52 95
716 31 90
318 404 100
700 63 135
212 13 75
312 235 95
394 142 80
597 7 110
784 390 105
679 343 130
168 26 100
678 8 104
154 232 105
654 50 169
806 393 100
677 47 99
353 333 100
647 47 84
158 47 125
611 1 114
453 51 90
615 19 79
663 21 95
650 345 119
401 643 70
226 0 99
361 785 115
707 269 99
661 26 115
669 20 59
240 47 60
616 651 89
617 2 94
158 263 124
260 156 94
772 394 79
357 1 64
358 1 104
223 10 79
235 166 114
317 233 109
401 56 94
318 20 59
227 52 99
712 265 89
316 47 134
446 661 89
154 29 144
258 407 104
717 11 133
809 9 94
775 235 78
773 51 109
152 22 98
723 228 74
801 21 83
808 21 119
659 398 98
398 52 124
143 8 123
667 20 123
237 17 93
356 651 114
711 392 98
774 264 108
716 29 103
334 448 113
778 20 98
140 21 73
448 166 83
720 8 63
611 57 88
399 0 134
435 63 143
785 25 83
650 20 78
676 9 58
154 9 82
787 9 58
611 11 67
431 63 92
216 8 82
718 22 78
660 665 107
230 778 77
358 11 87
448 647 97
166 318 127
778 12 77
711 232 87
710 20 92
651 8 97
357 58 67
229 63 102
658 12 122
390 50 97
354 7 77
646 665 77
311 313 77
256 235 117
231 0 97
782 661 77
316 661 77
347 63 62
775 22 72
153 9 121
213 444 77
251 447 111
446 715 86
168 148 91
447 23 112
168 670 66
168 249 87
142 674 101
251 12 102
148 700 126
670 30 67
449 214 111
362 51 86
721 25 111
231 7 86
165 30 106
674 675 56
664 30 91
675 157 87
679 706 86
678 332 106
317 23 76
255 26 91
377 727 126
674 242 101
707 165 75
374 712 75
379 710 85
375 0 96
800 643 135
168 152 96
158 165 105
642 668 91
641 334 65
447 56 95
449 250 105
804 332 115
659 808 70
314 52 95
643 706 80
677 679 105
806 23 85
712 667 75
151 649 105
333 164 95
806 721 75
649 244 120
153 719 109
706 723 75
651 154 84
252 805 90
774 332 89
804 10 90
240 17 59
214 30 75
219 30 99
645 715 90
332 719 74
240 66 100
640 214 119
371 64 79
315 53 84
713 242 89
158 720 74
784 720 89
243 722 69
648 0 90
153 771 114
157 771 104
783 772 94
721 668 109
723 335 64
245 213 79
447 51 93
718 23 74
336 0 108
721 315 124
333 66 93
371 7 79
677 1 93
332 651 73
649 1 103
771 215 98
151 1 68
807 58 63
164 58 73
243 53 138
216 648 72
654 778 108
640 57 97
140 50 93
250 782 62
678 64 93
710 727 77
667 63 98
215 718 77
780 58 68
701 57 82
709 57 63
210 17 87
213 17 88
712 216 72
646 57 78
313 11 87
720 770 107
338 64 107
649 58 83
210 255 82
706 11 118
252 253 82
253 0 98
210 1 72
772 50 67
787 11 82
339 7 92
214 651 97
219 2 87
776 57 91
152 63 107
339 11 81
243 63 96
715 1 126
710 720 111
727 53 91
729 50 91
653 58 106
648 58 91
334 7 100
651 11 126
728 57 65
252 57 81
656 51 85
713 63 70
257 51 84
713 58 84
211 58 64
