535 38 258
539 527 220
821 68 215
633 39 206
634 39 215
822 546 242
834 538 213
536 61 199
634 38 194
521 833 194
838 38 198
635 831 199
757 38 198
548 61 220
835 69 183
510 535 179
532 791 211
178 531 172
532 737 210
579 39 209
751 61 181
539 59 208
535 5 170
517 538 180
821 574 205
535 4 180
823 517 174
821 6 170
823 733 206
822 6 179
174 39 179
824 513 169
519 822 177
531 798 162
811 530 160
530 501 160
530 416 170
737 530 169
184 521 169
535 34 200
412 537 168
538 43 169
795 39 167
532 730 162
172 833 197
539 54 167
522 191 156
189 38 157
466 39 177
575 531 184
181 529 170
528 35 197
821 811 165
575 637 196
823 35 154
828 65 154
502 535 173
506 531 179
823 36 155
399 537 198
230 531 195
413 39 180
828 28 161
633 187 166
829 62 156
175 544 191
536 28 166
471 68 165
196 38 157
539 24 152
531 23 191
821 736 169
829 32 155
537 66 190
530 60 151
431 68 190
821 426 164
532 158 188
322 39 148
717 532 188
824 27 162
464 831 189
602 39 149
436 539 147
532 1 186
521 43 156
833 5 146
839 5 148
637 5 161
172 837 154
562 637 145
827 781 186
693 38 156
696 38 155
521 44 150
530 24 162
524 45 185
324 533 159
755 811 185
179 759 144
826 52 184
533 237 154
296 68 149
357 537 149
476 38 148
558 823 161
609 68 153
522 54 148
520 566 162
237 39 153
633 280 183
200 40 150
549 815 194
823 31 143
438 39 148
526 685 157
626 541 184
390 39 152
618 39 149
268 520 182
472 49 142
538 23 142
288 49 185
631 454 183
759 27 182
265 829 141
530 26 146
765 38 156
356 823 152
835 490 141
822 345 150
631 575 158
460 38 155
222 827 147
671 531 151
635 467 149
689 838 139
798 637 154
617 39 156
483 69 178
834 626 148
776 39 148
530 0 139
531 22 154
390 68 149
831 27 139
536 677 142
679 39 147
728 39 137
233 39 155
252 39 137
457 524 137
346 68 152
156 827 138
835 14 176
717 535 151
521 650 176
837 274 177
526 15 141
318 39 141
750 567 136
190 40 151
147 39 141
792 69 142
530 17 140
764 69 141
535 64 151
828 52 135
520 46 145
734 69 151
827 396 150
528 380 150
521 224 136
801 824 149
741 636 145
698 832 152
348 522 136
438 524 144
553 40 174
681 833 152
756 284 174
827 336 141
258 38 178
211 68 145
245 827 148
636 24 143
827 335 149
716 68 133
280 49 143
827 10 143
347 522 144
831 421 152
794 61 143
547 65 133
543 416 142
469 61 134
838 59 150
783 68 157
359 526 137
821 1 137
392 38 131
756 46 171
741 834 132
325 49 141
636 485 156
307 49 146
637 223 130
528 14 149
755 59 135
759 615 170
824 676 146
544 15 171
597 38 145
804 521 150
418 61 135
529 8 135
503 750 147
402 759 170
830 646 170
675 527 130
601 838 133
432 49 129
835 34 139
465 751 144
759 393 169
547 765 146
835 595 138
521 142 129
831 155 170
151 68 147
564 61 148
823 10 143
524 345 154
524 365 146
403 544 183
223 61 168
229 61 168
631 231 138
521 371 134
161 38 138
312 69 169
529 29 152
376 520 142
267 521 146
292 833 142
599 69 138
831 1 178
744 758 126
342 40 166
716 38 136
374 38 134
521 781 141
324 757 126
837 18 127
481 61 125
750 285 125
282 69 130
166 526 140
226 631 143
184 175 165
631 23 135
233 834 126
280 759 136
528 19 129
261 49 129
528 217 140
759 295 134
715 636 134
637 658 124
555 40 136
527 720 140
543 294 129
832 612 129
831 22 133
336 38 138
161 61 165
313 520 138
173 4 163
514 4 167
528 11 130
634 11 132
548 19 163
202 6 123
521 58 137
304 61 127
777 61 170
756 270 126
837 23 131
390 49 137
723 49 121
785 40 162
546 283 129
587 204 161
548 46 122
541 554 136
721 636 127
631 720 128
548 31 122
831 66 121
225 835 138
644 49 125
758 45 125
250 637 146
170 208 130
648 49 135
831 401 135
363 834 137
633 721 136
548 15 134
415 202 159
750 47 129
165 838 125
563 6 159
644 69 118
548 18 123
206 563 173
755 350 134
389 40 136
209 502 158
514 6 117
519 6 118
200 410 162
717 69 122
174 183 128
544 375 136
430 759 142
516 189 126
543 14 135
399 546 131
646 69 121
543 232 121
750 669 127
328 40 134
755 257 116
546 267 120
706 546 127
231 61 120
464 187 155
584 192 156
175 513 119
145 756 125
511 579 158
184 37 114
549 56 115
407 549 129
755 30 121
549 9 121
759 658 126
172 819 163
188 42 154
759 63 114
759 334 120
517 191 118
751 161 119
668 541 118
154 40 113
651 61 117
656 61 118
717 61 116
541 11 113
547 30 127
174 65 157
191 190 115
421 3 155
722 40 115
541 23 126
518 170 116
501 201 111
191 42 154
720 547 126
751 2 120
543 19 117
730 208 130
554 182 150
318 548 127
175 3 127
737 187 108
569 204 122
190 37 113
185 795 111
195 195 132
580 517 119
693 187 117
541 1 122
577 189 112
479 517 106
289 518 145
179 760 106
517 501 119
407 205 147
791 477 149
791 37 105
581 3 115
795 412 155
195 583 109
589 59 146
412 6 112
188 36 104
582 33 145
170 579 110
819 3 106
189 602 149
501 37 104
731 3 104
185 48 105
475 479 149
790 35 146
684 479 145
734 43 144
604 171 145
184 768 119
569 514 110
205 32 111
182 451 147
208 362 148
175 420 104
429 4 115
517 67 108
187 464 115
189 14 147
685 37 114
208 398 143
680 62 143
264 6 144
814 27 144
208 8 150
189 42 118
690 33 142
507 33 142
178 509 110
601 196 144
306 5 157
519 762 117
682 5 102
174 813 117
287 204 102
506 4 108
815 4 117
172 413 116
564 195 116
475 4 127
229 510 143
187 54 116
512 325 145
629 4 117
794 37 107
188 18 144
196 738 117
588 5 107
297 181 102
814 37 107
199 453 140
509 3 106
192 626 108
199 42 107
389 189 100
738 37 115
574 584 110
626 37 105
462 199 107
202 551 115
179 13 144
517 13 139
513 359 139
201 603 111
195 462 115
174 32 115
206 785 153
711 200 143
376 188 153
587 505 108
171 8 142
585 793 107
574 43 99
556 43 138
501 558 138
228 209 97
198 18 142
574 794 107
201 34 105
761 584 107
761 386 141
589 693 108
580 283 137
570 736 107
204 619 108
326 581 141
690 570 106
410 586 106
557 59 147
738 736 98
191 448 150
424 578 96
496 813 106
501 509 96
737 509 107
558 54 137
552 33 141
171 743 96
288 6 101
199 483 106
514 41 100
427 793 97
205 16 111
646 511 140
170 34 105
187 728 140
300 37 96
576 791 100
612 6 107
481 42 138
563 54 95
623 627 95
325 764 136
620 766 105
328 6 105
464 498 106
508 680 115
683 506 115
519 559 110
570 67 107
584 48 116
690 577 100
485 33 144
206 449 106
298 175 111
738 43 104
307 65 135
571 415 99
609 517 104
474 44 106
300 3 104
282 65 135
764 48 98
469 35 94
282 187 110
732 36 94
485 175 109
191 41 98
573 465 99
591 3 96
738 42 104
562 410 99
150 198 134
311 3 134
731 48 94
466 62 95
198 34 105
182 279 110
506 65 104
256 510 137
174 453 104
325 35 139
467 296 148
286 37 103
185 58 143
462 43 103
284 5 93
684 33 94
793 14 138
491 464 95
798 43 99
376 205 93
471 731 98
579 62 99
181 609 99
465 33 93
574 67 98
323 55 133
208 25 104
208 347 99
190 291 108
768 35 98
170 45 92
476 28 93
794 46 134
198 60 96
466 626 97
505 420 98
497 31 142
731 28 102
348 587 132
173 24 107
491 48 97
495 33 108
186 29 102
188 13 99
427 44 97
512 31 92
171 1 132
288 190 98
421 14 132
767 54 96
292 5 107
811 48 97
587 32 101
797 694 106
691 27 96
618 474 131
192 45 91
689 798 106
347 766 131
192 15 106
604 4 106
683 48 96
589 21 135
209 648 90
495 43 115
418 765 106
479 813 109
198 57 140
684 13 142
473 354 132
690 18 134
469 27 105
150 201 110
476 402 130
183 371 90
371 184 91
790 32 100
471 18 132
407 44 130
256 208 90
620 32 95
577 59 108
189 805 100
207 9 95
222 65 132
201 656 101
385 578 90
280 5 94
731 29 130
225 3 109
264 419 140
576 33 109
394 507 134
445 4 99
736 35 104
552 44 89
354 423 129
730 65 115
426 32 90
405 35 131
363 186 104
693 65 105
685 32 100
357 3 99
182 30 93
477 445 129
519 619 94
178 616 95
768 36 104
291 503 91
567 9 134
795 27 104
432 4 94
512 20 89
681 8 130
563 12 130
385 732 90
209 58 98
415 62 103
226 4 93
557 62 88
559 62 89
296 43 90
192 261 98
619 5 98
514 9 98
418 26 130
790 9 128
629 55 113
488 44 88
208 678 93
587 294 103
682 374 132
551 583 93
474 389 89
228 5 98
356 4 103
192 269 88
743 588 98
204 10 92
557 570 93
577 556 95
399 5 87
732 30 128
627 32 105
399 33 129
509 28 103
407 4 102
481 423 87
701 510 97
790 34 88
150 188 109
557 566 92
737 701 129
204 331 103
706 571 127
370 198 87
554 42 97
787 576 131
467 32 102
576 286 99
170 29 102
184 677 91
444 423 131
300 43 87
206 23 102
306 41 127
480 296 128
465 804 128
567 310 128
290 48 87
444 42 126
293 65 98
299 768 93
557 738 91
508 34 88
513 47 102
462 12 126
808 37 96
479 333 128
812 41 96
309 585 91
488 33 87
223 37 101
316 813 128
277 696 86
595 578 98
775 4 98
143 6 91
506 295 86
479 23 128
261 196 93
191 263 91
589 15 92
815 648 127
482 62 107
670 733 127
584 451 96
597 476 87
157 732 126
404 3 115
487 732 91
263 3 91
511 56 95
507 387 91
507 383 102
311 37 85
798 154 125
465 669 127
744 43 95
583 46 87
310 4 97
244 196 89
149 37 85
589 284 91
270 497 95
326 420 85
553 423 92
509 60 89
795 743 90
173 56 85
306 48 85
453 737 96
300 27 87
818 156 126
475 605 85
326 816 95
781 37 86
729 577 129
684 24 95
563 64 127
571 11 135
563 41 90
507 454 85
277 35 85
187 148 92
691 214 126
507 592 105
649 43 125
814 744 90
462 646 127
818 19 129
651 761 125
629 60 85
581 615 85
513 654 88
475 591 95
175 379 94
320 599 125
321 59 85
590 34 125
480 324 136
308 59 94
461 60 86
597 62 84
258 796 124
770 628 125
592 67 86
487 42 90
764 320 94
153 42 124
185 23 90
473 305 99
603 42 86
242 42 125
201 11 89
733 15 84
278 573 89
172 50 88
796 298 99
393 32 124
812 283 89
569 51 124
143 59 125
421 294 94
495 0 128
248 190 94
216 3 94
292 16 127
711 628 124
762 296 99
454 287 124
495 483 98
510 58 97
512 58 88
791 619 93
798 10 123
765 15 93
818 17 124
797 609 89
485 48 98
765 53 134
679 48 124
507 14 93
819 0 125
305 46 127
815 321 94
265 585 84
618 814 83
551 29 123
309 62 88
295 28 88
142 4 88
311 175 98
474 17 124
628 594 89
776 67 133
590 36 93
328 55 95
508 616 84
584 269 84
583 47 93
474 11 123
303 31 123
471 7 128
469 46 84
280 35 88
476 1 123
501 16 82
211 35 127
161 467 128
594 27 92
587 46 87
683 484 98
569 229 94
270 684 88
574 361 94
604 475 88
570 18 92
812 353 83
577 18 87
307 16 122
183 2 91
291 29 124
552 42 97
299 447 124
195 11 92
256 5 92
147 5 94
451 36 92
513 713 91
305 340 122
407 415 82
347 44 93
469 270 87
495 18 87
728 516 87
173 17 97
616 689 102
346 743 122
503 14 86
743 693 97
161 37 96
510 53 88
475 223 91
706 37 86
578 321 96
215 170 91
488 556 82
400 41 123
813 396 83
431 59 91
325 16 121
173 650 96
741 416 97
503 15 106
329 59 86
743 44 99
588 804 92
558 9 126
732 18 91
464 610 91
277 67 86
337 3 86
495 610 87
681 357 92
571 353 86
510 56 106
288 509 96
419 13 101
490 22 81
733 24 99
401 681 102
170 727 100
760 593 96
171 2 84
345 34 121
278 495 109
336 190 99
506 24 96
439 62 92
734 431 86
797 16 98
579 26 90
192 149 97
293 32 95
495 60 98
365 67 81
183 51 92
569 350 86
234 41 120
741 65 95
595 509 96
765 47 92
355 55 81
267 65 81
443 817 90
469 234 92
322 503 98
393 690 100
794 355 85
199 710 86
580 45 95
415 2 122
404 36 82
691 21 84
654 37 85
457 48 85
364 796 95
464 46 86
585 661 80
816 279 95
465 24 97
574 29 95
619 55 91
476 21 90
474 231 90
235 42 80
232 65 81
263 590 125
198 214 95
230 34 120
744 21 121
681 20 82
235 44 89
225 416 85
285 65 94
325 264 129
338 32 130
567 23 80
329 8 121
268 33 90
819 20 89
359 59 91
289 373 119
229 14 130
410 60 94
462 29 89
582 647 80
432 35 85
269 27 80
311 585 79
267 43 91
610 15 119
571 447 85
175 7 94
738 9 81
403 418 84
584 619 97
175 11 98
424 26 79
226 324 119
358 27 89
435 62 96
617 42 84
572 145 80
376 696 78
229 65 84
793 8 84
196 53 104
327 62 93
329 62 94
151 578 79
447 567 85
784 556 118
785 559 122
295 380 83
345 469 79
318 497 79
709 798 90
489 299 78
743 12 119
583 357 94
244 557 129
234 733 83
784 562 90
229 62 84
363 45 119
344 429 83
694 47 83
430 790 104
615 36 84
573 52 79
274 67 93
804 415 88
346 42 83
585 66 98
812 13 96
781 482 118
310 815 78
626 25 88
444 295 118
223 498 93
647 790 82
811 432 93
817 434 105
559 15 78
497 314 78
563 19 78
237 14 119
473 30 98
479 667 79
689 12 89
648 761 77
628 30 89
718 5 102
315 582 87
469 231 83
691 20 83
323 41 78
230 461 82
611 13 117
387 56 118
423 45 95
165 43 87
383 157 118
359 228 119
563 780 87
340 48 82
700 685 77
732 716 77
347 54 93
571 142 87
143 418 78
436 44 95
365 227 122
375 67 80
339 501 77
420 23 77
328 663 118
742 66 122
472 448 82
308 60 77
738 25 81
551 286 82
572 19 87
736 219 77
651 795 77
162 42 87
653 730 86
698 25 82
339 44 77
585 1 78
570 269 91
644 423 88
781 426 86
569 396 92
401 32 78
706 65 86
299 282 92
496 155 86
554 590 83
370 48 77
486 455 88
733 66 86
313 65 87
685 25 81
438 47 116
792 56 86
665 67 76
164 67 86
412 25 91
593 23 117
764 257 86
710 693 86
445 629 91
150 35 77
743 674 116
436 8 116
583 164 83
421 66 78
253 484 120
738 52 86
798 50 76
216 385 120
232 27 81
320 554 84
705 65 76
485 280 81
285 34 86
466 140 86
585 337 91
371 816 91
731 56 86
257 817 76
148 67 77
147 291 116
665 48 85
808 760 81
145 59 77
393 402 117
765 8 93
713 685 79
770 428 85
674 590 116
675 597 116
153 59 76
285 52 116
257 691 75
330 62 75
336 62 86
585 643 84
375 44 90
585 782 83
819 8 91
295 46 85
345 428 93
460 654 75
465 376 80
698 19 87
475 234 90
226 67 91
330 499 81
722 44 79
594 24 87
331 299 123
431 33 90
165 698 90
362 42 100
760 0 75
339 55 75
371 466 86
558 399 76
495 51 75
646 764 80
612 54 92
685 805 92
770 65 79
476 656 87
495 317 80
270 24 85
775 36 94
485 13 84
335 602 115
734 20 89
734 30 89
570 653 90
332 27 75
719 420 78
225 555 84
781 44 82
503 30 89
576 19 79
725 35 84
231 32 84
487 18 75
379 35 90
420 243 86
304 45 86
690 64 84
497 643 82
791 53 84
501 64 86
359 27 92
304 10 126
682 30 90
219 581 89
166 469 86
778 36 78
675 28 74
418 1 75
571 215 89
629 10 76
682 64 84
323 64 115
295 354 85
263 20 114
313 473 79
592 45 74
455 679 115
168 563 89
559 26 75
584 17 81
286 229 74
690 671 89
797 51 84
473 51 74
648 43 89
689 23 81
650 761 78
373 27 88
691 53 83
498 217 80
659 27 77
626 242 79
794 778 89
685 780 89
288 15 83
329 34 79
760 717 79
503 10 93
242 412 79
685 11 85
507 648 89
344 9 118
721 564 88
651 509 81
260 36 88
479 1 85
365 28 101
394 54 99
629 1 83
383 18 84
653 813 99
215 54 73
765 56 79
620 63 83
242 43 78
581 2 88
334 465 88
710 28 83
795 252 88
426 51 74
373 402 113
279 10 113
554 803 73
410 66 80
146 35 78
224 23 116
627 166 83
294 323 98
616 594 73
551 60 91
581 243 91
153 436 113
479 725 79
497 64 89
491 19 87
493 19 88
648 36 80
782 62 88
233 25 112
465 66 78
627 777 88
403 34 73
795 0 78
315 67 77
487 22 72
600 7 112
727 305 113
258 736 88
502 19 79
373 28 88
600 1 116
454 14 92
309 47 72
286 29 72
660 403 113
644 225 116
733 2 80
736 2 77
304 8 72
251 467 82
256 464 83
691 650 79
285 14 77
363 295 84
267 330 122
706 33 87
586 52 87
743 34 89
507 716 88
231 707 112
732 53 77
602 166 113
781 54 87
300 2 116
245 59 77
479 654 77
315 18 112
601 13 72
487 346 77
569 677 90
142 368 111
222 253 112
656 65 87
816 50 79
250 321 116
791 242 87
222 676 116
306 29 81
316 32 77
322 235 81
712 420 100
482 20 81
455 166 112
346 710 113
761 58 79
715 67 76
364 60 81
348 310 112
718 59 79
365 312 113
212 35 86
776 48 86
741 324 86
590 396 71
594 29 71
232 293 73
439 323 73
420 2 87
556 46 99
407 56 111
495 58 86
296 668 71
296 669 72
390 481 76
709 399 111
300 402 76
299 46 86
476 249 96
149 232 111
784 29 125
659 54 86
461 64 79
683 58 75
684 58 76
215 67 86
267 481 76
228 45 72
696 51 86
627 58 77
320 24 86
327 24 98
663 36 85
681 11 75
386 25 82
784 446 111
771 32 86
233 34 80
164 20 111
147 555 71
439 17 122
466 2 91
344 60 80
609 46 85
243 47 110
290 26 75
365 60 82
277 26 70
660 54 86
667 27 87
571 0 90
741 12 70
745 371 80
712 32 75
715 32 86
361 15 70
617 552 95
430 0 112
268 298 80
212 357 114
488 700 81
722 28 75
725 28 77
744 14 85
415 51 75
354 64 110
557 52 71
307 45 84
398 19 114
557 356 84
603 21 79
219 32 75
485 611 85
398 14 71
396 654 113
619 63 109
315 59 84
664 25 109
796 0 85
308 18 87
294 25 75
228 63 110
451 31 77
762 1 84
168 741 89
149 55 87
484 145 69
347 7 109
294 66 79
483 679 69
361 7 111
285 29 74
243 36 87
227 356 69
800 41 72
472 17 94
342 387 97
157 33 83
362 224 69
234 24 74
592 14 87
356 51 113
300 711 68
358 457 73
392 292 84
265 610 68
554 53 69
603 12 70
556 1 68
156 41 68
398 31 69
296 64 70
392 15 78
321 233 86
672 701 108
404 401 68
400 343 69
646 705 112
279 667 69
394 45 78
296 47 85
333 12 108
329 47 73
646 24 78
270 29 73
235 324 78
728 20 108
229 15 83
232 1 109
446 45 78
599 8 73
334 41 78
283 22 73
148 335 108
287 258 68
553 51 68
609 45 86
356 741 83
741 359 83
304 778 67
619 444 68
703 292 77
255 376 115
166 389 85
156 669 107
446 323 77
150 23 108
602 261 73
234 51 112
664 24 77
745 66 87
324 728 67
340 45 72
228 282 85
308 317 79
291 63 67
434 29 77
328 26 72
279 719 67
338 23 107
358 447 67
656 558 72
665 312 109
322 611 82
484 7 69
377 14 77
297 23 82
447 31 77
284 361 82
718 552 72
379 45 77
670 649 108
665 454 69
806 216 107
649 60 77
677 785 107
807 677 121
670 553 72
787 643 115
145 601 67
616 234 77
329 771 66
612 377 67
642 66 111
307 808 74
653 282 76
287 66 78
484 707 81
226 379 67
720 41 70
323 658 67
314 56 121
363 434 71
278 23 76
595 446 82
245 60 66
404 31 71
279 19 77
804 45 76
327 364 84
783 252 120
486 58 86
554 164 76
671 213 108
270 376 71
342 26 66
403 20 76
407 29 78
676 152 110
365 615 71
641 159 106
713 292 76
385 336 82
601 446 82
150 777 106
615 20 76
483 646 72
700 15 75
288 808 80
335 152 120
287 1 69
304 50 75
552 713 80
660 302 77
265 20 65
363 277 80
220 30 66
784 659 106
403 357 71
720 599 79
653 66 105
594 157 85
326 142 75
643 274 65
274 318 85
279 722 77
742 23 71
375 63 113
489 66 81
457 19 67
773 56 105
787 15 65
166 58 106
350 12 67
299 669 70
328 47 80
743 242 70
305 0 75
668 436 65
602 151 76
783 34 70
374 13 65
480 770 73
674 41 82
557 53 70
809 31 65
709 277 72
399 60 92
446 29 75
725 385 84
725 314 108
725 317 108
719 256 109
661 10 107
335 24 72
338 24 69
602 19 74
717 211 108
599 7 65
780 34 80
804 357 74
667 16 70
152 58 106
599 26 92
149 24 70
806 51 104
300 66 79
308 776 79
365 330 65
142 53 115
658 14 69
480 50 79
335 34 79
654 41 89
677 10 104
231 9 64
710 14 68
337 617 74
711 45 75
700 63 108
226 20 69
143 222 64
148 553 89
285 775 79
400 46 79
292 58 69
332 229 74
591 310 79
553 7 79
485 50 69
647 60 71
722 326 75
219 15 75
370 47 75
431 140 64
329 66 79
214 308 79
434 675 64
435 672 75
605 701 79
447 220 71
305 56 79
361 13 79
654 50 103
451 53 63
290 158 88
671 45 75
729 15 70
604 23 71
140 353 64
279 783 68
162 283 78
599 25 81
656 284 89
615 148 63
401 643 64
151 16 68
251 45 68
399 801 75
280 2 63
284 2 68
331 605 78
488 63 79
396 660 64
249 409 74
306 53 68
711 594 68
277 0 73
385 7 68
716 31 73
668 18 73
675 457 68
659 0 103
654 53 107
659 31 63
619 52 63
238 12 73
164 605 87
717 11 107
773 51 107
344 156 64
668 13 67
438 29 81
312 235 62
255 24 78
454 53 72
161 60 79
677 615 74
800 2 106
650 453 70
214 1 107
154 232 62
784 390 66
361 785 72
617 233 80
387 57 88
430 30 77
665 615 67
677 47 73
663 21 72
145 15 80
284 11 67
647 47 62
669 20 64
258 16 70
240 47 62
446 661 73
650 345 62
140 357 74
159 45 67
258 407 71
592 19 77
775 235 73
430 21 79
318 20 62
659 398 71
611 11 63
151 18 71
320 1 67
431 63 61
660 342 66
230 778 62
226 0 63
401 47 76
244 46 66
318 31 67
322 7 67
716 29 71
223 10 62
356 651 71
661 26 71
357 58 63
229 63 61
446 715 71
711 392 61
335 435 79
439 143 66
611 57 81
394 142 71
279 2 87
777 46 77
449 214 70
403 22 85
616 153 66
158 47 70
453 64 66
362 336 66
676 9 60
611 1 72
601 11 66
154 9 61
785 25 64
597 7 75
616 9 75
210 18 75
398 52 71
787 9 60
270 148 75
806 393 75
713 611 78
374 712 71
379 710 70
216 8 60
353 333 76
212 13 75
353 670 65
436 56 66
641 334 69
710 20 59
354 7 79
409 677 66
152 22 79
316 661 70
453 51 74
168 26 65
162 344 85
707 269 74
658 12 69
615 19 66
806 721 79
721 25 70
723 228 75
362 51 69
801 21 74
808 21 78
659 808 59
616 651 64
778 12 59
590 10 73
772 394 67
401 56 79
399 0 68
327 10 73
712 265 63
219 30 68
592 53 77
645 715 68
678 8 64
158 265 63
670 30 68
252 805 58
158 46 74
322 0 77
168 148 68
168 670 78
350 669 77
774 332 59
168 249 68
809 9 66
147 13 74
240 66 58
159 13 77
251 12 58
214 30 72
679 706 68
774 264 74
150 430 73
158 720 59
148 31 73
235 166 69
712 667 68
448 166 73
617 2 74
243 722 58
784 720 71
435 63 73
334 448 67
674 675 59
357 1 63
358 1 64
617 310 73
723 335 57
245 213 58
778 20 65
720 8 65
447 51 57
718 23 71
711 232 77
651 8 83
650 20 63
318 404 73
448 647 72
256 235 72
771 215 68
371 7 62
231 669 62
718 22 72
775 22 73
679 343 85
447 23 85
358 11 62
237 17 62
390 50 72
332 651 57
651 154 67
227 52 72
804 10 68
166 318 62
701 57 66
164 58 76
807 58 56
712 216 66
250 782 60
216 648 57
710 727 60
667 20 73
347 63 64
338 64 68
649 58 68
210 255 66
706 11 66
165 30 71
251 447 65
317 233 72
664 30 72
215 718 56
213 444 62
255 26 71
787 11 67
709 57 71
313 11 57
648 0 66
713 242 66
675 157 66
316 47 71
646 57 56
154 29 71
674 242 68
252 253 56
148 700 73
642 668 71
646 665 65
782 661 61
336 0 66
447 56 70
231 7 60
449 250 74
143 8 70
804 332 74
158 263 71
260 156 85
678 332 60
317 23 61
339 11 59
377 727 64
643 706 74
806 23 70
375 0 60
158 165 61
707 165 65
333 164 66
140 21 70
800 643 66
651 11 65
151 649 70
140 50 65
649 244 70
678 64 67
311 313 60
252 57 64
653 58 54
210 17 66
728 57 58
315 53 64
656 51 64
142 674 60
153 719 70
713 63 64
371 64 83
253 0 65
660 665 59
721 668 70
706 723 59
213 17 57
153 9 72
332 719 59
783 772 69
152 63 64
640 214 64
210 1 57
243 63 63
257 51 63
333 66 72
153 771 58
157 771 59
231 0 69
168 152 71
721 315 68
649 1 67
240 17 60
667 63 63
654 778 61
640 57 61
780 58 58
772 50 71
720 770 63
219 2 70
710 720 70
339 7 56
214 651 57
677 679 66
648 58 70
776 57 61
715 1 70
727 53 66
334 7 66
314 52 60
729 50 61
713 58 78
211 58 69
677 1 65
151 1 64
243 53 68
