535 38 255
539 527 219
821 68 218
634 39 227
834 538 216
633 39 219
822 546 253
536 61 196
634 38 220
838 38 210
521 833 206
635 831 201
757 38 209
548 61 223
835 69 180
751 61 195
510 535 186
532 791 211
178 531 172
517 538 194
535 4 180
579 39 212
532 737 208
823 517 185
822 6 179
174 39 189
821 6 172
539 59 221
821 574 234
535 5 162
519 822 176
823 733 205
824 513 180
575 531 174
737 530 180
412 537 171
502 535 172
506 531 183
538 43 166
795 39 167
184 521 169
535 34 212
181 529 170
539 54 175
531 798 155
413 39 180
466 39 178
811 530 174
530 501 161
172 833 207
532 730 163
536 28 179
530 416 173
189 38 160
821 811 173
821 736 169
528 35 206
522 191 156
633 187 167
575 637 198
821 426 177
824 27 175
399 537 205
230 531 195
828 28 163
196 38 165
823 35 168
531 23 203
828 65 155
175 544 205
829 62 178
823 36 157
537 66 188
324 533 163
471 68 157
530 24 163
829 32 157
637 5 161
558 823 172
431 68 191
520 566 161
532 158 199
172 837 162
827 781 189
526 685 160
717 532 198
521 43 155
464 831 202
539 24 151
765 38 159
532 1 187
693 38 163
696 38 156
530 60 153
631 575 169
460 38 159
533 237 152
200 40 160
798 637 167
833 5 152
839 5 148
322 39 152
617 39 158
521 44 154
602 39 141
524 45 195
179 759 148
436 539 161
531 22 156
755 811 192
826 52 210
635 467 164
390 39 163
296 68 161
233 39 165
357 537 151
633 280 181
522 54 160
476 38 151
549 815 184
356 823 152
562 637 146
822 345 149
626 541 187
268 520 195
438 39 150
288 49 185
671 531 148
631 454 183
618 39 149
759 27 184
827 396 153
530 26 147
538 23 154
528 380 162
609 68 154
237 39 144
834 626 150
698 832 152
823 31 143
681 833 152
717 535 153
679 39 157
521 650 179
390 68 156
472 49 145
222 827 147
190 40 164
831 421 162
483 69 185
776 39 155
535 64 151
838 59 151
835 490 154
265 829 145
801 824 154
728 39 138
837 274 174
536 677 146
252 39 144
689 838 143
827 335 149
528 14 151
636 485 159
346 68 142
835 14 177
824 676 160
827 336 142
597 38 148
741 636 143
526 15 143
318 39 143
530 17 144
438 524 145
503 750 157
147 39 144
530 0 153
792 69 142
764 69 153
151 68 147
783 68 157
564 61 158
636 24 152
734 69 158
831 27 138
465 751 157
547 765 146
827 10 146
347 522 144
794 61 142
457 524 131
823 10 157
524 345 146
543 416 144
553 40 178
524 365 156
756 284 175
258 38 184
267 521 146
211 68 143
156 827 137
716 68 134
544 15 184
529 29 146
750 567 140
325 49 153
245 827 145
292 833 155
520 46 136
828 52 146
830 646 173
521 224 135
348 522 145
756 46 172
821 1 139
359 526 143
226 631 154
376 520 143
835 34 150
759 615 175
804 521 147
307 49 138
755 59 149
521 371 132
835 595 137
166 526 142
547 65 136
280 49 147
418 61 138
402 759 167
469 61 133
313 520 143
631 231 139
529 8 137
759 393 172
759 295 136
831 155 176
403 544 182
392 38 150
161 38 147
521 781 140
223 61 169
229 61 182
374 38 137
741 834 145
599 69 135
631 23 145
637 223 145
527 720 150
312 69 171
528 217 150
390 49 150
541 554 149
336 38 139
184 175 165
280 759 144
528 19 132
831 1 181
225 835 148
601 838 130
342 40 167
432 49 130
555 40 136
716 38 136
521 58 138
831 401 138
675 527 140
363 834 139
521 142 122
282 69 143
528 11 141
548 15 137
173 4 165
514 4 165
837 18 131
389 40 137
715 636 141
637 658 137
548 19 164
633 721 137
202 6 131
261 49 132
744 758 127
543 294 132
161 61 167
250 637 136
832 612 131
648 49 139
631 720 138
721 636 128
587 204 163
644 49 142
481 61 136
750 285 136
543 14 134
328 40 135
430 759 134
324 757 136
233 834 138
777 61 163
170 208 139
723 49 125
756 270 123
785 40 165
304 61 139
634 11 135
546 283 128
831 22 125
415 202 171
750 47 140
563 6 161
837 23 127
407 549 132
758 45 128
544 375 127
165 838 128
514 6 130
519 6 126
831 66 129
644 69 120
174 183 126
206 563 184
646 69 120
548 46 133
548 18 138
759 658 136
516 189 119
755 350 120
548 31 146
209 502 158
200 410 161
717 69 131
750 669 134
464 187 159
145 756 124
175 513 127
584 192 157
755 30 143
518 170 128
751 2 133
184 37 117
399 546 124
547 30 128
759 334 117
543 232 124
706 546 125
546 267 125
318 548 137
517 191 116
231 61 121
751 161 130
541 23 128
511 579 166
755 257 128
549 9 125
172 819 157
188 42 155
759 63 117
720 547 135
191 190 110
421 3 154
651 61 114
656 61 114
730 208 121
717 61 126
549 56 123
668 541 120
190 37 119
541 1 134
543 19 117
174 65 150
175 3 129
554 182 162
569 204 134
722 40 122
541 11 108
195 195 123
580 517 128
191 42 158
693 187 127
501 201 123
154 40 124
581 3 126
577 189 110
185 795 111
289 518 158
184 768 119
412 6 123
737 187 104
407 205 147
429 4 124
205 32 121
187 464 113
170 579 112
685 37 113
604 171 147
569 514 111
189 42 118
519 762 117
179 760 112
174 813 118
517 501 122
564 195 127
795 412 147
791 477 158
815 4 117
195 583 109
479 517 119
172 413 127
589 59 156
178 509 108
188 36 112
475 4 127
187 54 116
185 48 108
189 602 158
629 4 117
582 33 153
264 6 145
506 4 120
790 35 148
475 479 141
684 479 144
734 43 174
175 420 117
601 196 151
306 5 145
182 451 158
208 362 157
791 37 101
819 3 107
794 37 119
738 37 128
731 3 106
517 67 100
189 14 154
196 738 108
208 398 144
501 37 104
814 37 111
512 325 157
229 510 168
588 5 130
509 3 108
680 62 154
202 551 115
192 626 107
814 27 157
208 8 156
195 462 125
188 18 153
626 37 109
690 33 139
507 33 156
462 199 117
206 785 157
174 32 104
199 42 107
682 5 115
179 13 154
199 453 145
517 13 155
711 200 151
376 188 154
287 204 97
201 34 105
297 181 113
513 359 140
585 793 106
574 794 110
201 603 109
198 18 149
205 16 111
389 189 112
570 736 106
761 584 109
589 693 105
298 175 120
519 559 120
191 448 142
171 8 139
282 187 111
410 586 119
690 570 115
300 3 115
288 6 110
496 813 115
609 517 115
485 175 119
556 43 138
501 558 139
646 511 152
761 386 140
286 37 114
187 728 144
797 694 111
328 6 113
570 67 107
580 283 151
689 798 119
464 498 114
204 619 104
620 766 107
467 296 151
495 43 109
577 59 118
326 581 145
584 48 103
418 765 110
683 506 106
574 584 114
479 813 119
557 59 137
508 680 104
206 449 103
171 743 110
228 209 100
576 33 118
190 291 119
558 54 137
199 483 106
552 33 149
738 43 103
474 44 114
587 32 116
514 41 110
170 34 103
311 3 136
182 279 115
181 609 111
150 198 143
481 42 140
256 510 147
738 42 102
506 65 106
325 764 148
173 24 107
185 58 143
736 35 109
587 505 99
208 347 100
576 791 114
730 65 107
462 43 116
693 65 108
376 205 105
768 36 107
307 65 136
795 27 107
485 33 146
790 32 105
690 577 114
415 62 106
282 65 138
300 37 101
612 6 108
604 4 107
571 415 103
191 41 101
192 15 106
574 43 102
629 55 116
174 453 105
198 34 104
150 201 111
325 35 148
292 5 96
188 13 99
573 465 102
731 28 110
209 648 94
738 736 91
685 32 103
737 509 97
562 410 113
793 14 144
491 464 112
424 578 101
501 509 107
288 190 99
798 43 95
509 28 107
208 25 100
627 32 115
471 731 101
579 62 111
591 3 106
170 45 96
427 793 96
225 3 100
323 55 134
623 627 109
574 67 105
363 186 115
794 46 133
201 656 100
467 32 116
198 60 103
357 3 109
497 31 133
768 35 104
207 9 97
690 18 133
348 587 147
198 57 142
186 29 99
183 371 89
371 184 106
563 54 99
466 626 94
512 31 92
471 18 143
505 420 100
284 5 102
256 208 92
427 44 110
495 33 100
171 1 129
421 14 142
764 48 108
491 48 99
732 36 105
684 13 143
178 616 100
469 35 105
280 5 103
445 4 98
519 619 106
767 54 99
731 48 107
432 4 97
619 5 99
192 45 88
228 5 98
811 48 109
150 188 98
182 30 101
618 474 138
347 766 149
466 62 98
684 33 104
226 4 106
407 4 113
589 21 128
477 445 141
691 27 99
204 331 113
683 48 92
473 354 133
206 23 103
476 402 131
356 4 106
209 58 98
465 33 94
407 44 134
170 29 112
175 379 102
476 28 93
620 32 102
469 27 98
223 37 103
222 65 131
731 29 143
208 678 92
796 298 103
480 296 133
264 419 141
682 374 130
394 507 137
513 47 102
185 23 92
354 423 144
405 35 140
495 483 111
426 32 96
762 296 112
201 11 91
310 4 97
743 588 100
404 3 102
701 510 90
732 30 140
567 9 136
512 20 96
554 42 96
815 648 139
681 8 130
576 286 110
552 42 101
563 12 136
370 198 89
683 484 111
421 294 106
514 9 98
418 26 129
790 9 140
192 261 109
293 65 98
737 701 125
563 64 135
578 321 112
808 37 105
775 4 105
479 333 154
204 10 99
465 804 125
765 15 108
551 583 107
462 646 129
189 805 105
192 269 88
143 6 90
513 654 113
479 23 129
191 263 93
261 196 94
812 41 105
595 578 98
587 294 99
584 451 108
557 570 107
577 556 107
263 3 94
270 497 95
248 190 104
743 693 99
399 33 131
288 509 100
482 62 97
743 44 100
326 816 94
278 495 99
172 50 84
741 416 99
513 713 99
503 15 100
183 2 99
706 571 141
781 37 97
557 566 96
744 43 94
444 423 125
728 516 89
393 32 141
787 576 142
569 51 134
215 170 99
187 148 96
173 56 94
691 214 134
184 677 91
571 11 128
292 16 137
385 578 101
306 41 142
706 37 99
311 175 101
444 42 137
567 310 134
733 24 100
322 503 99
684 24 106
760 593 108
818 19 128
506 24 99
507 592 103
480 324 128
815 321 98
399 5 100
462 12 133
337 3 88
797 16 99
299 768 95
557 738 95
293 32 98
495 60 100
475 591 103
316 813 130
291 503 90
506 295 90
580 45 98
309 585 94
570 18 103
741 65 108
595 509 99
308 59 96
285 65 108
552 44 103
816 279 109
183 51 88
670 733 134
157 732 126
171 2 88
147 5 93
465 24 98
385 732 82
589 15 103
161 467 127
216 3 102
798 154 141
465 669 126
487 732 103
474 389 89
654 37 92
199 710 112
296 43 103
307 16 139
510 58 92
512 58 101
589 284 104
507 387 104
507 383 97
488 44 99
729 577 130
818 156 126
327 62 98
329 62 107
410 60 108
198 214 97
584 619 99
161 37 107
563 41 87
415 2 126
553 423 94
649 43 139
328 55 105
142 4 90
795 743 103
320 599 136
651 761 132
507 14 106
557 62 102
559 62 89
590 34 126
569 229 95
170 727 106
574 361 94
274 67 108
471 7 131
481 423 89
258 796 138
474 11 135
590 36 102
770 628 136
814 744 107
510 56 97
583 357 96
790 34 91
733 15 101
336 190 97
325 16 136
153 42 135
732 18 95
487 42 93
242 42 139
594 27 101
473 305 86
430 790 96
812 13 97
290 48 98
711 628 128
300 43 91
278 573 86
192 149 107
143 59 134
311 37 88
173 650 97
299 447 135
812 283 96
195 11 91
256 5 91
508 34 97
495 0 128
454 287 139
798 10 121
223 498 106
244 196 98
511 56 100
149 37 98
811 432 97
817 434 106
451 36 100
173 17 89
679 48 120
419 13 95
818 17 127
305 46 135
488 33 98
764 320 88
551 29 127
765 53 134
510 53 99
570 269 105
819 0 120
436 44 95
797 609 92
485 48 91
616 689 93
475 223 93
423 45 95
474 17 123
776 67 121
303 31 137
597 476 100
309 62 106
569 396 95
211 35 121
501 16 97
277 696 100
295 28 91
579 26 103
476 1 120
583 46 86
628 594 90
475 605 89
464 610 93
338 32 130
509 60 86
175 11 96
306 48 89
291 29 126
681 357 99
300 27 79
175 7 95
280 35 91
453 737 104
507 454 89
401 681 90
629 60 79
577 18 92
270 684 91
587 46 90
604 475 84
610 15 126
563 780 89
439 62 89
326 420 86
305 340 136
581 615 95
765 47 89
196 53 94
346 743 132
461 60 88
277 35 89
469 270 88
393 690 99
495 18 90
597 62 86
503 14 100
592 67 85
400 41 126
603 42 85
474 231 88
765 8 93
619 55 92
267 43 92
558 9 131
718 5 93
321 59 88
226 67 93
235 44 101
819 8 94
431 33 93
362 42 105
345 428 93
289 373 122
475 234 93
329 59 89
345 34 132
444 295 129
819 20 91
462 29 91
571 447 86
791 619 84
612 54 103
473 30 88
277 67 89
359 59 101
628 30 98
226 324 130
495 610 98
571 353 99
358 27 97
234 41 136
734 20 92
572 19 98
618 814 92
443 817 87
447 567 96
734 431 98
508 616 97
359 27 92
569 350 102
469 46 86
583 47 84
263 590 130
230 34 139
744 21 138
812 353 83
794 355 89
265 585 77
584 269 87
260 36 92
457 48 112
364 796 88
464 46 86
315 582 90
588 804 80
329 8 120
325 264 120
574 29 91
445 629 92
626 25 89
229 14 120
585 337 91
225 416 88
582 647 83
764 257 86
476 656 96
472 448 95
394 54 91
551 60 91
371 816 91
365 28 93
407 415 76
627 166 86
168 563 91
689 12 100
571 142 100
432 35 97
347 44 92
585 643 83
294 323 102
813 396 76
231 32 89
581 243 90
690 64 86
501 64 96
376 696 89
403 418 87
147 291 116
617 42 88
709 798 88
375 44 94
345 469 82
435 62 96
784 556 117
785 559 127
489 299 85
288 15 85
488 556 92
611 13 133
431 59 95
363 45 129
387 56 115
244 557 117
682 64 85
585 782 90
743 12 129
784 562 89
586 52 90
569 677 102
698 19 86
229 65 97
793 8 80
808 760 83
331 299 147
490 22 92
804 415 95
234 733 80
647 790 91
797 51 95
503 30 101
734 30 100
229 62 96
295 380 97
781 482 115
285 34 85
742 66 116
497 643 93
486 455 98
346 42 86
593 23 115
571 215 100
344 429 86
694 47 95
615 36 86
743 34 100
648 761 75
237 14 132
496 155 89
682 30 101
166 469 85
567 23 82
165 43 85
583 164 94
379 35 99
371 466 96
465 376 93
585 66 85
685 805 82
691 21 81
646 764 89
469 234 82
330 499 93
365 67 94
355 55 91
219 581 90
404 36 91
620 63 84
556 46 99
791 242 90
559 15 81
476 21 83
359 228 116
570 653 89
700 685 78
741 324 99
681 20 83
230 461 85
469 231 94
365 227 121
383 157 118
581 2 90
162 42 94
507 648 91
339 501 80
691 20 85
232 65 83
323 64 127
571 0 89
267 65 87
375 67 88
235 42 94
270 24 94
585 661 91
320 24 100
327 24 89
648 43 90
295 46 87
651 795 90
781 44 80
347 54 85
594 24 84
340 48 94
602 166 124
328 663 120
300 2 120
164 67 93
644 423 94
781 426 97
706 65 100
551 286 96
339 44 73
401 32 90
721 564 102
653 730 97
795 252 88
466 2 95
685 11 84
738 9 90
370 48 90
299 46 89
653 813 92
476 249 89
438 47 130
383 18 93
299 282 83
738 25 109
650 761 81
705 65 73
436 8 121
455 166 122
491 19 98
493 19 88
334 465 102
424 26 80
507 716 89
689 23 78
253 484 117
794 778 98
698 25 84
216 385 120
576 19 78
798 50 89
710 693 83
617 552 89
373 27 95
498 217 91
732 716 88
557 356 98
663 36 89
685 780 88
225 555 87
743 674 120
760 717 92
554 590 84
563 19 86
269 27 80
685 25 84
744 14 98
315 59 88
268 33 83
320 554 92
420 243 96
782 62 89
304 45 83
165 698 84
691 650 79
660 54 98
485 280 95
651 509 78
412 25 84
736 219 79
311 585 80
667 27 89
393 402 120
257 817 82
258 736 88
765 56 81
770 428 93
674 590 119
675 597 120
733 66 93
232 27 87
792 56 92
420 23 79
479 654 79
796 0 98
373 28 99
295 354 83
713 685 72
149 55 87
791 53 82
307 45 98
410 66 81
257 691 79
308 18 89
727 305 119
285 52 122
330 62 86
336 62 79
816 50 89
460 654 76
485 611 98
706 33 97
497 64 87
762 1 89
243 36 88
722 44 76
157 33 97
781 54 87
770 65 76
479 725 90
572 145 89
151 578 93
318 497 89
251 467 92
256 464 95
648 36 84
731 56 82
503 10 92
495 51 72
627 777 97
339 55 78
465 66 80
268 298 95
479 667 88
472 17 87
495 58 87
691 53 82
656 65 100
775 36 95
497 314 79
335 602 115
332 27 75
719 420 78
495 317 81
712 420 98
502 19 80
479 1 95
592 14 87
421 66 74
224 23 115
573 52 71
629 1 95
725 35 75
342 387 88
778 36 85
212 35 97
310 815 91
304 10 129
600 7 122
392 292 97
263 20 125
733 2 89
736 2 86
473 51 77
323 41 82
659 54 86
308 60 77
215 67 86
659 27 71
296 47 97
761 58 79
715 67 89
776 48 79
454 14 95
455 679 118
267 330 120
143 418 88
584 17 83
718 59 75
313 473 82
229 15 86
690 671 93
461 64 85
665 67 77
315 18 118
344 9 129
609 45 95
356 741 85
741 359 96
771 32 99
415 51 78
585 1 80
322 611 95
250 321 128
222 253 124
228 282 87
215 54 74
738 52 70
284 361 85
487 18 90
745 371 91
683 58 88
684 58 88
626 242 80
665 48 76
329 34 82
231 707 121
242 412 90
710 28 80
696 51 86
346 710 114
373 402 124
627 58 78
306 29 80
279 10 120
554 164 82
426 51 76
681 11 88
313 65 87
482 20 94
242 43 75
485 13 90
466 140 76
153 436 113
150 35 86
354 64 114
712 32 92
715 32 87
233 25 119
420 2 89
327 364 85
392 15 79
396 654 123
146 35 91
619 63 113
219 32 84
660 403 123
795 0 81
644 225 111
600 1 117
228 63 113
315 67 80
148 67 69
722 28 88
725 28 77
407 56 120
363 295 72
760 0 79
784 446 113
145 59 76
386 25 82
285 14 74
153 59 89
233 34 89
344 60 79
732 53 80
142 368 125
365 60 82
363 277 83
245 59 89
558 399 76
629 10 86
356 51 112
222 676 125
398 19 123
328 47 84
418 1 85
487 346 79
348 310 116
232 293 88
365 312 111
592 45 75
316 32 88
235 324 92
709 399 124
554 803 71
675 28 75
347 7 109
149 232 114
784 29 122
361 7 111
703 292 77
148 553 82
399 60 93
559 26 67
390 481 89
286 229 100
164 20 114
234 51 111
300 402 79
243 47 114
439 17 111
267 481 82
361 15 84
599 26 83
484 707 83
304 50 87
278 23 77
212 357 110
616 594 74
595 446 83
601 13 87
430 0 125
439 323 83
552 713 84
670 649 120
609 46 82
290 26 78
677 785 111
787 643 110
660 302 77
403 34 69
487 22 76
400 46 81
361 13 83
168 741 79
290 158 93
385 336 83
394 45 77
309 47 73
148 335 120
601 446 83
664 25 123
288 808 82
483 646 73
672 701 107
304 8 83
486 58 76
488 700 86
446 323 81
255 376 124
599 25 91
297 23 74
646 705 120
150 23 108
307 808 84
713 292 86
279 722 76
800 41 79
294 25 77
286 29 72
656 558 78
451 31 77
150 777 119
338 23 116
434 29 79
700 15 79
806 216 109
489 66 92
664 24 76
718 552 74
308 317 75
162 283 92
285 29 87
784 659 119
364 60 65
480 770 72
590 396 72
438 29 80
294 66 75
616 234 78
145 15 80
594 29 65
296 64 72
787 15 69
234 24 87
375 63 109
322 235 72
166 389 75
646 24 75
358 457 76
728 20 116
671 213 118
446 45 89
617 233 80
333 12 112
725 385 81
296 668 75
296 669 71
783 252 109
334 41 78
299 669 85
270 376 70
228 45 74
304 778 71
232 1 124
642 66 115
321 233 76
780 34 80
602 19 85
300 66 80
407 29 77
314 56 115
742 23 82
329 47 69
164 605 89
270 29 69
553 7 79
156 669 133
599 8 86
283 22 86
430 21 79
485 50 71
615 20 75
783 34 73
335 34 83
291 63 71
553 51 74
602 261 86
161 60 79
326 142 74
654 41 91
806 51 107
274 318 88
300 711 71
800 2 116
605 701 80
741 12 75
305 56 89
447 31 77
401 47 89
379 45 74
649 60 74
377 14 71
665 312 111
700 63 118
270 148 81
335 24 72
338 24 72
603 21 71
308 776 89
340 45 79
147 555 85
214 308 79
277 26 74
480 50 79
219 15 84
166 58 109
328 26 79
594 157 74
653 282 88
670 553 83
745 66 74
398 14 70
807 677 117
656 284 90
709 277 83
361 785 83
287 66 74
643 274 71
654 50 121
285 775 79
720 41 77
653 66 113
619 444 63
279 783 68
387 57 89
331 605 88
717 211 121
804 45 74
719 256 130
602 151 73
305 0 87
647 60 71
329 771 70
557 52 80
773 56 103
403 22 78
292 58 82
729 15 68
152 58 116
227 356 73
676 152 107
641 159 117
287 258 80
363 434 68
484 145 83
616 9 79
447 220 71
323 658 80
484 7 66
483 679 80
374 13 80
404 31 74
362 224 78
668 18 83
358 447 69
488 63 88
604 23 71
255 24 81
365 615 74
671 45 86
335 152 113
773 51 109
720 599 76
722 326 76
329 66 71
356 651 73
612 377 62
324 728 70
385 7 81
398 31 72
603 12 62
711 594 70
404 401 79
400 343 72
226 379 79
279 719 79
322 0 77
151 18 72
592 19 77
279 2 78
403 357 73
809 31 72
327 10 87
265 610 78
147 13 78
277 0 82
159 13 89
446 29 65
158 46 87
661 10 117
556 1 83
156 41 69
592 53 77
650 453 66
554 53 83
557 53 74
674 41 84
725 314 112
725 317 109
804 357 71
743 242 73
280 2 61
677 615 75
279 667 82
590 10 78
258 16 66
279 19 68
150 430 87
430 30 70
148 31 76
667 16 82
350 669 87
658 14 78
717 11 109
220 30 75
665 454 77
284 2 80
235 166 81
677 10 108
238 12 85
337 617 81
711 45 74
162 344 77
335 435 79
710 14 78
142 53 111
332 229 81
457 19 77
140 357 84
149 24 82
611 57 71
617 310 77
370 47 84
777 46 86
454 53 81
591 310 72
318 404 87
597 7 76
284 11 69
226 20 81
353 333 76
599 7 77
145 601 70
401 643 67
679 343 75
251 45 64
362 51 70
453 64 75
210 18 75
342 26 60
403 20 82
806 393 85
716 31 80
659 31 80
334 448 76
212 13 85
322 7 78
365 330 60
306 53 71
245 60 77
354 7 70
151 16 70
227 52 85
659 0 107
654 53 122
317 233 85
362 336 93
399 801 69
446 715 79
601 11 64
616 651 66
158 47 80
675 457 71
784 390 69
316 47 84
668 13 81
154 29 75
668 436 67
661 26 72
707 269 84
449 214 79
158 263 74
260 156 75
723 228 79
713 611 68
265 20 69
801 21 74
808 21 75
436 56 68
670 30 69
647 47 59
214 1 107
650 345 65
453 51 84
287 1 59
143 8 74
350 12 76
667 20 75
394 142 83
617 2 74
258 407 72
446 661 79
665 615 84
775 235 82
152 22 68
611 1 72
659 398 79
374 712 69
379 710 72
213 444 67
140 21 84
251 447 74
431 63 62
398 52 78
641 334 69
615 19 66
159 45 73
230 778 75
320 1 70
774 264 84
231 9 75
716 29 71
772 394 66
401 56 63
229 63 64
660 342 79
711 392 72
244 46 93
711 232 83
806 721 82
318 31 84
651 8 73
809 9 76
377 727 62
431 140 64
439 143 79
800 643 76
434 675 65
435 672 68
448 166 83
143 222 78
447 23 72
447 51 61
435 63 73
659 808 57
451 53 67
785 25 61
256 235 82
615 148 57
775 22 73
787 9 71
712 265 66
153 9 72
219 30 78
616 153 79
611 11 74
645 715 77
396 660 64
216 8 73
140 353 77
774 332 60
333 164 67
778 20 65
347 63 62
399 0 67
214 30 74
231 669 78
707 165 62
448 647 72
140 50 67
720 8 72
252 805 67
664 30 82
710 20 70
619 52 66
231 0 83
678 64 67
332 651 57
357 58 63
168 26 77
165 30 72
650 20 61
249 409 67
784 720 74
353 670 68
216 648 56
344 156 63
409 677 69
390 50 82
250 782 73
663 21 63
255 26 71
706 723 61
718 22 77
338 64 77
642 668 71
669 20 75
723 335 66
449 250 71
718 23 63
358 11 74
640 214 65
447 56 71
312 235 66
721 25 66
332 719 61
658 12 66
804 332 81
646 665 67
782 661 67
778 12 69
771 215 80
371 7 59
154 232 66
168 249 66
152 63 76
806 23 84
164 58 66
643 706 72
168 148 79
677 47 73
243 63 65
168 670 76
168 152 71
240 47 65
807 58 55
712 216 75
158 265 77
701 57 65
223 10 62
318 20 72
226 0 62
674 242 69
710 727 74
231 7 63
678 8 67
649 58 75
251 12 55
679 706 75
210 255 79
215 718 59
675 157 76
706 11 76
709 57 69
677 679 81
712 667 78
646 57 58
787 11 78
649 244 80
148 700 60
654 778 59
721 668 80
252 253 58
357 1 59
358 1 76
151 649 79
640 57 70
720 770 69
780 58 59
656 51 74
713 63 68
678 332 63
317 23 63
339 11 64
333 66 79
375 0 66
660 665 63
676 9 74
371 64 80
339 7 62
154 9 61
804 10 64
214 651 59
237 17 59
651 154 68
257 51 63
651 11 73
166 318 58
153 771 71
157 771 61
776 57 69
721 315 73
653 58 57
783 772 69
252 57 67
729 50 68
158 165 58
315 53 77
713 242 67
158 720 63
728 57 57
240 66 56
243 722 60
667 63 58
648 0 63
153 719 72
245 213 60
677 1 68
316 661 70
649 1 69
151 1 78
243 53 68
336 0 62
710 720 67
648 58 71
311 313 56
334 7 77
210 17 62
772 50 70
715 1 66
313 11 58
219 2 67
727 53 71
142 674 63
674 675 77
213 17 64
253 0 71
314 52 63
210 1 68
713 58 76
211 58 65
240 17 54
