535 38 255
539 527 221
821 68 226
633 39 206
634 39 226
822 546 243
834 538 216
536 61 207
634 38 201
838 38 210
521 833 204
635 831 200
757 38 198
548 61 219
835 69 180
178 531 169
510 535 178
751 61 185
532 791 209
517 538 181
535 4 191
532 737 219
579 39 210
821 6 169
535 5 178
822 6 190
174 39 179
823 517 175
539 59 216
821 574 202
824 513 167
519 822 177
823 733 205
184 521 172
531 798 162
811 530 167
530 501 157
737 530 170
530 416 159
172 833 207
412 537 179
189 38 157
538 43 180
795 39 175
575 531 185
535 34 198
181 529 181
539 54 164
522 191 155
532 730 159
466 39 176
502 535 173
506 531 173
821 811 163
528 35 201
413 39 170
823 35 156
828 65 151
633 187 177
175 544 201
536 28 169
823 36 151
575 637 194
196 38 156
399 537 204
230 531 193
821 736 165
828 28 172
821 426 168
829 62 158
471 68 167
531 23 188
717 532 187
824 27 176
539 24 147
829 32 155
537 66 190
530 60 150
637 5 172
431 68 189
172 837 151
532 158 188
322 39 145
602 39 149
530 24 163
521 43 164
464 831 197
436 539 154
833 5 145
839 5 157
324 533 163
179 759 144
532 1 187
693 38 156
696 38 156
558 823 162
520 566 162
200 40 158
562 637 142
521 44 147
526 685 160
533 237 155
827 781 187
524 45 184
296 68 156
765 38 169
755 811 184
635 467 160
357 537 149
609 68 151
476 38 155
522 54 158
237 39 140
390 39 153
823 31 142
538 23 152
633 280 183
631 575 169
460 38 164
549 815 183
438 39 158
472 49 139
798 637 157
618 39 154
626 541 193
617 39 157
356 823 151
822 345 158
631 454 191
759 27 195
530 26 147
268 520 184
531 22 157
288 49 178
835 490 141
265 829 151
826 52 192
776 39 148
671 531 151
728 39 142
233 39 155
252 39 147
689 838 137
222 827 145
717 535 155
834 626 149
190 40 162
390 68 159
679 39 145
535 64 151
530 0 135
483 69 184
827 396 160
521 650 185
831 27 138
801 824 160
536 677 143
528 380 149
837 274 178
457 524 138
698 832 162
346 68 152
681 833 152
827 336 142
827 335 149
258 38 179
156 827 133
526 15 138
835 14 187
318 39 142
750 567 133
716 68 137
147 39 143
792 69 138
831 421 152
520 46 132
764 69 141
530 17 142
211 68 152
734 69 143
741 636 155
438 524 145
838 59 150
783 68 147
521 224 132
636 24 141
348 522 144
827 10 155
347 522 144
794 61 141
756 284 185
543 416 144
636 485 149
245 827 150
528 14 150
553 40 176
597 38 148
544 15 173
824 676 150
547 65 140
280 49 133
469 61 140
828 52 143
503 750 148
804 521 140
325 49 143
465 751 143
359 526 137
547 765 157
151 68 147
392 38 128
564 61 147
821 1 137
823 10 147
524 345 147
524 365 156
741 834 128
756 46 171
637 223 140
307 49 147
830 646 173
521 371 133
755 59 137
376 520 143
418 61 136
759 615 167
529 29 156
835 34 140
267 521 156
529 8 136
292 833 145
835 595 140
402 759 179
601 838 137
432 49 126
631 231 149
161 38 136
675 527 136
374 38 131
759 393 169
521 781 140
521 142 130
831 155 165
403 544 178
759 295 148
223 61 178
229 61 165
716 38 145
166 526 143
226 631 143
599 69 138
527 720 150
837 18 129
528 217 140
528 19 129
312 69 167
336 38 139
631 23 135
744 758 133
184 175 167
831 1 177
342 40 166
715 636 133
313 520 152
481 61 126
280 759 133
750 285 122
282 69 141
637 658 127
528 11 138
521 58 138
324 757 125
555 40 135
233 834 122
777 61 167
173 4 165
514 4 161
723 49 121
390 49 140
261 49 140
161 61 164
785 40 167
543 294 139
541 554 140
831 22 131
832 612 126
202 6 121
631 720 130
721 636 136
634 11 120
633 721 136
644 49 125
225 835 139
250 637 139
648 49 149
548 19 161
831 401 138
363 834 138
837 23 120
304 61 128
548 15 134
831 66 129
587 204 170
756 270 138
644 69 123
170 208 139
548 46 118
546 283 127
206 563 159
389 40 137
548 31 131
209 502 168
758 45 126
200 410 161
717 69 117
750 47 127
165 838 132
415 202 161
430 759 135
543 14 135
514 6 116
519 6 117
646 69 122
328 40 134
563 6 171
548 18 121
755 350 134
174 183 125
544 375 127
516 189 127
706 546 124
511 579 155
407 549 133
759 658 134
755 30 119
755 257 114
175 513 116
172 819 163
188 42 164
399 546 123
759 334 118
543 232 132
464 187 154
184 37 125
751 2 124
145 756 133
546 267 122
651 61 113
656 61 113
717 61 113
231 61 117
547 30 128
584 192 164
549 56 123
751 161 119
759 63 112
174 65 152
517 191 114
518 170 120
541 23 127
549 9 120
722 40 111
750 669 127
541 11 110
720 547 129
668 541 119
191 190 113
191 42 161
543 19 126
154 40 123
175 3 124
421 3 149
318 548 128
501 201 109
730 208 130
195 195 123
190 37 113
569 204 132
554 182 148
185 795 107
541 1 126
737 187 116
580 517 127
693 187 117
577 189 114
187 464 115
179 760 105
195 583 115
412 6 111
517 501 129
188 36 105
189 602 156
479 517 104
205 32 123
184 768 119
581 3 115
185 48 104
182 451 155
208 362 152
175 420 107
170 579 109
569 514 108
517 67 103
189 14 145
791 37 103
407 205 144
208 398 144
289 518 143
819 3 103
512 325 143
429 4 113
731 3 102
519 762 128
178 509 118
208 8 142
174 813 128
189 42 129
188 18 159
501 37 102
815 4 117
795 412 145
506 4 117
791 477 146
685 37 124
172 413 117
604 171 147
475 4 117
629 4 127
589 59 141
187 54 120
564 195 117
790 35 144
582 33 145
684 479 144
475 479 146
794 37 116
734 43 144
814 37 118
196 738 120
179 13 150
588 5 105
199 453 150
682 5 100
509 3 116
517 13 152
192 626 105
738 37 116
601 196 151
626 37 106
306 5 140
264 6 145
462 199 105
680 62 143
195 462 114
814 27 148
174 32 115
202 551 116
287 204 100
690 33 152
513 359 139
507 33 152
199 42 105
198 18 140
229 510 150
297 181 108
201 603 109
389 189 98
171 8 138
711 200 142
201 34 102
376 188 150
574 584 106
205 16 111
171 743 106
514 41 106
585 793 109
204 619 116
574 794 109
228 209 106
761 584 109
288 6 111
587 505 95
206 785 139
199 483 115
589 693 109
298 175 120
191 448 139
519 559 112
170 34 105
570 736 108
328 6 109
690 570 108
410 586 117
485 175 120
501 558 148
646 511 135
496 813 107
761 386 138
187 728 141
191 41 108
282 187 110
574 43 99
556 43 138
174 453 94
738 736 98
737 509 96
300 37 93
612 6 93
467 296 137
580 283 142
300 3 114
491 464 93
424 578 93
501 509 96
609 517 105
620 766 106
464 498 103
181 609 99
206 449 103
190 291 122
683 506 106
198 34 103
182 279 98
427 793 96
508 680 106
623 627 103
570 67 106
584 48 106
326 581 137
208 347 99
576 791 113
557 59 136
738 43 105
170 45 93
474 44 107
286 37 102
481 42 135
256 510 143
173 24 108
558 54 136
587 32 105
198 60 102
552 33 146
185 58 136
591 3 102
208 25 112
738 42 106
563 54 96
506 65 102
376 205 92
690 577 101
571 415 97
512 31 92
764 48 92
732 36 104
462 43 104
325 764 145
307 65 136
469 35 91
485 33 136
171 1 132
731 48 104
292 5 96
573 465 101
311 3 136
562 410 96
790 32 113
192 15 116
150 198 133
604 4 107
186 29 102
797 694 106
188 13 97
284 5 91
466 62 94
288 190 97
192 45 91
689 798 110
684 33 91
282 65 130
798 43 100
495 43 110
418 765 109
471 731 105
579 62 109
479 813 119
793 14 144
731 28 100
465 33 94
685 32 102
574 67 95
325 35 134
476 28 90
768 35 98
577 59 109
207 9 95
794 46 138
363 186 105
576 33 119
466 626 107
426 32 89
505 420 108
736 35 108
730 65 108
497 31 130
209 648 99
323 55 133
491 48 97
693 65 108
150 201 101
495 33 94
690 18 133
178 616 105
198 57 129
348 587 139
427 44 108
280 5 98
519 619 95
768 36 108
432 4 95
795 27 107
471 18 133
512 20 89
767 54 94
183 371 91
371 184 89
225 3 98
811 48 107
256 208 91
421 14 138
189 805 98
684 13 133
415 62 103
226 4 104
691 27 98
201 656 98
357 3 99
683 48 107
445 4 113
629 55 103
204 331 103
204 10 88
356 4 97
192 269 98
618 474 131
347 766 141
182 30 88
206 23 113
407 4 103
620 32 107
469 27 92
589 21 130
473 354 132
627 32 105
514 9 98
476 402 130
509 28 116
192 261 97
209 58 100
170 29 106
208 678 94
619 5 98
407 44 127
184 677 97
228 5 108
385 578 90
477 445 128
706 571 129
467 32 115
222 65 130
513 47 102
731 29 131
444 423 128
787 576 126
480 296 135
394 507 130
223 37 112
444 42 126
354 423 130
405 35 132
291 503 100
506 295 96
150 188 98
404 3 111
552 44 89
264 419 129
743 588 98
701 510 86
681 8 126
682 374 136
385 732 85
399 5 85
370 198 96
474 389 92
296 43 98
143 6 92
261 196 100
567 9 129
175 379 94
488 44 85
587 294 93
732 30 126
551 583 90
418 26 140
263 3 91
790 9 125
191 263 91
808 37 95
737 701 126
729 577 130
563 12 129
554 42 109
421 294 108
576 286 95
185 23 93
557 62 85
559 62 88
557 570 105
577 556 94
775 4 98
293 65 97
201 11 90
649 43 125
651 761 128
481 423 89
465 804 135
765 15 97
815 648 125
310 4 104
790 34 94
733 15 84
812 41 108
258 796 139
557 566 94
595 578 97
511 56 94
399 33 127
479 333 134
770 628 125
290 48 84
187 148 100
584 451 104
300 43 87
796 298 102
482 62 107
173 56 84
479 23 137
393 32 132
781 37 86
508 34 94
299 768 92
762 296 112
557 738 89
292 16 126
306 41 128
744 43 93
495 483 102
270 497 96
711 628 124
161 467 127
309 585 92
462 646 129
488 33 83
764 320 87
513 654 87
684 24 95
480 324 127
171 2 84
462 12 127
589 15 92
326 816 96
507 592 95
311 37 95
815 321 97
311 175 99
567 310 127
487 732 92
183 2 98
597 476 83
691 214 124
475 591 106
244 196 93
507 387 88
507 383 101
149 37 84
501 16 83
277 696 86
776 67 125
248 190 94
583 46 85
818 19 137
308 59 95
475 605 82
509 60 89
172 50 87
589 284 87
211 35 122
553 423 102
683 484 101
306 48 82
161 37 98
316 813 128
513 713 87
300 27 85
142 4 92
795 743 87
798 154 127
216 3 102
453 737 82
507 454 85
629 60 82
728 516 87
563 41 102
571 11 122
307 16 125
510 58 83
512 58 94
570 18 92
170 727 107
569 51 138
552 42 101
670 733 125
814 744 90
338 32 124
818 156 126
157 732 131
326 420 85
706 37 87
215 170 94
581 615 82
415 2 122
510 56 97
461 60 84
473 305 100
336 190 100
277 35 85
590 34 125
597 62 82
337 3 86
487 42 90
743 693 100
592 67 84
507 14 105
603 42 91
173 650 99
578 321 100
741 416 100
503 15 99
321 59 91
278 573 96
320 599 124
590 36 94
743 44 100
812 283 90
183 51 89
147 5 91
328 55 94
732 18 95
563 64 122
288 509 100
791 619 81
733 24 99
594 27 93
199 710 86
760 593 106
569 229 94
278 495 100
797 609 90
195 11 94
256 5 92
495 0 134
471 7 121
506 24 100
173 17 90
485 48 95
574 361 104
654 37 95
192 149 97
325 16 124
153 42 125
474 11 131
454 287 134
798 10 125
510 53 95
242 42 136
797 16 109
293 32 108
495 60 95
444 295 121
818 17 125
198 214 89
618 814 80
309 62 86
765 53 124
741 65 99
595 509 99
305 46 120
295 28 89
322 503 99
508 616 94
628 594 99
451 36 92
819 0 133
143 59 133
580 45 99
419 13 94
469 46 90
175 11 95
583 47 80
175 7 95
280 35 89
816 279 105
474 17 123
299 447 122
465 24 95
812 353 80
587 46 89
265 585 80
584 269 93
679 48 123
303 31 133
270 684 89
616 689 92
551 29 128
604 475 89
475 223 103
285 65 98
476 1 133
577 18 99
465 669 124
291 29 123
443 817 90
410 60 98
464 610 89
588 804 79
681 357 92
407 415 81
610 15 122
584 619 108
469 270 84
347 44 79
495 18 88
401 681 89
813 396 91
305 340 122
503 14 88
579 26 91
346 743 133
439 62 102
345 469 78
489 299 78
718 5 103
488 556 82
327 62 107
329 62 98
196 53 103
431 59 81
765 47 91
376 696 79
571 447 84
329 59 88
583 357 97
784 556 119
785 559 133
400 41 124
393 690 90
490 22 91
277 67 97
495 610 83
571 353 88
430 790 97
274 67 97
474 231 91
619 55 90
582 647 79
812 13 106
781 482 118
223 498 96
734 431 87
345 34 121
647 790 78
811 432 96
817 434 96
235 44 87
331 299 127
709 798 88
691 21 77
569 350 92
469 234 80
447 567 84
819 20 97
558 9 127
226 324 121
365 67 77
462 29 100
355 55 80
404 36 77
648 761 88
794 355 82
784 562 89
359 59 90
559 15 87
476 21 88
267 43 92
234 41 134
457 48 85
364 796 96
681 20 77
464 46 82
804 415 87
423 45 95
574 29 87
232 65 90
358 27 90
267 65 87
235 42 77
585 66 98
436 44 96
567 23 78
339 501 77
225 416 95
700 685 77
230 34 117
472 448 92
744 21 135
375 67 77
339 44 86
401 32 79
473 30 98
738 9 76
651 795 77
628 30 86
445 629 92
289 373 123
432 35 85
570 269 107
569 396 101
424 26 76
229 14 120
403 418 85
263 590 121
370 48 86
626 25 89
585 643 91
269 27 76
435 62 84
253 484 131
371 816 101
216 385 119
268 33 86
617 42 81
705 65 86
585 337 92
793 8 85
229 65 81
329 8 119
325 264 120
311 585 76
627 166 86
808 760 82
644 423 86
295 380 80
781 426 96
315 582 95
689 12 98
706 65 86
653 730 86
234 733 84
572 19 85
229 62 85
765 8 104
257 817 75
344 429 91
585 782 80
694 47 84
231 32 98
611 13 124
615 36 80
733 66 85
375 44 91
819 8 94
363 45 130
713 685 75
722 44 79
732 716 75
792 56 85
166 469 87
572 145 90
743 12 119
345 428 104
165 43 86
257 691 75
330 62 76
336 62 75
346 42 85
371 466 82
465 376 80
710 693 85
475 234 94
563 19 76
226 67 93
151 578 80
318 497 85
685 805 80
330 499 90
431 33 93
583 164 81
387 56 116
571 142 88
764 257 86
736 219 85
734 30 100
646 764 80
362 42 94
147 291 118
563 780 85
497 643 90
727 305 125
497 314 75
612 54 93
420 23 75
770 65 75
476 656 95
503 30 100
731 56 85
230 461 79
469 231 93
339 55 85
244 557 125
770 428 86
798 50 74
162 42 84
379 35 100
691 20 79
237 14 119
682 30 90
742 66 120
734 20 89
335 602 116
288 15 98
719 420 74
486 455 97
310 815 84
332 27 85
725 35 75
496 155 88
340 48 84
570 653 89
347 54 89
164 67 86
421 66 74
359 27 92
359 228 127
698 19 85
219 581 90
781 44 89
778 36 74
251 467 94
256 464 84
571 215 90
285 34 88
507 648 89
585 661 74
323 41 84
365 227 117
383 157 119
308 60 74
593 23 115
460 654 74
738 25 83
551 286 94
775 36 94
168 563 89
689 23 79
698 25 83
797 51 83
143 418 73
576 19 92
650 761 79
373 27 83
498 217 81
648 43 100
665 67 83
602 166 119
299 282 84
760 717 79
300 2 114
554 590 78
794 778 88
685 780 89
495 51 74
585 1 74
685 25 82
295 46 87
659 27 73
651 509 88
412 25 82
594 24 93
653 813 89
721 564 103
165 698 88
438 47 116
260 36 92
334 465 88
487 18 86
795 252 89
765 56 78
232 27 81
365 28 92
394 54 88
320 554 93
665 48 73
466 2 84
250 321 114
436 8 128
455 166 113
485 280 82
410 66 88
620 63 83
313 65 73
383 18 87
466 140 73
743 674 117
270 24 83
581 2 89
491 19 88
493 19 89
485 13 78
507 716 88
215 54 73
373 402 113
150 35 83
782 62 98
294 323 102
479 725 89
551 60 87
497 64 87
691 650 83
648 36 78
373 28 101
225 555 97
581 243 92
258 736 88
393 402 115
465 66 77
627 777 88
420 243 82
304 45 95
479 654 82
685 11 84
473 51 83
760 0 82
502 19 78
791 53 96
148 67 75
706 33 87
363 295 72
816 50 82
295 354 84
781 54 91
710 28 83
644 225 112
145 59 72
479 667 72
153 59 76
586 52 87
674 590 121
675 597 126
743 34 90
656 65 97
690 64 82
501 64 87
495 317 81
712 420 100
573 52 71
503 10 84
558 399 71
691 53 85
495 58 97
629 10 76
682 64 91
426 51 71
569 677 96
791 242 91
212 35 91
733 2 87
736 2 76
761 58 90
776 48 78
418 1 71
479 1 81
304 10 115
715 67 76
629 1 83
232 293 81
592 45 74
718 59 77
313 473 81
741 324 91
690 671 76
268 298 81
556 46 90
659 54 96
675 28 71
584 17 82
215 67 86
709 399 121
683 58 86
684 58 80
626 242 75
329 34 81
455 679 114
771 32 86
242 412 85
461 64 77
627 58 79
299 46 89
224 23 121
476 249 99
696 51 85
784 29 121
681 11 75
559 26 70
286 229 74
554 803 74
320 24 89
327 24 99
663 36 89
344 9 114
738 52 70
415 51 75
454 14 84
263 20 110
600 7 115
712 32 75
715 32 75
571 0 90
361 15 82
242 43 80
420 2 75
660 54 88
667 27 88
146 35 79
328 663 116
616 594 70
219 32 75
601 13 70
617 552 90
439 323 73
315 18 124
323 64 114
212 357 111
744 14 99
722 28 80
725 28 74
231 707 110
403 34 69
703 292 79
487 22 70
306 29 83
307 45 88
315 67 79
557 356 84
482 20 83
309 47 72
233 25 113
485 611 88
660 403 114
795 0 74
796 0 99
304 8 70
222 253 120
279 10 124
315 59 84
446 323 79
308 18 88
285 14 79
267 330 116
392 15 82
762 1 94
600 1 113
346 710 120
153 436 114
732 53 74
554 164 81
245 59 79
784 446 109
800 41 69
745 371 89
149 55 88
286 29 69
488 700 89
487 346 77
243 36 88
407 56 110
472 17 98
285 52 115
316 32 73
342 387 87
386 25 81
157 33 88
364 60 78
233 34 81
592 14 83
344 60 81
590 396 69
365 60 91
222 676 112
594 29 81
392 292 87
164 20 121
322 235 68
396 654 112
713 292 78
142 368 113
619 63 108
348 310 122
390 481 73
365 312 117
294 66 78
296 47 86
300 402 77
334 41 78
228 63 118
228 45 71
229 15 93
728 20 108
267 481 88
700 15 87
333 12 122
609 45 86
235 324 82
356 741 86
741 359 86
787 15 68
398 19 108
609 46 76
290 26 78
168 741 79
741 12 71
228 282 86
356 51 108
439 17 107
149 232 112
646 24 78
446 45 77
377 14 67
603 21 69
322 611 85
484 707 82
430 0 111
147 555 77
277 26 77
347 7 112
284 361 86
361 7 117
297 23 82
398 14 66
307 808 82
646 705 111
595 446 81
243 47 110
643 274 67
660 302 79
664 25 111
720 41 71
807 677 113
294 25 81
300 711 66
451 31 75
553 51 66
483 646 86
304 778 76
745 66 86
385 336 92
394 45 78
601 446 82
656 558 71
255 376 110
327 364 85
285 29 71
227 356 76
484 145 79
447 31 86
483 679 79
379 45 87
552 713 82
649 60 76
234 51 106
374 13 66
362 224 66
354 64 106
718 552 71
219 15 76
291 63 66
234 24 84
641 159 112
653 282 77
619 444 75
304 50 76
338 23 105
287 66 87
166 389 80
288 808 81
358 457 84
664 24 78
363 277 85
489 66 80
398 31 66
806 216 105
270 376 71
603 12 80
335 152 107
787 643 109
672 701 106
404 401 68
400 343 65
804 45 85
720 599 69
329 771 70
434 29 78
321 233 84
642 66 105
278 23 75
287 258 67
308 317 77
484 7 65
742 23 70
299 669 74
329 47 85
670 649 106
270 29 70
358 447 77
486 58 86
323 658 65
265 610 65
296 668 65
296 669 68
599 8 73
283 22 74
725 385 80
148 335 115
616 234 78
783 34 81
328 47 83
480 770 82
554 53 70
800 2 105
156 41 75
556 1 68
783 252 105
780 34 80
809 31 65
612 377 64
232 1 108
324 728 76
399 60 89
446 29 75
280 2 68
150 23 116
722 326 85
602 261 73
226 379 74
279 719 65
300 66 80
335 24 80
338 24 79
340 45 83
335 34 83
658 14 78
485 50 70
725 314 111
725 317 105
665 454 64
328 26 73
296 64 65
407 29 74
599 26 92
308 776 89
279 722 76
480 50 89
784 659 109
710 14 64
150 777 104
665 312 107
653 66 104
654 41 80
214 308 79
670 553 74
615 20 87
605 701 89
305 56 79
709 277 69
148 553 93
647 60 69
400 46 92
375 63 104
292 58 68
729 15 70
553 7 79
773 56 113
279 19 63
314 56 106
166 58 104
804 357 73
285 775 79
363 434 79
220 30 73
447 220 79
361 13 93
404 31 72
602 19 84
279 783 78
290 158 88
331 605 82
145 601 67
671 213 105
403 20 76
342 26 63
162 283 80
604 23 69
599 25 82
656 284 80
326 142 78
594 157 73
557 52 64
365 615 68
274 318 78
719 256 103
251 45 63
488 63 78
457 19 63
337 617 74
717 211 113
387 57 78
711 45 83
329 66 69
385 7 70
332 229 73
245 60 76
305 0 77
711 594 69
602 151 75
370 47 86
806 51 107
255 24 78
659 31 72
668 18 75
599 7 62
403 357 72
659 0 109
164 605 77
677 785 118
654 53 103
700 63 117
438 29 77
668 436 75
161 60 90
676 152 102
650 453 78
265 20 62
399 801 73
365 330 62
716 31 73
654 50 102
784 390 62
287 1 72
743 242 81
350 12 62
617 233 81
258 16 77
430 30 67
557 53 74
674 41 81
667 16 71
214 1 102
592 19 77
401 643 62
661 10 117
145 15 91
647 47 62
650 345 62
284 2 66
671 45 75
279 667 68
430 21 90
152 58 108
149 24 80
231 9 71
151 18 74
717 11 111
284 11 66
773 51 107
226 20 69
356 651 71
401 47 89
335 435 77
277 0 71
235 166 82
258 407 85
777 46 77
591 310 70
156 669 101
431 140 71
775 235 80
711 392 70
238 12 83
434 675 64
435 672 65
659 398 75
451 53 60
143 222 61
322 7 66
677 615 74
279 2 87
615 148 74
151 16 69
597 7 75
677 10 106
454 53 70
142 53 110
453 64 71
403 22 78
716 29 75
306 53 70
806 393 76
362 336 76
270 148 75
785 25 60
353 333 76
140 353 60
601 11 69
616 9 79
210 18 75
675 457 69
787 9 60
431 63 60
140 357 73
230 778 70
216 8 64
713 611 65
249 409 63
436 56 69
212 13 78
361 785 80
668 13 68
710 20 60
611 57 69
344 156 73
229 63 60
663 21 59
616 651 64
446 715 69
453 51 74
611 11 61
669 20 59
665 615 64
723 228 75
801 21 85
808 21 85
312 235 59
661 26 72
162 344 74
707 269 85
449 214 69
778 12 59
357 58 60
615 19 64
159 45 68
362 51 69
154 232 69
677 47 59
772 394 66
354 7 70
401 56 73
394 142 68
590 10 78
320 1 68
327 10 77
240 47 62
660 342 67
158 47 72
322 0 78
374 712 78
379 710 68
592 53 78
334 448 76
223 10 58
244 46 67
318 31 78
158 46 77
641 334 78
226 0 59
809 9 75
318 20 61
611 1 70
350 669 77
147 13 78
721 25 68
251 12 58
658 12 69
159 13 88
774 264 83
448 166 83
150 430 77
148 31 77
447 23 73
446 661 82
435 63 73
617 2 75
711 232 73
439 143 62
651 8 73
333 164 68
152 22 71
617 310 87
806 721 67
712 265 74
778 20 63
616 153 77
659 808 60
256 235 83
720 8 63
775 22 82
670 30 67
168 26 66
650 20 65
396 660 57
448 647 72
165 30 84
231 669 62
318 404 76
219 30 77
645 715 67
679 706 67
252 805 57
718 22 62
353 670 62
619 52 57
676 9 60
679 343 76
390 50 72
154 9 57
251 447 62
774 332 59
409 677 72
213 444 72
358 11 64
664 30 72
214 30 71
449 250 82
227 52 71
399 0 70
804 332 71
447 56 71
255 26 71
347 63 67
784 720 59
168 249 66
667 20 75
168 148 70
646 665 62
168 670 70
782 661 61
713 242 56
806 23 71
723 335 69
643 706 81
317 233 75
447 51 56
718 23 58
642 668 72
377 727 61
316 47 75
154 29 85
804 10 66
707 165 62
651 154 66
771 215 69
800 643 69
231 7 61
678 8 65
371 7 55
240 66 65
158 265 61
143 8 74
164 58 65
260 156 76
158 263 75
158 720 55
332 651 55
148 700 70
243 722 55
701 57 65
807 58 55
245 213 55
712 216 75
648 0 65
140 21 74
398 52 65
216 648 55
140 50 75
710 727 55
649 58 70
210 255 66
357 1 64
358 1 64
706 11 68
215 718 57
649 244 80
678 332 61
317 23 73
787 11 65
709 57 57
336 0 75
706 723 73
646 57 65
151 649 80
252 253 67
332 719 61
333 66 69
721 668 80
640 214 59
660 665 69
674 675 58
371 64 69
674 242 64
213 17 64
375 0 60
339 11 54
675 157 68
712 667 64
152 63 64
783 772 72
237 17 62
153 9 83
210 1 65
243 63 64
158 165 61
166 318 68
231 0 73
153 771 64
157 771 64
153 719 68
313 11 63
651 11 73
210 17 64
168 152 73
721 315 80
252 57 66
653 58 53
253 0 63
728 57 63
316 661 63
710 720 72
656 51 63
713 63 73
640 57 67
649 1 67
250 782 58
678 64 78
780 58 59
338 64 62
648 58 70
315 53 65
257 51 62
667 63 68
654 778 63
339 7 57
772 50 70
214 651 59
720 770 61
334 7 67
219 2 70
311 313 67
776 57 60
142 674 61
729 50 56
677 679 80
314 52 61
715 1 77
713 58 76
727 53 66
211 58 69
240 17 54
677 1 69
151 1 69
243 53 79
