535 38 277
821 68 243
539 527 219
633 39 206
634 39 213
834 538 216
822 546 240
536 61 202
634 38 209
521 833 204
838 38 232
635 831 200
757 38 208
835 69 201
548 61 229
751 61 185
532 791 217
178 531 168
532 737 249
579 39 207
517 538 191
535 4 181
510 535 196
539 59 246
821 6 197
535 5 186
822 6 190
174 39 179
823 517 174
821 574 216
823 733 240
824 513 177
519 822 187
575 531 190
531 798 160
811 530 160
530 501 168
530 416 169
532 730 165
502 535 183
506 531 208
535 34 197
737 530 177
412 537 166
538 43 202
181 529 181
795 39 204
172 833 232
184 521 185
413 39 195
522 191 168
189 38 165
539 54 165
536 28 194
466 39 197
528 35 205
821 736 183
575 637 220
821 811 183
823 35 163
828 65 154
821 426 202
823 36 164
633 187 167
399 537 207
829 62 174
230 531 218
471 68 156
196 38 173
824 27 181
829 32 182
175 544 190
828 28 204
539 24 150
531 23 217
324 533 163
530 24 173
537 66 223
530 60 162
431 68 215
532 158 237
520 566 162
558 823 187
637 5 172
322 39 148
172 837 153
717 532 186
521 44 153
464 831 222
602 39 156
436 539 172
526 685 170
532 1 222
833 5 156
839 5 148
521 43 165
296 68 161
765 38 159
562 637 154
357 537 166
631 575 184
476 38 185
522 54 168
200 40 175
693 38 156
696 38 163
460 38 183
438 39 160
524 45 193
618 39 174
798 637 208
826 52 208
755 811 183
179 759 164
617 39 167
533 237 172
530 26 174
609 68 166
531 22 192
633 280 208
237 39 158
827 781 191
549 815 191
823 31 143
233 39 155
626 541 205
268 520 192
635 467 160
472 49 161
538 23 152
222 827 147
288 49 207
390 39 160
631 454 205
759 27 201
265 829 161
835 490 164
536 677 166
356 823 169
822 345 159
827 396 153
671 531 168
528 380 153
689 838 149
698 832 172
346 68 152
318 39 144
530 17 174
681 833 187
717 535 152
530 0 137
147 39 144
483 69 213
190 40 177
834 626 181
526 15 141
792 69 163
831 421 161
679 39 156
837 274 223
764 69 166
831 27 153
728 39 137
390 68 146
734 69 166
252 39 152
838 59 166
457 524 147
535 64 160
156 827 135
801 824 165
835 14 212
776 39 145
528 14 160
521 650 185
750 567 155
824 676 184
245 827 161
827 336 141
636 485 159
827 335 184
828 52 149
520 46 150
597 38 198
521 224 160
503 750 163
821 1 167
756 284 175
348 522 134
553 40 227
564 61 147
151 68 183
783 68 172
823 10 187
741 636 153
465 751 157
258 38 208
438 524 152
359 526 154
547 765 162
716 68 142
524 345 172
280 49 133
524 365 172
544 15 208
307 49 151
636 24 151
267 521 146
755 59 148
547 65 142
827 10 151
347 522 161
469 61 131
794 61 154
529 29 156
418 61 148
543 416 140
529 8 162
292 833 145
211 68 150
392 38 141
756 46 185
325 49 160
741 834 146
637 223 129
759 615 220
521 371 175
226 631 158
376 520 143
402 759 183
830 646 178
675 527 149
601 838 153
432 49 149
166 526 153
759 393 219
313 520 152
521 142 137
831 155 209
835 34 147
804 521 157
403 544 208
282 69 157
223 61 218
229 61 208
835 595 137
374 38 146
631 231 161
312 69 192
837 18 163
521 781 151
261 49 140
541 554 165
527 720 165
831 1 192
759 295 135
744 758 136
390 49 175
528 217 165
161 38 135
342 40 180
528 19 141
599 69 145
336 38 149
631 23 144
832 612 131
543 294 129
750 285 126
324 757 125
481 61 149
225 835 149
184 175 177
831 401 163
363 834 154
280 759 143
233 834 144
756 270 158
528 11 130
521 58 138
546 283 165
555 40 133
716 38 142
304 61 147
637 658 142
831 22 134
548 15 162
161 61 232
389 40 137
173 4 161
721 636 148
631 720 126
514 4 190
633 721 136
634 11 131
250 637 181
758 45 141
644 49 138
648 49 161
548 19 189
202 6 147
543 14 146
715 636 131
777 61 176
548 18 127
837 23 121
723 49 136
328 40 155
430 759 145
785 40 187
548 46 140
587 204 185
548 31 121
165 838 139
831 66 133
755 350 126
170 208 128
407 549 177
415 202 182
206 563 183
546 267 149
644 69 117
563 6 192
750 47 137
399 546 134
543 232 132
646 69 154
209 502 183
544 375 146
514 6 118
519 6 116
200 410 188
231 61 136
717 69 143
174 183 126
516 189 125
549 9 135
755 30 121
755 257 128
750 669 124
759 658 124
759 334 149
464 187 158
751 161 155
668 541 133
584 192 168
175 513 117
145 756 133
511 579 198
547 30 138
318 548 128
751 2 123
184 37 123
549 56 123
188 42 177
172 819 154
706 546 132
541 23 152
759 63 127
517 191 128
518 170 138
154 40 123
651 61 111
656 61 148
717 61 112
720 547 136
541 11 137
541 1 141
174 65 167
543 19 117
191 190 120
421 3 177
722 40 137
730 208 120
175 3 139
501 201 119
191 42 174
569 204 159
554 182 158
195 195 148
190 37 123
580 517 117
693 187 126
577 189 128
737 187 126
185 795 126
412 6 122
581 3 150
170 579 137
184 768 120
479 517 134
569 514 119
205 32 121
289 518 171
179 760 151
189 42 169
407 205 144
791 477 143
195 583 125
791 37 123
795 412 183
429 4 134
589 59 169
519 762 118
188 36 105
582 33 188
174 813 128
819 3 128
189 602 170
178 509 143
187 464 113
501 37 103
731 3 131
185 48 113
734 43 154
475 479 144
790 35 183
684 479 164
685 37 112
604 171 181
815 4 127
564 195 167
506 4 107
182 451 154
208 362 144
172 413 142
175 420 112
517 501 132
475 4 157
189 14 164
187 54 162
629 4 117
517 67 124
794 37 116
512 325 158
208 398 169
680 62 176
188 18 153
196 738 118
264 6 153
588 5 123
814 27 183
814 37 136
208 8 152
202 551 161
690 33 163
507 33 176
509 3 123
738 37 116
601 196 141
306 5 192
192 626 122
682 5 124
199 42 106
287 204 110
626 37 107
462 199 105
195 462 130
174 32 106
229 510 183
179 13 164
517 13 156
297 181 128
199 453 174
574 584 100
389 189 132
513 359 153
198 18 150
201 34 130
711 200 174
376 188 171
576 791 104
587 505 97
288 6 128
171 8 163
519 559 121
205 16 121
574 43 106
556 43 163
501 558 193
690 577 141
585 793 116
574 794 116
201 603 141
228 209 106
328 6 118
571 415 141
761 386 172
580 283 148
761 584 140
570 736 115
298 175 136
589 693 115
326 581 147
562 410 100
282 187 146
467 296 151
573 465 125
424 578 122
206 785 167
557 59 160
738 736 121
485 175 110
798 43 137
191 448 136
495 43 120
491 464 111
501 509 112
737 509 105
410 586 160
690 570 115
558 54 146
552 33 181
171 743 94
514 41 126
579 62 101
797 694 144
496 813 105
182 279 134
689 798 124
574 67 101
300 3 114
481 42 147
427 793 104
609 517 124
646 511 154
187 728 134
300 37 121
612 6 122
563 54 120
623 627 94
577 59 144
418 765 124
325 764 151
286 37 114
479 813 109
471 731 131
181 609 109
576 33 144
570 67 113
190 291 108
208 347 100
620 766 127
768 35 100
464 498 103
204 619 103
485 33 145
307 65 193
508 680 113
584 48 116
505 420 125
683 506 123
173 24 133
427 44 113
736 35 123
206 449 113
466 626 110
191 41 95
738 43 103
282 65 143
474 44 116
764 48 129
469 35 105
730 65 118
732 36 108
693 65 118
495 33 99
199 483 103
591 3 107
491 48 132
150 198 146
587 32 103
311 3 132
731 48 92
466 62 118
768 36 147
188 13 99
170 34 103
256 510 159
174 453 104
325 35 144
738 42 112
793 14 157
795 27 122
288 190 109
684 33 103
185 58 174
284 5 102
767 54 99
292 5 97
506 65 137
415 62 107
462 43 112
376 205 102
811 48 109
465 33 102
691 27 108
604 4 146
323 55 158
629 55 132
192 15 116
683 48 96
170 45 108
476 28 128
794 46 141
790 32 101
469 27 108
198 60 102
690 18 131
348 587 142
497 31 133
509 28 121
426 32 116
471 18 147
198 34 136
150 201 121
620 32 97
627 32 120
171 1 156
421 14 162
207 9 107
512 31 105
684 13 167
731 28 100
280 5 107
685 32 100
363 186 140
467 32 105
557 570 95
577 556 107
551 583 97
208 25 129
618 474 154
192 45 111
519 619 136
178 616 119
347 766 141
225 3 134
432 4 111
557 566 94
589 21 166
209 648 99
357 3 99
198 57 180
473 354 155
226 4 111
407 44 174
476 402 166
183 371 119
371 184 90
186 29 98
208 678 105
587 294 110
256 208 88
356 4 118
385 578 100
222 65 139
189 805 98
201 656 108
552 44 125
731 29 130
480 296 153
264 419 145
394 507 150
407 4 113
354 423 163
204 331 103
445 4 98
405 35 139
619 5 98
557 738 120
170 29 103
182 30 99
206 23 113
228 5 98
477 445 162
150 188 122
506 295 103
291 503 97
567 9 150
309 585 109
512 20 87
563 12 139
513 47 152
681 8 154
563 41 92
299 768 104
223 37 102
385 732 88
589 284 92
796 298 102
552 42 102
495 483 127
296 43 114
557 62 109
559 62 97
762 296 102
488 44 113
209 58 107
418 26 168
790 9 162
553 423 93
143 6 93
474 389 101
589 15 118
192 269 88
191 263 91
261 196 103
682 374 140
404 3 121
487 732 101
204 10 113
507 387 93
507 383 91
578 321 136
263 3 118
278 573 118
743 588 117
399 5 101
795 743 91
683 484 126
732 30 139
399 33 141
487 42 118
310 4 116
481 423 107
701 510 111
554 42 96
706 571 151
790 34 97
576 286 116
787 576 160
737 701 141
300 43 97
187 148 90
733 15 87
306 41 162
184 677 110
370 198 89
814 744 102
444 42 135
567 310 152
444 423 152
393 32 150
812 283 102
290 48 86
465 804 162
175 379 117
292 16 176
480 324 150
462 12 142
192 261 120
508 34 86
743 44 110
288 509 110
743 693 100
479 333 126
421 294 120
514 9 120
488 33 111
316 813 141
764 320 95
277 696 112
185 23 107
473 305 90
278 495 110
293 65 140
201 11 91
808 37 105
741 416 125
775 4 120
479 23 159
812 41 140
577 18 114
595 578 105
765 15 104
815 648 135
503 15 99
670 733 136
597 476 99
157 732 166
733 24 109
322 503 134
798 154 152
465 669 134
760 593 109
797 609 91
816 279 99
584 451 104
311 37 129
506 24 99
501 16 84
270 497 104
248 190 129
583 46 120
161 467 136
511 56 104
482 62 94
280 35 104
311 175 99
244 196 84
485 48 91
149 37 95
495 60 99
326 420 95
729 577 126
326 816 129
509 60 94
818 156 136
744 43 129
580 45 109
306 48 85
309 62 99
453 737 106
295 28 101
173 56 106
741 65 109
595 509 124
307 16 160
300 27 111
270 684 104
475 605 86
781 37 84
285 65 109
649 43 149
797 16 134
571 11 152
507 454 95
293 32 99
277 35 98
142 4 100
691 214 137
628 594 98
587 46 90
651 761 135
629 60 83
581 615 110
462 646 158
818 19 175
465 24 109
469 270 100
495 18 90
513 654 86
320 599 150
321 59 110
815 321 118
590 34 124
171 2 93
684 24 93
503 14 90
604 475 98
461 60 84
507 592 103
597 62 85
153 42 148
570 18 103
603 42 85
258 796 139
770 628 123
242 42 145
592 67 109
183 2 98
475 591 103
325 16 125
410 60 123
308 59 103
584 619 123
327 62 123
329 62 132
415 2 143
495 0 153
172 50 97
329 59 99
143 59 172
161 37 138
454 287 169
569 51 137
513 713 102
711 628 174
147 5 112
277 67 104
571 353 102
728 516 99
812 13 107
173 17 89
216 3 112
818 17 142
791 619 103
510 58 82
512 58 84
798 10 144
192 149 97
170 727 97
765 53 149
274 67 122
583 357 112
510 53 112
265 585 104
819 0 124
679 48 162
706 37 114
215 170 104
305 46 132
618 814 93
551 29 123
510 56 107
495 610 87
569 350 98
507 14 117
474 17 133
336 190 122
430 790 96
328 55 92
776 67 157
337 3 98
584 269 93
508 616 91
570 269 96
583 47 103
474 11 150
476 1 157
303 31 158
223 498 106
469 46 83
471 7 121
173 650 121
569 229 91
574 29 96
811 432 121
817 434 96
574 361 101
211 35 158
563 64 161
734 431 108
732 18 101
590 36 111
338 32 152
812 353 91
183 51 103
794 355 108
291 29 136
436 44 116
594 27 136
364 796 123
464 46 107
199 710 86
299 447 160
423 45 121
610 15 147
654 37 85
457 48 117
347 44 92
569 396 105
305 340 121
407 415 91
617 42 102
195 11 100
256 5 100
419 13 91
198 214 100
225 416 112
346 743 121
488 556 100
451 36 135
400 41 147
196 53 105
432 35 112
813 396 105
175 11 95
431 59 90
345 469 81
175 7 110
489 299 80
616 689 135
558 9 121
588 804 98
403 418 111
571 447 121
346 42 86
475 223 100
490 22 94
435 62 121
793 8 116
229 65 109
226 324 156
345 34 151
444 295 145
362 42 94
579 26 114
559 15 80
295 380 96
464 610 134
234 41 154
447 567 86
234 733 101
681 357 89
229 62 94
401 681 109
365 67 90
765 8 114
344 429 86
615 36 99
551 286 96
355 55 90
267 65 79
469 234 91
819 8 129
439 62 89
694 47 105
345 428 104
404 36 89
691 21 100
585 661 80
475 234 103
226 67 104
431 33 118
235 42 88
718 5 103
476 21 115
765 47 98
393 690 98
232 65 90
263 590 154
230 34 145
744 21 135
681 20 103
325 264 160
469 231 100
612 54 118
320 554 93
267 43 98
229 14 135
734 20 118
619 55 98
585 66 108
299 282 110
329 8 163
567 23 103
235 44 88
311 585 94
268 33 88
691 20 95
230 461 95
474 231 113
401 32 113
289 373 158
269 27 105
582 647 93
347 54 98
554 590 109
738 9 87
340 48 84
359 27 102
424 26 87
485 280 109
359 59 122
819 20 143
462 29 115
572 145 104
260 36 102
473 30 98
151 578 79
784 556 157
785 559 139
628 30 107
376 696 113
611 13 142
472 448 94
168 563 102
738 25 109
244 557 167
294 323 102
698 25 109
147 291 143
743 12 127
318 497 89
443 817 87
358 27 87
581 243 92
572 19 97
445 629 107
363 45 138
685 25 102
412 25 92
551 60 127
573 52 79
585 337 117
365 28 102
232 27 98
331 299 139
394 54 102
583 164 103
569 677 116
371 816 91
781 482 127
310 815 77
315 582 132
237 14 168
495 317 81
497 314 103
647 790 78
479 667 86
375 44 111
563 19 76
648 761 78
323 41 91
808 760 108
733 66 86
792 56 86
626 25 96
585 643 83
571 142 106
383 157 128
689 12 86
764 257 106
465 376 81
586 52 126
330 499 107
387 56 116
359 228 156
165 698 82
627 166 96
700 685 97
143 418 75
732 716 110
791 242 130
365 227 116
584 17 107
734 30 105
375 67 91
731 56 95
339 501 75
371 466 97
741 324 105
646 764 82
685 805 90
743 34 110
328 663 130
503 30 91
231 32 85
420 23 85
585 782 80
339 44 102
308 60 85
379 35 90
742 66 129
563 780 95
784 562 95
585 1 92
313 473 97
571 0 105
736 219 85
219 581 130
242 43 90
690 671 102
709 798 85
651 795 100
571 215 105
682 30 130
648 43 115
288 15 85
781 44 82
556 46 115
576 19 92
370 48 85
698 19 120
313 65 101
438 47 146
487 18 110
329 34 92
497 643 97
721 564 90
665 67 85
743 674 152
476 656 96
804 415 95
738 52 76
593 23 116
150 35 86
242 412 96
476 249 100
436 8 139
626 242 104
253 484 126
285 34 85
216 385 141
496 155 94
421 66 74
798 50 79
570 653 100
466 140 84
705 65 101
320 24 89
327 24 89
581 2 115
165 43 84
485 13 111
486 455 129
617 552 89
602 166 124
257 817 109
300 2 114
148 67 99
285 14 96
166 469 84
665 48 85
689 23 114
146 35 91
650 761 96
373 27 94
744 14 109
299 46 99
498 217 116
145 59 86
393 402 139
285 52 125
713 685 76
674 590 149
675 597 141
795 0 91
153 59 84
760 717 81
257 691 76
507 648 104
330 62 74
336 62 75
722 44 76
162 42 84
653 813 114
651 509 91
795 252 89
796 0 129
727 305 160
460 654 77
455 166 134
315 67 80
557 356 104
663 36 89
760 0 93
797 51 105
308 18 123
765 56 95
334 465 88
339 55 84
491 19 124
493 19 88
762 1 98
507 716 114
558 399 93
270 24 93
794 778 88
685 780 99
363 295 109
495 51 93
295 46 83
770 65 93
410 66 80
164 67 93
315 59 99
782 62 103
594 24 83
732 53 80
653 730 93
660 54 98
667 27 113
373 28 89
383 18 118
466 2 84
335 602 174
644 423 111
781 426 97
479 725 80
706 65 93
332 27 94
719 420 93
307 45 98
258 736 123
472 17 108
648 36 80
245 59 105
685 11 93
465 66 93
149 55 123
485 611 88
725 35 94
620 63 94
243 36 88
502 19 95
225 555 103
710 693 103
592 14 88
418 1 105
304 10 148
706 33 98
778 36 74
675 28 73
157 33 103
733 2 89
736 2 80
629 10 72
781 54 113
497 64 97
691 650 112
455 679 114
656 65 88
791 53 92
232 293 83
263 20 124
316 32 79
420 243 93
627 777 97
304 45 102
592 45 107
487 346 114
559 26 82
286 229 93
712 420 87
479 654 94
315 18 134
473 51 75
770 428 82
495 58 102
659 27 73
342 387 97
295 354 127
816 50 129
212 35 87
250 321 122
344 9 122
267 481 87
761 58 94
715 67 104
691 53 92
690 64 127
501 64 82
718 59 103
215 54 98
776 48 89
251 467 107
256 464 91
503 10 140
601 13 96
390 481 88
228 282 111
479 1 91
439 323 83
420 2 88
392 292 87
373 402 147
296 47 86
268 298 81
682 64 92
361 15 86
279 10 133
426 51 91
300 402 103
554 803 71
629 1 81
224 23 113
659 54 96
775 36 91
215 67 112
616 594 97
153 436 153
609 45 96
356 741 101
741 359 111
683 58 116
684 58 103
233 25 112
627 58 101
403 34 81
322 611 101
600 1 153
487 22 71
229 15 86
681 11 113
771 32 86
609 46 88
600 7 111
290 26 78
284 361 101
309 47 93
286 29 71
660 403 137
644 225 122
304 8 80
454 14 100
712 32 97
715 32 77
461 64 85
267 330 171
696 51 110
231 707 136
722 28 90
725 28 90
415 51 92
285 29 77
327 364 145
142 368 137
222 676 132
219 32 100
222 253 135
323 64 142
294 25 75
322 235 97
451 31 117
346 710 110
363 277 95
348 310 110
365 312 112
364 60 80
745 371 115
554 164 90
488 700 80
590 396 81
710 28 93
306 29 104
594 29 91
296 668 84
296 669 80
482 20 89
407 56 123
321 233 89
709 399 111
234 24 101
329 47 99
149 232 146
784 29 136
270 29 84
228 45 80
358 457 91
392 15 99
283 22 99
147 555 81
328 47 94
670 553 86
602 261 89
439 17 121
784 446 112
164 20 119
148 553 99
243 47 110
294 66 89
741 12 85
277 26 79
430 0 121
299 669 85
386 25 88
599 8 88
233 34 88
328 26 75
212 357 135
557 52 78
344 60 88
365 60 78
398 14 90
603 21 79
398 19 155
399 60 83
166 389 100
396 654 123
619 63 156
340 45 88
446 323 90
235 324 88
664 25 108
361 13 108
290 158 118
228 63 123
599 26 118
484 145 89
483 679 69
656 558 74
800 41 69
347 7 159
361 7 118
297 23 89
718 552 72
227 356 69
484 707 108
400 46 97
703 292 87
595 446 82
362 224 87
307 808 74
552 713 107
745 66 102
363 434 102
356 51 117
404 31 89
287 66 87
554 53 104
557 53 89
674 41 107
603 12 69
300 711 67
156 41 87
556 1 94
385 336 107
265 610 102
599 25 82
365 615 99
162 283 107
601 446 82
279 667 68
398 31 77
288 808 107
333 12 118
404 401 81
400 343 93
672 701 132
270 376 83
278 23 87
646 705 135
334 41 86
232 1 118
787 15 77
728 20 126
660 302 86
148 335 106
287 258 76
553 51 104
483 646 73
743 242 106
304 778 91
619 444 66
168 741 86
403 357 88
394 45 76
156 669 141
255 376 106
438 29 81
150 23 131
489 66 81
234 51 134
486 58 86
354 64 198
324 728 66
742 23 86
291 63 95
377 14 67
665 312 115
279 719 75
145 15 80
280 2 75
713 292 76
617 233 141
304 50 75
338 23 122
149 24 97
358 447 75
725 385 100
279 722 86
484 7 87
654 41 81
807 677 107
308 317 85
591 310 97
783 34 80
665 454 75
670 649 155
780 34 90
806 216 145
145 601 67
787 643 135
434 29 75
700 15 120
709 277 82
329 771 100
612 377 87
720 41 65
664 24 85
642 66 105
270 148 105
643 274 77
164 605 90
335 24 90
338 24 70
226 379 75
430 21 80
335 34 90
300 66 95
323 658 90
667 16 82
314 56 133
161 60 95
616 234 110
245 60 75
656 284 105
279 19 75
553 7 100
480 770 97
676 152 165
800 2 147
641 159 135
783 252 155
671 213 138
226 20 111
403 20 89
342 26 81
306 53 71
401 47 90
374 13 74
646 24 84
446 45 74
605 701 94
305 56 95
292 58 96
150 777 179
335 152 115
287 1 74
485 50 71
151 16 96
647 60 101
602 19 74
214 308 104
407 29 75
675 457 91
296 64 74
326 142 84
329 66 69
447 220 79
308 776 139
265 20 65
274 318 99
480 50 114
331 605 94
220 30 74
784 659 129
729 15 69
604 23 96
720 599 91
653 66 115
615 20 74
668 13 86
285 775 104
403 22 114
387 57 99
284 2 69
375 63 129
457 19 77
350 12 75
773 56 113
320 1 78
594 157 73
447 31 109
616 9 104
166 58 118
711 594 68
653 282 93
379 45 129
385 7 80
649 60 83
668 436 85
322 0 103
279 783 78
255 24 78
219 15 73
809 31 63
725 314 120
725 317 138
327 10 78
446 29 64
305 0 83
661 10 128
719 256 138
147 13 78
602 151 108
488 63 88
159 45 83
717 211 138
159 13 98
599 7 66
399 801 73
592 53 78
658 14 88
804 45 83
152 58 113
677 785 125
142 53 170
806 51 107
650 453 78
710 14 79
590 10 123
668 18 108
365 330 88
430 30 79
665 615 77
677 10 153
231 9 74
592 19 87
244 46 67
143 222 94
318 31 77
279 2 88
700 63 122
158 46 92
284 11 79
258 16 84
722 326 82
431 140 77
439 143 69
434 675 89
435 672 62
671 45 107
451 53 79
151 18 82
617 310 102
654 50 137
615 148 84
150 430 77
148 31 102
140 353 62
616 153 79
277 0 72
660 342 79
401 643 62
251 45 92
396 660 72
350 669 77
162 344 112
335 435 86
249 409 78
322 7 68
210 18 86
659 0 113
654 53 116
777 46 111
619 52 73
353 670 108
659 31 61
318 404 86
409 677 66
212 13 101
344 156 88
717 11 111
804 357 81
677 615 106
773 51 121
312 235 81
356 651 81
679 343 86
238 12 91
235 166 81
597 7 76
214 1 128
806 393 76
231 669 66
362 336 66
154 232 87
784 390 72
353 333 76
601 11 97
337 617 106
454 53 106
158 265 87
711 45 80
677 47 75
707 269 86
663 21 62
332 229 80
140 357 80
158 263 86
260 156 86
647 47 72
669 20 62
713 611 67
240 47 92
611 57 80
370 47 80
650 345 70
317 233 85
453 64 80
436 56 90
227 52 90
318 20 71
316 47 75
154 29 75
611 11 60
431 63 75
226 0 62
723 228 115
678 8 80
801 21 110
808 21 75
230 778 70
168 26 65
716 31 80
143 8 85
223 10 71
361 785 104
667 20 125
615 19 89
357 58 69
774 264 75
354 7 80
229 63 69
616 651 81
453 51 89
711 392 59
357 1 86
358 1 99
772 394 96
140 21 109
401 56 64
617 2 74
446 715 79
712 265 66
158 47 69
661 26 89
394 142 79
362 51 69
449 214 69
676 9 69
154 9 105
785 25 60
809 9 65
670 30 79
446 661 88
787 9 58
679 706 79
237 17 75
611 1 78
216 8 68
711 232 73
258 407 82
651 8 83
334 448 75
775 235 68
398 52 93
152 22 71
710 20 79
659 398 81
374 712 78
379 710 78
316 661 68
778 20 103
720 8 65
256 235 98
231 0 113
775 22 83
641 334 78
153 9 83
448 166 123
447 23 73
650 20 105
716 29 78
435 63 83
718 22 64
660 665 64
778 12 59
659 808 61
358 11 72
806 721 67
166 318 64
448 647 92
165 30 72
664 30 112
255 26 72
311 313 89
252 805 70
399 0 96
219 30 77
646 665 72
168 152 82
390 50 72
782 661 114
645 715 87
251 447 74
642 668 72
251 12 77
774 332 82
333 164 77
213 444 64
240 66 76
214 30 67
449 250 96
158 720 81
142 674 71
804 332 71
447 56 81
674 675 93
148 700 63
243 722 68
347 63 89
784 720 76
677 679 91
231 7 76
806 23 81
723 335 56
643 706 71
245 213 70
447 51 76
718 23 57
678 332 86
317 23 63
649 244 71
377 727 71
658 12 76
375 0 73
158 165 86
707 165 88
721 25 76
800 643 85
168 148 110
371 7 69
168 670 85
771 215 65
140 50 75
168 249 76
332 651 75
164 58 75
314 52 62
807 58 65
721 668 85
216 648 75
710 727 58
712 216 65
701 57 85
675 157 90
151 649 80
153 719 85
712 667 75
721 315 120
674 242 75
215 718 75
709 57 68
313 11 81
713 242 74
649 58 74
210 255 64
706 723 69
646 57 55
706 11 74
240 17 86
252 253 89
787 11 74
332 719 69
333 66 79
152 63 65
640 214 84
243 63 94
677 1 69
371 64 94
649 1 94
151 1 94
243 53 89
339 11 82
783 772 119
651 154 98
153 771 86
157 771 61
804 10 83
315 53 83
651 11 63
653 58 53
728 57 76
648 0 73
252 57 73
678 64 73
710 720 83
656 51 73
713 63 64
213 17 63
640 57 77
715 1 118
250 782 67
336 0 62
780 58 94
727 53 68
338 64 72
648 58 77
210 1 62
257 51 73
667 63 82
654 778 67
339 7 57
772 50 77
214 651 82
720 770 67
334 7 77
219 2 77
776 57 56
729 50 73
210 17 96
253 0 86
713 58 66
211 58 85
