140 290 69
140 13 102
140 671 102
141 416 75
141 757 186
141 29 64
142 66 151
142 69 214
142 48 156
142 628 119
142 52 96
142 436 98
142 538 221
142 284 124
143 264 81
143 769 100
143 39 141
144 0 75
144 176 109
144 230 92
145 548 137
145 470 115
145 39 141
145 54 141
145 23 145
145 772 66
147 34 155
147 67 103
147 36 112
147 262 114
147 9 142
147 17 79
148 0 78
148 3 103
148 6 107
148 624 79
148 50 93
148 444 81
149 752 196
149 12 79
149 54 77
150 538 241
150 27 181
150 52 120
150 62 73
150 15 152
152 36 77
152 620 75
152 30 68
152 255 75
153 602 111
153 35 78
153 31 122
154 34 125
154 807 110
154 715 98
154 2 151
154 272 146
154 25 72
154 189 125
154 446 69
155 58 73
155 67 78
155 295 71
157 357 75
157 433 113
157 372 81
157 247 81
157 58 143
157 445 99
158 539 159
158 28 196
158 805 86
158 471 79
158 7 158
159 27 73
159 9 92
159 26 63
159 171 95
159 759 118
160 608 101
160 401 86
160 14 80
160 46 114
160 31 64
161 56 134
161 40 127
161 346 92
161 316 88
162 616 67
162 489 156
162 287 153
163 32 99
163 67 115
163 773 150
163 424 148
163 19 159
163 630 139
163 61 158
165 344 92
165 482 72
165 203 118
166 56 132
166 720 66
167 371 99
167 12 179
167 413 197
169 623 81
170 0 112
170 778 113
170 438 193
171 41 207
171 636 171
171 63 101
172 257 111
172 2 131
172 553 100
172 50 105
172 147 205
172 54 136
172 24 158
173 0 103
173 28 146
173 239 101
173 752 147
173 59 213
173 284 160
173 829 203
174 208 179
174 3 190
174 15 98
175 28 214
176 45 173
176 692 102
176 5 198
176 55 136
177 58 111
177 798 118
178 610 106
178 7 128
178 520 186
178 13 156
178 782 127
178 757 159
178 22 100
178 191 130
179 838 157
179 266 141
179 44 164
179 23 117
179 59 161
179 253 93
180 411 202
180 12 98
180 398 188
180 39 238
182 24 99
182 18 131
182 428 127
182 799 152
184 4 133
184 37 164
184 11 120
184 44 108
184 25 134
184 31 132
185 297 100
185 66 195
185 684 202
185 591 104
187 559 114
187 55 113
187 4 122
187 53 189
187 415 212
188 440 180
188 59 170
191 52 211
191 54 174
191 766 122
193 163 103
193 708 126
193 54 207
193 55 108
194 1 226
196 67 167
197 58 99
197 2 111
197 763 142
197 5 172
197 69 178
198 68 220
198 692 137
198 357 101
200 3 195
200 148 169
201 528 163
201 26 205
201 149 184
201 398 128
203 395 97
203 677 184
203 10 96
203 11 105
203 50 182
203 51 176
203 645 184
204 35 157
204 389 150
204 424 110
204 241 109
204 727 125
204 284 201
205 675 127
205 29 165
206 485 124
206 61 148
207 33 126
207 18 231
208 22 123
209 64 100
209 59 166
209 28 136
210 516 107
210 804 93
210 45 96
210 54 71
211 512 102
211 42 85
211 45 78
211 407 76
212 450 128
212 37 143
212 5 144
215 684 141
215 152 94
215 692 109
215 725 96
215 182 107
215 824 148
218 517 163
218 14 78
218 19 172
218 52 163
218 22 71
218 601 64
219 32 84
221 64 94
221 771 100
221 36 169
221 37 122
221 9 91
221 30 73
221 607 108
222 42 183
222 294 111
224 451 127
224 796 89
224 37 122
225 593 86
225 683 152
225 345 104
227 391 98
229 40 177
229 549 124
230 826 170
230 53 103
230 61 122
231 26 126
231 3 170
231 406 96
233 57 141
233 562 118
233 59 203
233 614 101
234 24 155
237 0 178
237 21 96
237 238 112
237 662 100
238 56 153
238 523 201
238 45 67
238 670 84
238 671 119
239 32 110
239 4 92
239 69 126
239 42 104
239 13 119
239 302 103
240 66 83
240 487 91
240 13 98
240 158 81
240 647 67
241 792 159
241 20 73
241 19 74
241 284 169
241 222 76
243 705 172
243 298 69
243 770 85
244 8 110
244 701 77
245 27 82
246 68 197
247 40 160
247 749 102
248 24 86
248 19 67
248 380 127
250 68 192
250 46 98
250 816 73
250 20 124
250 534 151
250 504 160
250 348 168
252 35 169
252 211 128
252 335 75
252 19 73
252 374 111
252 25 130
253 12 137
253 19 100
253 676 103
253 475 73
254 64 96
254 32 109
254 26 89
254 307 175
255 723 83
255 36 158
255 5 103
255 38 127
255 303 78
256 16 178
256 11 61
256 12 87
257 577 75
257 611 194
257 700 120
257 661 121
259 30 80
260 56 107
260 42 82
260 7 167
261 624 70
261 585 73
261 376 141
261 57 64
262 49 125
262 27 78
262 38 124
262 665 100
264 16 154
264 11 112
266 16 154
266 793 184
266 44 71
266 22 110
268 1 83
268 12 101
269 432 129
270 25 72
270 34 87
270 13 110
270 46 67
272 4 183
273 818 75
273 798 204
273 23 111
274 4 158
274 264 86
274 626 177
274 53 80
274 61 121
274 30 87
275 5 167
275 7 167
275 810 152
275 566 150
275 697 147
275 221 76
275 830 132
276 40 161
276 538 153
276 68 137
276 39 258
278 273 180
278 819 97
278 25 181
281 32 74
281 392 133
281 20 95
281 14 109
281 607 137
282 56 141
282 10 125
282 45 206
284 680 76
284 7 162
284 167 243
284 287 105
286 0 139
286 180 153
287 627 80
287 610 118
287 19 105
287 597 183
287 761 81
287 58 112
287 827 136
287 30 170
288 688 86
288 8 192
288 630 133
288 201 215
289 278 121
289 31 102
290 24 118
290 64 95
290 325 204
290 49 144
291 6 148
291 318 150
292 785 132
292 169 151
292 23 205
293 366 211
293 727 110
294 25 86
294 54 106
295 1 105
295 506 187
295 820 144
296 256 255
296 13 109
296 69 239
296 47 144
297 24 143
297 434 165
297 62 166
297 479 84
298 66 84
298 300 92
298 37 208
298 69 149
299 416 118
299 50 160
299 587 81
299 54 131
300 460 78
300 61 183
302 555 151
302 779 195
302 369 164
302 5 123
302 39 228
303 64 122
303 685 82
303 318 109
305 554 121
305 19 108
308 405 87
308 31 149
309 144 81
309 43 127
309 282 144
309 147 106
309 29 111
312 194 188
312 6 177
312 46 147
312 793 142
312 218 83
312 27 138
312 508 163
316 816 80
316 333 67
316 54 77
318 43 176
318 12 99
319 8 144
319 51 64
319 45 134
319 38 161
319 21 76
320 720 107
320 594 113
320 11 115
320 838 169
321 21 69
321 30 74
321 39 163
322 521 223
322 802 83
322 434 71
322 465 80
323 487 89
323 667 77
323 47 83
324 696 152
324 10 103
324 51 93
324 172 110
325 5 96
326 64 70
326 17 87
326 19 93
326 20 142
326 55 83
326 29 107
328 18 75
328 31 106
329 675 75
329 38 134
329 39 152
329 8 86
329 369 102
329 19 93
329 55 95
329 59 78
332 50 179
332 4 94
332 10 77
333 704 157
333 33 83
333 2 120
333 11 63
333 495 107
333 340 75
333 27 155
335 16 69
335 17 75
335 69 198
335 446 145
335 7 143
336 577 80
336 35 171
336 9 75
336 12 89
336 209 109
336 28 86
338 44 168
338 31 63
339 48 83
339 43 111
339 68 173
340 48 94
340 298 137
340 54 108
341 160 179
341 47 114
341 172 123
341 6 246
341 303 155
342 40 137
342 167 79
343 16 94
343 797 116
344 720 126
344 210 259
344 647 85
344 13 152
344 639 213
345 725 83
345 15 100
345 669 211
345 5 167
346 21 118
347 744 87
347 433 94
347 51 112
347 37 122
348 2 154
348 59 109
348 618 100
349 809 166
349 19 118
349 6 121
349 831 133
350 49 131
350 482 175
350 655 104
352 2 74
352 378 90
352 588 78
352 53 93
354 448 99
354 16 94
354 34 78
354 45 120
354 498 97
357 25 129
357 812 186
357 9 119
358 48 99
358 9 89
358 599 176
358 639 174
359 48 149
359 3 121
359 475 136
359 159 81
360 49 219
360 10 121
360 487 88
361 816 89
361 193 114
361 33 92
363 37 109
363 142 93
364 233 99
364 210 97
364 484 131
364 18 106
364 9 69
365 50 151
365 18 110
365 55 122
365 165 134
365 15 66
366 488 113
366 66 110
368 32 130
368 18 106
368 158 74
369 58 114
370 33 130
370 2 106
370 67 100
370 386 150
370 142 97
371 32 113
371 9 140
371 51 83
371 56 170
372 320 231
373 768 112
373 602 94
373 36 125
373 22 176
373 623 87
374 398 97
374 17 110
374 50 99
374 19 105
374 57 98
374 59 140
376 25 120
376 59 80
376 252 88
377 16 160
377 259 178
377 690 122
377 603 86
378 144 192
379 1 153
379 68 156
379 807 188
379 16 170
379 629 192
379 27 81
380 6 167
380 166 217
380 711 165
380 42 111
380 55 115
380 633 200
380 60 176
381 696 87
381 579 150
381 670 122
381 47 110
382 5 168
382 542 204
382 55 95
383 708 106
383 244 129
384 48 115
385 1 140
385 250 168
386 379 89
386 663 72
387 60 111
388 545 209
388 690 117
389 0 100
389 176 119
389 58 108
390 448 113
390 67 98
390 62 124
391 830 239
391 22 116
391 733 105
392 64 120
392 10 187
392 43 106
392 357 93
392 47 106
393 17 83
393 29 125
393 47 91
394 562 114
394 782 69
394 342 136
395 34 160
395 47 81
395 275 149
395 54 113
395 27 113
395 62 114
395 383 129
396 55 148
397 452 95
397 742 86
397 167 170
397 372 174
397 252 150
397 31 83
398 421 146
399 44 75
399 67 88
399 60 120
399 63 117
401 385 110
401 2 102
401 364 97
401 37 122
401 25 126
403 64 78
403 816 91
403 39 173
405 436 132
406 366 109
407 816 101
407 343 112
407 568 87
407 762 152
407 61 158
407 62 105
409 16 157
409 60 131
409 498 132
409 4 218
409 254 93
411 0 217
411 793 122
411 10 87
411 9 215
412 66 203
412 12 171
412 182 279
413 48 93
413 18 151
413 36 117
413 426 148
413 239 127
414 66 183
414 539 263
415 602 169
415 215 132
416 3 151
416 207 156
417 10 88
417 557 120
417 725 112
419 528 185
419 689 110
419 29 175
420 196 149
421 0 171
421 201 183
421 12 176
421 446 162
421 33 167
422 40 199
423 291 93
423 618 98
423 795 164
423 12 180
423 487 131
424 17 121
424 51 108
424 12 128
424 709 108
424 57 89
426 66 185
426 238 110
427 372 163
427 29 114
428 739 139
428 6 274
430 48 170
430 584 85
430 555 136
430 13 94
431 616 191
431 538 161
431 149 117
431 725 99
432 2 93
432 10 109
432 50 129
432 29 121
432 763 93
433 16 98
433 57 88
433 34 132
433 714 95
433 38 226
434 29 178
434 13 143
434 518 125
434 55 90
436 185 221
436 731 197
436 677 111
437 739 187
437 390 109
438 65 136
438 807 87
440 266 140
440 11 119
440 55 176
442 354 134
442 357 106
442 369 206
442 456 72
442 55 111
442 46 163
442 488 135
442 23 94
442 828 149
442 5 122
443 571 111
443 307 101
443 742 161
444 57 94
444 478 113
445 680 113
445 728 171
446 68 246
446 6 156
446 493 134
446 239 155
446 58 127
446 61 155
448 21 134
448 23 191
449 25 111
449 26 209
450 42 150
450 427 128
450 44 90
450 13 220
450 750 158
450 467 106
450 238 201
451 721 119
451 820 144
451 381 213
452 69 280
452 389 163
454 19 216
454 21 95
455 64 149
455 18 101
455 782 83
456 62 102
456 302 108
456 6 163
458 224 145
458 69 164
458 43 75
458 44 139
458 13 133
458 50 66
459 193 259
459 39 171
459 456 95
459 499 169
459 600 83
459 345 82
460 224 218
460 768 115
460 19 146
460 761 125
461 34 121
461 14 89
461 52 107
461 438 161
461 26 143
461 539 228
462 504 139
462 18 85
462 69 205
463 4 191
463 145 159
463 8 96
463 12 124
463 428 138
463 17 97
463 634 217
463 698 149
463 638 202
464 816 139
464 32 105
464 50 81
464 24 119
464 592 84
465 193 140
465 36 142
465 11 178
465 399 109
465 688 90
465 54 147
466 35 98
466 403 105
466 188 203
466 839 198
467 771 176
467 20 110
467 13 183
467 455 99
468 57 115
468 51 185
469 387 133
469 552 83
469 46 80
469 434 111
469 828 184
469 254 96
470 34 217
470 67 92
470 28 136
470 31 112
471 24 155
471 65 175
471 412 125
472 27 183
472 44 170
472 51 156
472 348 135
473 3 198
474 3 150
474 5 176
474 11 128
474 15 82
474 630 173
474 376 124
474 31 114
478 43 111
479 377 127
479 411 94
479 60 199
479 45 132
479 599 105
480 2 135
480 36 165
480 8 127
480 685 177
480 53 95
480 54 105
481 513 169
481 61 183
482 584 165
482 210 165
484 66 85
484 19 74
484 415 167
485 729 135
485 626 108
485 179 110
487 5 166
487 41 94
487 421 113
487 434 104
487 62 166
487 63 137
488 66 81
488 14 192
489 41 74
489 10 169
489 326 121
489 422 138
490 772 94
490 636 193
490 21 182
490 22 110
491 18 113
491 578 124
491 21 145
491 54 99
491 31 168
493 41 138
493 61 167
493 62 114
493 193 211
494 17 109
495 45 100
495 726 176
495 39 222
496 27 123
496 623 141
496 726 118
496 663 113
497 24 133
497 50 203
498 46 231
499 559 104
499 14 135
499 31 140
500 52 95
500 828 155
500 244 144
500 790 167
500 60 125
501 0 88
501 52 151
501 675 250
501 20 206
501 798 132
504 44 141
504 395 160
504 12 112
504 437 193
504 6 145
505 16 108
505 52 90
505 165 105
505 191 140
506 68 233
506 15 149
507 768 180
507 55 118
507 44 186
507 411 120
507 63 182
508 542 242
509 144 132
509 44 106
509 829 175
510 42 114
510 27 183
510 61 157
510 467 105
510 519 165
512 529 201
512 51 176
512 757 177
512 38 201
512 281 160
513 412 102
513 36 133
514 24 107
514 833 163
514 634 190
514 757 174
514 31 102
516 57 101
516 442 142
516 67 100
516 444 108
516 147 205
517 385 129
517 41 136
517 679 94
518 706 200
518 620 102
518 22 129
519 41 111
519 37 255
520 655 275
520 54 164
520 7 147
521 451 283
521 709 262
521 41 224
521 366 240
521 53 254
521 9 145
521 412 157
522 52 228
522 53 254
522 342 260
523 11 172
523 390 162
523 150 176
523 431 139
524 57 233
524 18 149
526 320 181
526 329 171
526 300 157
526 461 162
526 18 234
526 20 179
526 25 272
526 26 228
526 221 235
527 360 150
527 25 252
527 642 156
527 16 150
528 40 248
528 44 168
528 29 228
529 12 219
529 68 219
529 717 175
529 735 212
531 497 239
531 10 167
531 62 237
531 782 173
534 147 303
534 143 154
537 56 169
537 705 201
537 67 202
537 187 233
538 576 162
538 393 306
538 55 246
539 744 190
539 513 216
539 47 305
541 24 183
541 204 195
541 53 153
542 0 131
542 8 144
542 266 192
542 50 160
542 398 169
542 594 243
542 52 162
542 565 211
544 64 260
544 559 132
545 336 180
545 371 132
545 21 239
545 725 168
546 769 238
546 642 155
546 222 134
546 206 189
548 64 150
548 44 148
548 21 209
549 720 146
549 585 140
549 59 151
549 13 154
550 54 77
550 23 111
552 46 80
553 2 94
553 54 77
553 520 171
553 338 113
553 723 84
553 245 106
553 22 202
553 23 78
554 234 228
554 21 122
555 752 127
555 33 154
555 13 182
555 191 146
556 527 151
556 401 209
556 35 159
556 15 71
559 818 131
559 467 79
559 596 115
559 30 132
560 48 89
560 44 87
560 807 163
562 64 110
562 4 150
562 489 145
562 43 97
562 526 153
562 436 85
562 14 113
562 729 236
565 194 146
565 59 94
565 395 103
565 61 148
566 628 91
566 67 89
566 395 138
566 21 167
568 1 81
568 685 97
568 150 123
568 41 115
569 41 78
569 475 97
569 21 122
569 14 119
570 32 118
570 3 313
570 39 203
570 428 93
570 18 162
570 57 133
571 448 151
571 41 121
571 755 146
571 698 192
571 667 233
571 735 87
572 19 124
575 200 192
575 12 154
575 59 85
575 52 216
575 454 123
576 56 153
577 0 150
577 9 87
577 45 120
578 513 155
578 31 87
578 148 113
578 701 122
578 41 78
579 248 157
579 11 108
583 41 94
583 531 185
585 67 95
585 68 150
585 9 142
585 52 120
585 54 120
585 4 139
587 10 116
587 227 193
587 54 85
587 6 113
588 454 173
588 46 192
590 25 145
590 60 149
590 53 142
590 804 90
591 25 180
591 2 91
591 52 83
591 45 63
592 9 185
592 451 156
593 65 168
594 346 150
594 43 120
596 65 165
596 795 162
596 36 143
596 46 79
596 47 127
597 49 190
597 42 136
597 38 150
598 64 82
598 587 123
598 68 227
598 270 123
598 519 127
599 54 98
599 715 96
599 52 100
599 187 129
599 30 241
600 45 92
600 30 116
601 45 72
601 23 97
601 44 180
601 5 133
601 31 131
602 67 172
602 584 97
602 494 139
602 22 75
602 25 107
602 29 149
602 62 92
603 56 102
603 768 115
603 637 192
603 601 119
604 16 151
604 66 175
604 675 110
604 775 107
607 64 140
607 69 236
607 41 91
607 45 82
607 697 99
607 58 220
608 49 170
608 339 101
608 11 128
610 0 84
610 34 89
610 7 82
610 163 155
610 39 168
611 698 117
612 32 212
612 67 90
612 30 113
612 62 81
613 1 84
613 15 124
614 69 123
614 39 188
614 296 161
614 11 165
614 49 197
614 21 165
616 57 127
616 44 87
616 6 144
616 548 134
617 440 130
617 608 111
617 344 86
618 555 80
618 29 142
618 54 140
618 15 101
620 769 120
620 42 141
620 68 183
620 189 191
620 831 153
622 0 102
622 741 196
622 44 100
622 622 210
622 51 134
622 20 115
622 149 139
623 6 235
623 8 171
623 618 123
623 781 114
623 468 97
623 191 200
623 31 132
624 1 102
624 509 139
625 49 230
625 711 208
626 50 140
626 42 111
626 45 118
626 591 94
627 52 123
627 45 117
627 319 110
628 193 135
628 386 149
628 67 113
628 4 196
628 15 124
628 58 140
628 28 137
629 369 93
629 802 193
629 43 89
629 53 113
630 41 170
630 463 209
631 64 198
631 426 231
631 26 139
631 14 153
631 559 187
633 553 153
633 60 192
633 518 185
634 44 203
634 30 154
635 40 228
635 24 173
635 67 141
635 463 138
636 1 175
636 163 163
636 36 146
636 7 204
636 14 208
636 696 183
637 24 245
637 664 201
637 622 153
637 7 148
638 57 169
638 10 195
638 52 151
638 261 287
639 49 224
639 69 193
639 294 142
639 23 200
641 16 95
641 185 120
641 36 104
641 69 177
642 69 127
642 519 113
642 206 111
642 53 64
642 26 172
642 29 98
642 287 71
643 0 74
643 345 92
644 38 138
644 55 89
645 792 98
645 651 174
645 165 67
646 8 105
646 819 181
647 56 144
647 1 159
647 455 147
649 276 94
649 610 150
649 60 80
649 493 111
650 9 62
650 637 127
651 776 97
651 35 77
652 8 206
652 41 152
652 26 80
652 254 84
652 647 75
655 1 63
655 37 120
655 65 78
655 652 64
655 528 181
655 52 73
655 734 73
657 377 102
657 42 75
657 62 113
657 153 80
659 739 180
659 36 158
659 709 84
659 38 224
659 231 81
659 15 77
659 19 105
659 796 89
660 18 140
660 43 116
660 20 74
660 403 67
660 206 112
661 28 77
662 65 80
662 18 170
662 43 97
662 28 147
662 4 109
663 25 116
663 59 126
663 13 102
663 6 203
664 0 121
664 8 164
664 34 105
664 547 164
665 520 131
665 44 76
665 59 126
665 444 130
667 497 189
667 386 92
668 761 92
668 42 77
668 43 91
668 6 108
669 808 81
669 416 158
669 203 134
669 660 138
670 41 72
670 338 99
670 411 153
670 20 83
671 290 69
671 579 77
671 612 76
671 69 122
671 12 98
671 50 93
672 66 161
672 406 108
674 0 185
674 41 72
674 34 79
674 253 75
675 679 87
675 39 142
675 46 128
675 52 75
675 21 118
675 382 72
675 31 122
676 547 160
676 28 121
676 349 160
676 30 59
677 24 140
677 244 66
677 554 110
677 155 110
677 44 130
679 1 100
679 420 126
679 7 66
679 41 66
679 366 85
679 23 79
679 201 109
679 348 95
680 32 105
680 565 103
680 750 174
683 512 118
683 275 258
683 406 141
684 777 111
684 44 96
685 320 156
685 550 83
685 652 113
685 592 105
685 59 138
685 28 109
688 33 173
688 27 143
688 684 180
688 239 114
689 7 75
689 11 125
689 688 140
689 23 117
689 541 191
689 479 125
690 64 107
690 18 113
690 35 134
690 189 202
690 238 155
691 268 194
692 56 107
692 198 175
692 14 80
693 27 158
693 460 233
693 517 147
694 0 113
694 827 250
694 790 150
694 62 93
694 349 141
695 576 178
695 668 145
696 526 236
696 391 135
698 491 176
698 245 122
698 6 235
700 0 110
700 67 139
700 683 75
700 747 108
701 55 133
703 35 140
703 474 86
703 691 85
703 15 167
704 705 87
704 419 125
704 69 152
704 775 104
704 45 72
704 15 105
704 17 190
704 18 144
704 505 107
704 26 73
705 59 195
705 47 74
706 513 132
706 2 66
706 660 110
706 39 194
707 68 194
707 15 152
708 9 105
708 26 65
708 19 74
708 373 162
708 6 117
709 201 128
709 52 120
709 54 73
711 35 104
711 44 77
714 411 134
714 68 167
715 11 89
715 13 72
715 62 113
717 56 128
717 28 87
717 436 75
717 366 108
717 463 77
718 16 66
718 39 152
718 8 105
718 688 139
718 24 78
718 63 72
718 61 167
718 799 88
720 754 148
720 587 91
721 16 148
721 49 123
721 12 110
723 48 154
723 59 122
725 810 94
725 68 151
726 69 114
726 7 156
726 555 119
726 557 84
726 176 92
726 53 73
726 598 84
726 58 131
726 31 73
727 49 140
727 18 85
727 380 79
727 257 81
728 41 82
728 556 70
728 51 80
728 26 78
728 765 114
728 350 93
728 63 182
729 745 106
729 618 74
729 44 149
729 269 154
729 26 123
729 28 87
730 25 153
730 4 162
731 25 138
731 254 158
733 17 88
733 782 125
734 684 95
735 62 93
736 520 251
736 778 83
737 30 127
737 799 123
738 65 200
738 170 132
738 556 83
738 662 82
739 66 188
739 28 169
740 9 106
740 59 144
740 636 179
740 37 106
740 46 106
741 461 147
741 46 196
742 20 112
742 491 157
742 556 165
742 252 164
743 57 187
743 69 248
743 557 110
744 31 113
744 489 100
744 18 136
744 363 87
744 33 129
745 600 110
745 382 110
745 414 121
745 391 138
746 8 148
746 361 82
746 733 101
747 625 96
747 10 88
747 60 91
747 21 77
747 15 190
749 291 121
750 244 183
750 44 159
751 24 179
751 386 183
751 692 169
752 812 159
752 431 247
752 176 176
752 761 170
752 28 183
752 29 235
754 17 148
754 2 132
754 660 144
754 46 133
754 9 239
755 344 178
755 760 150
755 35 172
756 10 166
756 29 164
756 246 166
757 42 195
757 396 154
757 52 197
757 53 156
757 349 157
757 222 192
759 1 204
759 309 142
760 45 118
762 624 95
762 66 134
762 743 93
763 17 208
763 13 122
763 222 114
765 53 108
765 46 150
766 705 100
766 465 91
766 3 134
766 12 113
766 473 96
768 153 235
768 475 125
768 61 157
768 59 93
769 58 116
769 13 257
769 62 124
770 832 153
770 585 173
770 14 104
770 54 77
770 23 70
770 409 118
770 382 80
771 66 106
771 5 199
771 584 158
771 9 103
771 624 150
771 57 62
772 43 94
772 370 71
772 35 199
772 822 133
772 811 110
773 709 69
773 13 99
774 480 124
774 60 62
775 38 170
776 795 97
776 655 138
776 23 92
777 683 139
777 604 132
778 185 104
778 41 70
778 31 123
779 601 129
779 42 77
779 3 111
779 58 65
781 31 90
781 13 150
781 38 193
781 15 104
782 3 194
782 646 108
782 12 79
782 376 82
782 341 85
782 56 156
783 37 224
783 6 107
783 45 71
783 19 82
783 22 94
783 759 134
785 8 73
785 33 108
785 6 106
785 54 101
785 39 215
788 352 64
788 66 71
788 29 74
789 48 81
789 58 91
790 8 227
790 381 120
790 46 95
790 29 126
791 1 151
791 346 249
791 4 263
791 26 136
792 361 127
792 58 159
792 44 132
792 318 101
793 25 86
793 58 212
793 155 125
793 45 110
793 14 95
794 688 125
794 828 211
794 412 95
794 566 122
795 16 152
795 539 159
795 548 158
795 30 117
796 1 136
796 15 105
796 276 89
796 223 132
796 479 106
797 0 89
797 17 124
797 701 80
798 288 112
798 1 128
798 41 108
798 693 205
798 27 93
798 31 165
799 37 151
799 38 155
799 383 148
800 521 199
800 34 81
800 474 111
800 783 67
802 59 114
802 421 106
805 19 85
806 560 202
806 386 182
807 652 94
807 68 201
807 53 85
807 63 74
808 527 141
808 29 96
808 69 194
809 50 150
809 26 74
809 599 101
810 505 145
810 45 168
810 30 227
811 24 203
811 65 180
811 379 139
811 663 105
812 689 94
812 234 185
812 3 185
812 314 120
813 210 133
813 39 232
814 27 94
814 36 148
814 39 217
816 738 140
816 6 161
816 19 170
816 53 108
816 60 134
816 405 168
817 260 145
817 245 139
818 25 75
818 449 124
819 474 131
819 19 167
819 766 95
819 63 116
820 17 157
820 274 193
820 727 167
822 38 259
822 6 242
822 424 188
822 498 225
822 693 170
822 55 252
824 67 178
824 55 162
824 196 166
824 7 155
826 64 177
826 17 187
826 42 149
826 4 311
827 64 190
827 341 163
829 16 172
830 49 239
830 218 126
830 491 149
830 519 186
831 57 154
831 68 266
831 53 186
831 33 192
832 320 180
833 152 163
833 13 168
838 33 162
838 218 151
838 67 242
838 20 174
838 415 148
839 68 232
839 538 277
839 284 136
839 62 182
839 207 240
