142 60 301
142 4 253
143 9 103
144 22 126
144 463 243
144 48 250
144 52 106
144 598 153
144 191 209
145 61 172
146 408 231
146 49 187
146 67 347
146 51 104
146 4 255
147 318 274
147 55 267
148 657 134
148 4 257
148 781 232
149 354 107
150 642 221
151 32 275
151 33 239
151 41 134
154 553 196
154 18 359
154 227 142
154 443 340
154 494 145
155 35 302
155 811 250
155 46 230
155 50 236
155 790 103
155 729 120
155 699 118
156 792 122
156 328 81
156 6 151
157 325 273
157 46 242
158 48 110
158 611 303
158 62 115
159 611 338
160 385 139
160 674 233
160 68 232
160 745 95
160 12 386
160 243 99
160 52 328
160 59 223
160 540 133
160 29 137
161 674 128
161 9 236
161 14 130
161 15 91
161 49 197
161 29 130
163 8 119
163 18 128
165 689 196
165 422 84
165 657 171
166 28 119
166 4 268
166 53 175
167 1 333
167 18 103
168 33 102
168 3 271
168 713 114
168 46 148
168 752 282
168 59 177
169 812 322
169 366 313
170 8 106
170 194 167
170 707 246
171 8 145
171 569 165
171 4 168
171 53 110
171 471 291
172 40 165
172 57 188
172 63 167
173 460 196
173 54 396
174 264 401
174 52 134
174 62 146
175 65 247
175 2 256
175 742 346
175 838 287
176 64 311
176 16 168
176 14 243
176 47 153
180 524 230
181 0 157
181 65 134
181 747 157
181 373 170
181 149 120
183 6 163
185 16 252
185 834 201
186 24 135
186 647 263
186 21 180
186 45 313
186 495 133
187 65 210
187 49 173
187 33 264
190 33 114
190 294 155
190 62 281
190 215 201
191 26 347
191 28 130
191 494 229
191 62 136
191 23 270
193 2 214
193 684 132
194 352 251
194 33 144
194 19 123
194 458 140
194 16 197
194 627 216
194 10 154
196 448 226
196 65 179
196 730 276
196 30 171
199 568 278
199 66 246
199 43 271
199 613 142
199 15 329
201 0 165
201 188 158
201 295 270
202 504 403
202 1 208
202 43 322
202 173 182
202 47 146
205 8 156
205 57 209
205 43 232
205 12 327
205 30 321
206 19 365
206 3 178
206 533 233
206 751 201
208 48 222
208 579 154
209 35 134
209 4 329
209 615 139
209 201 254
209 364 137
209 397 151
209 51 152
209 570 360
209 63 133
210 56 127
210 41 237
210 42 244
210 532 166
210 22 124
211 450 119
211 68 188
211 253 214
212 41 125
212 469 112
212 814 172
212 553 245
214 200 160
214 791 196
215 240 184
215 8 121
215 58 111
215 11 224
215 165 147
216 68 185
216 747 180
216 20 81
216 69 236
216 14 131
218 35 287
218 684 314
218 615 136
219 1 113
219 620 223
219 310 99
219 38 297
219 399 217
220 521 141
220 38 290
220 15 194
221 50 214
221 62 127
222 65 119
222 22 194
222 811 317
222 790 112
222 57 230
222 349 120
223 41 239
223 638 210
224 19 105
224 556 96
224 21 250
224 653 221
226 358 101
227 689 172
227 11 208
227 20 140
227 54 171
227 174 208
228 34 200
228 35 133
228 710 305
228 10 103
228 22 98
228 440 134
228 31 255
228 63 105
229 570 235
229 31 108
230 2 99
230 53 176
231 615 224
231 455 139
231 230 83
231 735 348
232 65 240
232 66 155
232 748 144
232 690 86
232 54 350
232 58 101
233 452 226
233 46 105
233 334 175
234 2 240
234 67 325
234 28 132
234 589 108
235 784 107
235 779 98
235 324 119
235 31 137
236 18 332
236 50 194
236 47 221
237 10 92
237 596 96
237 477 237
237 38 277
237 61 164
239 57 84
239 60 249
239 52 216
240 64 244
240 65 206
240 53 113
241 17 222
241 629 242
241 46 219
241 375 226
242 728 432
242 285 228
242 62 115
243 32 185
243 59 182
243 645 121
243 23 96
245 8 121
245 42 236
245 14 269
245 57 137
245 507 118
245 383 115
246 56 111
246 58 118
246 50 121
247 721 144
247 23 121
247 284 117
247 57 228
247 831 146
250 36 287
251 251 130
251 364 237
251 807 271
252 826 191
252 68 194
252 21 220
252 389 111
253 450 132
253 803 114
253 11 234
253 221 338
253 16 133
253 691 349
253 823 251
253 600 130
253 58 243
253 284 84
253 349 270
254 355 122
254 69 188
254 295 119
254 534 328
254 216 117
254 26 186
254 767 200
255 291 226
255 8 125
255 47 227
255 16 118
255 340 256
255 280 138
255 28 192
257 603 245
257 42 478
257 19 303
257 60 108
257 22 314
258 24 245
258 14 185
258 30 173
258 422 104
259 792 138
259 65 291
259 422 292
261 19 108
261 52 244
261 39 299
262 64 282
262 717 298
264 432 245
264 6 149
267 68 175
267 69 166
267 748 231
267 16 115
267 282 258
267 605 99
268 64 98
268 409 124
268 482 87
269 35 140
271 683 165
271 47 198
271 246 232
271 792 179
271 317 140
271 446 109
272 689 130
272 36 205
272 45 137
272 47 250
274 35 193
274 68 325
274 69 190
274 455 101
274 47 292
274 356 147
274 36 244
275 196 203
275 596 112
275 21 118
276 440 254
276 65 237
276 818 194
276 767 207
277 1 231
277 3 136
277 239 87
277 48 262
277 732 127
277 62 104
279 26 94
279 4 177
279 18 276
280 636 149
280 151 262
282 64 109
282 37 247
282 815 106
282 149 87
282 495 113
282 445 99
284 15 155
285 0 120
285 67 296
285 207 166
286 42 158
286 188 185
286 21 116
286 63 108
287 63 109
287 503 264
287 4 224
287 630 177
287 319 232
288 515 118
288 490 120
288 14 106
288 62 178
288 792 127
288 185 246
288 234 298
288 30 201
289 57 300
289 391 448
290 160 119
290 3 270
290 613 129
290 6 126
290 23 116
290 247 103
290 63 266
291 40 295
291 292 107
292 50 198
294 649 171
294 554 137
294 683 91
294 462 106
294 25 293
294 57 99
295 331 207
295 60 95
295 150 120
295 7 101
296 2 98
296 3 341
296 39 184
296 747 183
296 386 98
296 241 183
296 379 181
297 40 212
297 664 105
297 166 205
297 358 112
298 65 257
298 33 170
298 39 182
298 786 225
298 26 122
298 446 196
299 64 233
299 38 147
299 45 169
299 653 90
299 58 115
299 60 105
300 16 120
300 155 111
300 797 237
300 831 322
304 65 182
304 683 204
305 633 174
305 610 92
305 60 125
305 66 113
306 482 106
306 226 115
306 341 168
306 773 116
307 501 167
307 789 86
308 161 110
308 522 166
308 69 281
309 305 238
309 58 94
309 834 143
309 766 250
310 801 95
310 61 228
310 29 258
310 13 121
310 729 121
311 41 308
311 565 247
312 51 187
312 52 231
312 38 227
312 15 104
313 37 141
313 47 269
315 784 193
315 831 168
315 541 175
315 55 209
316 40 176
316 434 278
316 19 221
317 27 119
317 3 270
317 163 71
317 30 192
318 0 197
318 465 131
318 506 122
318 41 316
319 4 108
319 653 283
320 258 308
321 12 273
322 441 307
322 474 220
322 28 260
322 317 106
324 35 258
324 47 237
324 18 139
324 179 148
324 659 195
324 56 143
324 762 273
324 29 210
325 369 206
325 395 302
325 62 247
325 59 126
326 611 142
326 42 134
326 14 113
326 35 289
326 21 77
326 25 103
326 60 123
326 414 289
328 363 127
328 68 397
328 38 177
331 186 283
331 788 95
332 528 184
332 557 147
332 13 127
332 39 210
333 48 118
333 8 145
333 188 270
334 300 131
334 206 132
334 816 142
334 51 192
334 25 115
334 827 202
334 348 93
336 539 312
336 45 194
337 43 126
337 358 103
339 820 178
340 608 110
340 33 121
340 749 119
340 742 104
341 553 113
341 49 284
341 567 134
343 288 352
343 272 220
343 36 128
343 670 191
344 57 109
346 527 200
346 29 174
346 6 111
346 342 110
346 39 322
347 617 214
347 66 252
347 245 229
348 490 95
348 346 133
348 802 126
349 489 237
349 51 253
349 191 259
352 684 185
352 59 131
352 68 295
352 534 189
352 1 297
353 50 323
353 227 106
353 557 182
353 13 280
354 186 378
355 684 156
356 16 134
356 8 311
356 315 178
356 63 249
358 688 240
358 57 329
358 47 382
359 35 164
359 173 236
360 801 239
360 317 286
360 199 317
362 193 142
362 450 115
362 29 181
362 814 372
363 36 127
363 53 185
364 66 210
364 37 119
364 715 379
364 22 123
364 216 107
364 475 84
365 34 77
366 219 317
366 63 120
367 681 184
367 187 146
367 52 143
368 3 262
368 711 113
368 328 283
368 41 100
368 54 145
368 318 148
369 41 139
370 651 138
373 34 110
373 199 289
373 521 181
373 759 282
373 54 98
373 55 83
374 34 115
374 389 80
374 6 230
374 40 300
374 201 150
374 274 227
374 373 262
375 336 111
375 11 131
375 51 143
375 41 135
376 808 386
376 50 154
376 212 116
376 26 116
376 7 135
377 20 215
377 388 93
377 575 150
378 1 75
378 5 386
378 31 96
379 8 184
379 554 147
380 34 313
380 17 170
380 58 118
380 475 239
380 186 226
380 414 117
382 65 143
382 46 250
382 63 128
383 66 123
383 284 269
384 805 90
384 299 134
384 791 118
384 27 126
384 60 93
384 37 236
385 9 277
385 44 130
385 797 102
385 339 222
385 26 233
385 29 110
386 18 124
386 815 346
386 730 98
386 22 172
386 61 158
388 33 108
388 692 89
389 620 134
390 232 184
390 471 113
391 32 299
391 38 220
391 54 126
392 50 159
392 460 179
392 37 278
392 526 153
393 64 105
393 59 124
393 663 114
394 8 209
394 48 111
395 69 257
396 401 121
396 25 84
396 567 243
397 49 233
397 51 70
397 36 181
397 35 212
397 31 233
398 320 183
399 27 258
399 38 157
400 672 255
400 17 152
400 4 119
400 462 136
401 200 224
401 49 170
401 290 231
401 54 115
402 1 164
402 221 263
402 677 120
403 28 89
403 66 219
403 476 127
403 42 116
405 19 237
405 5 282
406 3 114
406 5 159
406 11 62
406 759 296
406 538 176
406 59 113
407 18 159
407 4 198
407 750 151
408 25 82
408 52 109
408 821 420
408 14 92
408 455 301
409 433 225
409 2 120
409 796 251
410 1 209
410 707 131
410 246 89
410 823 233
410 27 281
410 61 134
411 185 242
411 63 169
412 514 126
412 519 131
412 45 102
412 46 112
412 48 100
412 598 209
412 28 265
413 390 94
413 46 119
413 47 173
413 176 126
413 60 265
413 29 95
414 16 97
414 34 279
414 796 235
416 67 169
416 692 195
417 508 238
417 557 120
417 815 163
418 58 115
418 815 99
419 764 272
419 765 250
419 287 204
420 289 107
420 2 96
420 66 174
420 602 180
420 63 96
421 3 258
421 148 394
421 390 116
422 448 131
422 35 175
422 191 357
422 52 121
422 55 145
423 420 124
423 63 102
423 60 134
423 23 77
424 24 123
424 2 178
426 753 195
426 145 273
426 643 173
426 25 217
426 737 114
427 48 106
427 12 214
429 617 129
429 6 276
432 216 102
432 33 138
432 642 250
432 69 153
432 629 121
433 810 136
433 60 89
433 229 189
433 246 294
434 522 151
434 21 116
434 702 111
434 6 165
434 666 119
435 16 320
435 300 95
435 308 124
435 30 266
435 399 120
436 412 247
436 31 99
436 20 113
436 5 262
436 55 248
437 49 287
437 9 125
437 15 308
438 9 101
438 52 104
438 537 325
438 703 161
440 210 332
440 11 189
440 703 226
440 63 267
441 25 192
441 406 140
441 23 115
442 368 123
442 186 129
442 14 88
442 39 204
443 233 255
443 42 194
443 67 174
445 32 166
445 50 252
445 3 265
445 518 269
445 191 208
448 641 236
448 69 272
448 741 148
449 10 310
449 3 161
449 13 96
449 183 144
450 24 112
450 26 172
450 4 236
452 161 193
453 161 230
453 36 136
453 837 143
453 801 222
453 13 106
453 753 157
453 18 234
453 252 241
455 697 105
455 59 246
455 261 125
455 405 294
456 43 112
456 759 402
456 31 115
457 553 95
457 53 82
457 766 97
458 416 103
458 42 196
458 143 308
458 336 155
458 754 292
458 19 389
458 23 156
459 33 107
459 418 97
459 737 174
459 13 109
459 562 410
459 405 103
459 23 77
459 319 241
461 363 217
461 45 127
461 47 159
461 471 132
461 59 234
461 60 119
462 34 113
462 35 231
463 58 256
463 26 244
463 22 91
465 288 302
465 143 92
465 49 150
465 19 209
465 56 296
465 29 246
466 48 346
466 515 132
466 6 152
466 22 97
469 56 98
469 18 149
469 771 235
469 462 233
469 30 120
471 2 101
471 367 213
472 20 98
472 29 89
472 398 196
475 2 101
475 37 142
475 15 136
476 28 117
476 315 119
476 12 95
476 435 122
476 23 196
477 182 109
477 223 100
479 186 235
479 215 91
481 610 376
481 732 130
482 60 227
482 155 78
482 5 208
482 397 182
482 525 173
485 42 80
485 6 274
486 56 88
486 9 95
486 61 214
486 13 159
487 8 182
487 59 110
489 320 210
489 836 265
489 229 92
489 31 105
490 778 270
490 28 110
490 677 165
493 633 282
493 41 101
493 65 117
494 33 112
494 275 119
494 276 221
494 814 126
495 33 105
495 34 100
495 707 124
495 501 120
496 22 332
497 320 119
497 792 235
497 50 300
497 66 96
497 45 177
500 32 104
500 44 215
500 253 192
501 56 329
501 20 106
501 44 174
501 48 159
503 46 83
503 529 160
503 275 127
503 725 100
503 57 210
503 191 121
504 818 291
504 10 185
504 725 102
505 193 289
505 602 123
505 11 290
505 36 111
505 646 236
506 24 82
506 64 240
506 67 128
506 21 230
507 32 199
507 729 104
507 779 106
507 581 116
507 261 282
509 25 184
509 236 126
509 65 117
510 347 144
510 20 304
510 5 280
512 33 431
512 540 273
513 427 167
513 580 269
513 61 389
514 144 297
514 65 265
514 730 125
514 28 131
514 343 147
515 787 147
515 27 216
515 654 213
515 763 164
517 460 287
517 422 242
518 25 130
518 67 229
518 20 248
518 38 213
519 4 160
519 424 197
519 10 283
519 15 132
519 52 224
519 56 223
519 399 148
520 48 271
520 66 176
520 6 171
521 288 296
521 246 235
521 645 147
521 22 193
521 55 177
521 58 161
522 64 246
522 589 287
522 366 263
522 16 278
522 471 155
522 56 184
523 33 191
523 450 286
523 723 139
523 734 307
523 718 168
524 26 298
524 11 216
524 831 192
525 756 245
525 477 165
525 767 231
526 617 223
527 521 229
527 37 190
527 638 351
528 4 213
528 412 190
528 492 264
528 429 243
528 7 143
529 50 381
530 25 206
530 322 195
530 7 257
531 40 229
531 34 243
531 635 337
531 44 227
531 2 179
532 809 192
532 29 164
532 38 313
533 69 275
533 54 219
533 31 398
534 16 236
534 837 311
535 34 170
536 403 223
536 5 213
537 1 246
537 2 160
537 182 339
537 44 231
537 53 236
537 694 381
537 31 169
538 64 160
538 537 238
538 19 289
539 339 149
539 27 286
540 645 146
540 279 148
541 1 195
541 2 183
541 7 237
541 8 394
541 215 203
541 23 258
543 426 151
543 556 144
547 0 272
547 299 269
547 670 140
547 679 179
548 9 148
548 10 254
549 737 191
549 39 226
549 8 137
549 332 265
549 340 242
549 727 133
549 26 208
549 254 140
553 56 88
553 25 78
553 581 127
554 56 233
554 1 112
554 27 112
554 628 125
556 35 125
557 593 110
557 58 106
558 489 114
558 791 247
558 44 127
558 29 101
558 7 222
559 9 111
559 20 300
559 29 174
560 10 110
560 35 129
562 10 209
562 821 161
564 49 133
564 4 230
564 46 93
564 54 108
564 697 255
565 224 299
565 17 82
565 10 201
565 54 261
565 702 221
566 241 250
566 3 118
566 23 102
567 11 211
569 557 178
570 39 226
570 12 172
570 13 107
570 785 183
570 21 115
570 30 183
572 42 112
572 12 89
572 58 217
573 427 236
574 306 118
575 57 97
575 275 246
575 5 259
575 63 108
577 623 289
579 10 96
579 20 114
579 589 183
579 22 272
580 9 89
580 426 100
580 251 106
580 613 102
580 41 121
581 1 111
581 804 201
581 715 123
581 237 216
581 368 98
581 722 132
581 62 108
582 388 165
582 36 241
582 295 226
583 163 254
583 66 103
583 267 108
583 29 220
583 38 157
584 394 435
584 10 229
584 34 222
584 590 205
585 753 270
585 60 166
588 6 109
588 39 183
588 394 228
588 624 295
588 56 104
588 24 275
589 521 290
589 42 200
589 766 195
589 41 306
590 41 149
590 35 122
593 624 203
593 163 128
595 505 118
595 58 212
595 68 180
595 5 124
597 33 96
597 324 267
597 37 163
597 646 105
597 212 198
597 756 137
598 414 177
599 43 77
599 19 112
599 621 315
599 766 115
599 17 120
600 12 277
600 11 276
600 4 221
602 242 210
603 55 246
605 69 171
605 30 255
606 257 264
606 378 220
606 644 240
606 541 124
606 53 76
607 49 297
607 52 108
607 23 175
607 24 189
607 60 143
607 62 129
608 64 298
608 616 97
608 27 112
610 26 140
610 187 270
610 21 102
610 14 85
611 715 221
611 175 152
611 821 186
611 503 163
611 442 230
611 27 179
613 40 354
613 529 195
613 572 175
613 493 247
615 58 110
616 264 195
616 489 103
616 34 197
617 380 391
617 22 240
617 31 105
619 577 152
619 34 106
619 19 246
619 14 186
619 142 105
620 155 181
620 573 200
621 400 104
621 67 270
621 44 229
621 765 214
621 30 97
622 5 227
622 43 230
622 44 235
622 48 111
622 567 217
622 286 210
623 50 148
623 788 133
623 157 102
623 21 99
624 52 119
625 777 171
625 58 245
625 44 225
625 558 129
626 68 172
626 838 282
626 775 374
627 12 245
627 68 232
628 67 99
628 59 115
628 172 267
629 369 201
629 2 109
629 693 99
630 339 240
630 18 148
630 51 207
630 411 160
632 41 143
633 380 153
633 38 163
634 36 183
635 3 243
635 42 274
635 163 153
635 47 222
636 68 339
636 54 233
636 7 210
637 50 196
638 4 208
639 42 220
639 27 158
639 18 173
639 63 157
640 344 97
640 57 130
640 526 190
640 360 289
641 64 94
641 0 236
641 49 231
641 31 94
642 1 217
642 67 212
642 581 255
642 619 117
642 16 86
642 572 137
642 805 131
643 67 143
643 732 302
643 677 175
643 414 176
644 832 177
644 65 257
644 59 165
644 36 122
644 163 202
645 59 479
645 38 172
646 32 161
646 35 95
646 5 170
647 169 105
647 716 120
647 517 171
647 341 248
647 65 143
649 63 67
651 161 345
651 7 204
651 623 251
651 57 275
651 185 231
651 28 223
652 401 191
652 196 247
652 305 128
653 8 92
653 19 114
653 7 122
654 36 256
654 5 274
654 583 92
654 457 251
654 276 139
654 794 203
655 364 144
655 38 289
655 55 140
656 42 118
656 21 121
656 151 196
657 4 234
658 49 177
658 53 143
658 54 319
658 41 175
659 16 184
659 49 149
659 820 197
659 60 192
659 62 136
659 319 74
660 17 220
660 811 92
660 708 287
660 556 304
660 55 94
663 50 127
663 458 194
664 186 282
664 11 227
664 21 132
664 645 180
666 713 322
666 349 226
666 257 314
667 17 250
667 20 189
667 33 120
670 362 304
670 707 231
671 67 174
671 711 106
671 43 126
671 146 88
671 35 245
671 643 126
671 56 160
671 731 195
672 64 300
672 26 109
673 64 215
673 10 194
674 513 259
674 67 130
674 11 277
674 334 158
674 47 259
674 477 128
674 61 301
677 712 267
677 40 169
677 42 130
679 49 151
679 518 221
679 179 188
679 45 223
679 342 109
680 33 109
680 713 156
681 664 98
681 49 159
681 18 128
682 32 335
682 738 117
682 42 102
682 157 100
682 773 136
683 16 102
683 41 205
683 50 90
683 429 110
684 599 103
685 24 100
686 458 113
686 27 135
686 53 82
688 32 226
688 835 222
688 63 221
689 58 84
689 188 111
689 34 106
690 24 148
690 834 270
690 39 317
691 368 210
691 620 108
691 31 96
692 16 157
692 27 447
692 535 182
693 216 197
693 395 200
693 367 154
694 201 401
694 611 135
694 12 241
695 2 103
695 780 207
695 366 90
695 787 244
695 602 343
695 827 174
696 8 197
696 68 289
696 666 116
696 44 110
696 13 169
698 40 137
698 47 219
699 481 327
699 35 161
699 360 216
699 42 221
699 19 235
699 30 210
702 593 241
702 43 132
702 633 178
703 811 103
703 29 256
703 317 312
704 568 237
704 674 107
704 51 190
704 653 170
705 25 195
705 59 137
705 37 290
705 15 147
706 32 140
706 674 219
706 42 153
706 54 223
706 567 265
706 728 124
706 27 88
707 40 259
707 1 91
707 434 237
707 165 234
710 298 133
711 40 351
711 53 194
712 69 402
712 527 151
712 688 136
712 214 232
712 280 103
712 378 165
712 443 226
713 376 81
713 779 111
713 6 183
713 215 122
715 64 229
715 417 224
715 66 166
715 3 272
715 6 206
715 2 266
716 11 185
716 42 263
716 363 109
716 29 107
717 9 248
717 634 191
717 54 268
717 22 112
718 272 340
718 6 152
719 25 139
719 50 225
719 67 135
719 205 150
721 737 251
721 274 193
721 27 117
721 773 187
721 22 264
722 22 333
722 735 171
723 44 256
724 232 129
724 59 116
724 18 160
724 19 125
724 250 108
725 34 128
725 68 208
725 624 213
725 53 202
725 25 195
725 63 178
727 449 178
727 60 204
728 440 210
728 67 244
729 32 88
729 836 166
729 41 203
729 176 157
729 626 349
729 25 255
730 376 163
730 809 189
730 22 94
730 479 284
731 208 346
731 41 105
731 58 115
732 3 209
732 26 188
732 819 103
732 427 120
734 288 115
734 708 173
734 790 104
735 736 308
735 56 152
736 0 210
736 42 226
736 492 124
737 634 163
738 28 228
738 637 197
738 143 114
739 823 279
739 15 105
739 207 158
740 800 142
740 145 106
740 611 141
740 45 387
740 150 258
741 11 174
741 53 130
742 680 101
742 574 303
742 759 365
743 808 109
743 343 101
744 26 185
744 290 230
744 69 371
744 790 114
745 624 107
745 49 156
745 554 243
746 28 130
746 557 126
746 39 220
747 522 259
747 691 115
747 349 185
747 486 248
748 512 292
748 24 357
749 48 195
749 49 186
749 18 293
749 66 314
749 575 241
750 36 273
750 589 329
750 174 168
750 19 278
750 247 158
750 186 314
751 65 126
751 402 147
751 52 330
751 741 217
751 749 255
752 835 215
752 5 175
752 7 143
752 647 170
752 29 212
752 638 208
753 803 150
754 46 194
754 6 167
756 344 158
756 148 126
756 29 150
757 32 212
757 2 132
757 4 168
757 7 220
757 45 441
757 721 132
757 342 147
759 0 197
759 33 210
759 749 146
761 9 98
761 2 243
761 366 329
762 640 176
762 35 343
762 68 332
762 39 172
763 149 130
763 526 163
763 61 151
764 28 193
764 4 247
765 737 67
765 834 168
765 59 103
765 5 237
765 689 100
766 48 229
766 657 110
766 21 210
766 8 207
767 320 231
767 17 241
767 319 84
767 207 185
769 528 169
769 160 113
769 398 86
769 55 166
770 548 159
770 689 320
770 52 176
770 25 214
770 59 129
770 829 195
773 713 117
773 5 266
773 69 173
775 825 195
775 740 115
776 2 226
776 21 230
777 1 103
777 15 101
777 20 115
777 29 103
777 773 242
778 49 172
778 44 93
778 55 109
779 28 94
779 805 240
779 239 85
780 66 114
780 443 185
780 15 197
781 602 221
781 524 247
781 42 92
784 34 344
784 507 91
785 577 200
785 62 100
786 27 137
786 547 176
786 35 169
786 436 250
787 25 180
787 154 149
787 779 99
787 526 205
787 646 109
788 10 136
789 59 244
789 253 83
790 208 180
790 1 224
790 63 137
791 2 224
791 35 116
791 549 154
791 8 99
791 626 269
791 694 117
791 56 132
791 346 105
792 41 98
792 658 221
792 30 109
792 446 122
792 63 459
793 169 228
793 298 187
793 611 219
793 4 249
794 18 230
794 156 105
794 54 245
794 199 157
796 1 101
796 60 444
796 236 126
796 237 100
797 358 281
797 7 196
797 684 110
797 495 353
797 272 194
797 29 178
799 324 263
799 3 299
799 28 104
799 445 202
799 582 127
800 312 213
800 506 220
800 31 234
800 44 93
800 143 146
801 49 225
801 20 266
801 37 133
802 40 139
802 154 189
802 789 195
802 374 152
803 31 177
804 3 259
804 10 101
804 12 352
804 784 210
804 24 135
804 26 219
805 8 188
805 59 241
805 691 319
805 27 83
807 664 130
807 57 130
807 412 186
807 156 224
807 38 187
808 385 244
808 52 265
808 69 172
808 15 251
809 496 430
809 57 75
809 442 130
809 27 140
809 28 128
809 829 190
810 49 288
810 35 113
811 50 93
811 227 108
811 564 120
811 667 119
811 5 266
812 635 170
812 30 95
812 47 112
813 305 105
813 275 117
813 41 230
813 38 326
813 39 288
814 1 125
814 3 328
814 45 106
815 185 115
815 53 257
815 501 286
816 234 128
816 60 169
816 55 230
818 1 123
818 51 94
818 254 363
818 25 110
819 49 199
819 369 99
819 677 104
819 20 107
819 61 187
820 51 229
820 490 164
820 10 222
820 61 210
820 526 294
821 33 237
821 35 168
821 810 315
821 44 158
821 173 186
821 50 313
821 541 188
823 40 201
823 754 255
823 332 151
823 53 220
825 35 170
825 164 174
825 69 211
825 520 229
825 49 321
825 20 259
825 671 159
826 809 233
826 45 157
826 14 272
827 68 263
827 5 221
827 15 222
828 16 146
828 45 303
829 359 162
829 39 253
831 416 174
831 32 283
831 13 258
831 525 210
831 21 170
831 61 265
831 351 194
832 19 166
832 305 140
832 43 281
832 261 192
832 767 148
834 0 139
834 161 336
834 437 258
834 697 227
834 289 373
835 12 209
835 54 158
836 42 155
836 299 162
836 517 233
836 623 137
837 64 164
837 229 153
837 42 214
837 45 141
837 336 154
837 275 228
837 245 152
837 23 250
838 66 265
838 52 203
838 786 153
838 6 221
839 36 151
839 383 142
