326 562 168
345 1069 141
354 972 238
359 644 166
362 808 178
367 1195 166
380 1342 198
383 584 166
383 634 153
399 323 176
404 345 178
404 917 201
406 790 173
408 1197 176
416 1330 188
419 919 176
422 954 198
422 447 191
432 620 138
435 580 171
437 1216 133
438 744 166
440 1294 193
442 1008 196
444 1279 218
446 1142 166
449 1284 213
454 1000 166
463 377 173
468 721 166
476 1038 198
480 659 171
482 1106 138
487 959 161
500 346 158
512 450 191
518 1097 203
529 927 146
542 946 183
544 394 191
546 794 203
546 435 201
559 354 153
561 498 181
561 687 173
566 1271 151
572 440 218
574 693 156
580 1180 188
586 987 211
591 698 198
592 1046 171
593 1106 203
594 1074 201
599 399 138
602 772 211
616 698 173
620 568 191
625 1083 193
628 332 176
629 346 123
668 409 146
677 1231 158
687 761 181
689 338 133
694 1091 206
703 534 168
703 917 176
712 769 168
713 898 176
729 752 138
730 1219 156
759 544 188
760 447 141
763 616 183
769 546 176
775 1160 213
779 1004 156
784 1340 163
784 429 176
787 691 193
802 1337 181
802 1182 158
807 998 161
810 703 158
817 457 201
818 464 158
828 529 176
901 1298 153
910 1307 166
911 338 168
912 503 186
915 552 198
920 623 141
922 561 173
933 664 171
944 558 188
947 1000 131
954 761 123
954 659 171
961 1112 148
968 1214 171
969 1202 158
970 522 186
978 359 218
989 410 161
1009 1292 158
1009 1302 141
1011 1065 198
1016 460 171
1031 418 133
1034 527 181
1039 1033 198
1039 592 156
1041 593 168
1044 990 191
1048 654 168
1065 339 156
1067 790 153
1070 444 141
1089 1019 178
1094 678 171
1096 1264 153
1097 1077 176
1108 555 148
1118 392 181
1120 425 198
1123 774 156
1125 938 163
1127 1306 176
1134 558 193
1159 1278 141
1165 904 178
1170 1048 141
1176 1058 193
1184 1211 191
1195 1276 148
1202 1144 196
1207 1290 208
1214 700 166
1228 1296 148
1232 945 181
1234 447 173
1236 1270 176
1238 652 183
1248 1191 146
1248 977 163
1249 1126 131
1258 670 143
1261 1322 156
1262 1228 178
1263 1191 196
1265 985 203
1291 412 191
1291 1278 218
1304 452 171
1312 381 173
1329 586 191
353 837 134
524 874 187
595 845 144
836 596 127
838 520 169
854 1070 147
866 1192 184
870 1247 197
872 667 169
879 1091 148
880 1173 194
888 687 157
893 444 134
923 835 137
965 893 154
1076 842 157
321 53 182
326 54 200
332 48 152
336 30 150
340 31 202
345 5 160
348 41 227
353 3 180
379 15 192
384 33 160
385 54 177
398 62 160
400 60 192
406 10 170
406 25 192
410 9 160
413 9 177
426 35 135
427 28 137
433 44 180
434 33 142
438 61 160
440 12 157
446 1 165
454 38 167
458 49 150
463 14 152
464 43 170
467 55 202
479 33 150
479 34 127
483 31 160
483 55 192
489 36 170
493 10 132
498 38 185
500 10 167
500 42 150
500 31 127
522 45 185
524 48 177
526 34 140
534 37 177
541 15 175
542 33 167
542 50 180
546 57 192
554 24 150
564 57 177
564 35 135
564 15 192
570 0 185
574 37 152
586 16 185
587 57 152
590 25 185
597 28 167
599 2 165
600 40 172
603 43 175
614 15 177
626 14 190
628 34 202
629 35 150
629 37 187
631 62 150
632 48 202
634 54 165
634 30 157
635 0 125
635 4 152
640 34 185
646 3 207
647 44 180
668 0 167
670 43 175
671 52 157
671 13 170
677 34 227
685 33 185
687 5 132
688 29 200
693 14 232
696 6 135
700 36 157
713 39 180
713 42 192
720 35 195
726 6 117
729 9 185
734 27 177
734 54 170
737 20 147
745 57 150
752 53 142
753 43 155
753 46 182
755 16 160
761 49 202
767 39 135
770 43 197
778 50 210
779 4 142
792 48 135
792 40 187
816 7 165
824 62 172
827 35 160
827 44 192
904 27 175
919 40 167
923 44 175
927 56 137
927 58 145
931 3 152
938 57 145
940 10 147
941 7 160
950 48 132
956 41 140
958 14 177
961 19 170
967 44 207
968 63 155
970 40 172
970 50 200
971 18 197
972 7 175
979 17 132
987 44 145
989 33 142
994 56 170
994 14 207
1000 19 200
1004 44 147
1005 20 150
1009 52 192
1020 62 205
1028 42 182
1028 21 135
1029 54 142
1032 43 160
1034 29 202
1038 50 165
1044 18 187
1052 46 180
1052 23 147
1053 4 155
1057 27 132
1062 49 165
1062 60 207
1084 14 150
1114 44 177
1114 54 135
1115 40 207
1115 63 135
1116 29 167
1118 49 200
1118 40 212
1119 50 185
1128 33 207
1132 52 170
1136 26 167
1138 31 205
1139 1 137
1140 37 145
1142 19 152
1144 40 220
1150 24 187
1154 44 165
1155 46 167
1167 9 180
1169 52 212
1170 20 185
1177 14 192
1181 39 160
1186 7 152
1205 12 195
1205 17 142
1207 46 180
1208 24 137
1208 43 135
1216 45 232
1221 50 180
1225 59 197
1225 4 170
1240 49 227
1243 34 200
1243 45 182
1246 3 195
1256 26 172
1266 61 185
1270 41 177
1271 25 155
1280 14 192
1280 30 160
1285 52 172
1297 43 175
1298 9 212
1299 26 185
1307 12 142
1312 7 170
1319 19 177
1328 39 185
1329 13 177
1338 16 180
329 1053 80
340 629 80
342 384 90
364 500 95
365 1004 110
367 448 105
367 1000 130
386 648 120
392 809 115
412 1248 95
412 744 110
412 1049 120
418 1280 115
425 1129 115
427 793 120
440 1034 125
441 1018 110
442 1310 140
452 581 130
454 809 130
457 366 140
459 579 100
459 902 95
460 621 80
478 433 105
478 787 110
478 1118 120
487 1050 105
488 1021 90
496 660 95
509 491 125
509 734 110
516 711 90
554 1120 95
555 714 95
555 1108 80
558 992 130
565 460 95
583 598 80
591 1333 95
592 958 120
597 810 90
599 788 105
600 1141 95
601 927 95
613 958 100
622 600 90
622 737 110
629 1082 110
643 390 80
646 416 115
652 649 110
656 1283 80
670 619 95
673 321 120
673 959 120
678 538 135
711 1179 90
713 372 90
716 1327 115
716 671 125
723 778 110
723 1295 95
744 1313 80
748 561 130
752 986 95
758 1080 115
777 1096 90
780 444 110
794 1111 115
802 1229 145
806 810 105
808 413 105
815 1040 130
815 1222 105
815 678 120
827 755 140
828 396 80
841 1177 170
897 634 115
904 784 95
929 1047 115
932 494 120
933 991 105
936 1150 125
940 492 80
947 515 105
953 579 105
956 556 140
969 667 105
977 500 115
981 870 198
986 615 115
994 1021 90
996 1016 130
998 1106 100
1004 1136 130
1008 1134 110
1014 345 100
1046 869 115
1048 474 110
1049 1213 115
1049 327 95
1072 1129 130
1078 1018 110
1083 463 95
1084 1138 130
1105 470 115
1110 1010 95
1111 372 100
1116 771 95
1120 790 90
1128 531 95
1130 1135 120
1138 1317 135
1140 829 105
1144 1255 110
1154 1119 80
1159 1093 95
1161 411 90
1191 634 115
1199 938 95
1205 1128 120
1205 500 110
1219 1186 115
1219 438 100
1220 811 145
1225 461 105
1228 1018 115
1243 1176 115
1249 1241 120
1257 1136 110
1258 601 100
1261 976 95
1265 897 105
1286 1065 95
1286 1277 95
1295 472 110
1295 1118 105
1308 779 130
1313 480 95
1322 920 120
1323 1136 120
1342 592 100
832 22 152
835 43 197
857 46 127
859 6 142
861 61 152
866 18 152
874 51 162
885 3 148
888 16 132
889 25 167
891 63 167
894 15 182
321 1128 81
324 384 150
324 1134 105
324 1022 96
330 800 116
331 432 166
331 1263 131
336 675 135
337 1340 91
338 425 165
341 956 116
341 1126 160
342 1193 101
344 1124 120
346 677 96
348 911 115
349 696 156
349 1169 150
353 501 91
355 1191 136
359 540 101
361 585 111
367 774 116
367 370 115
369 907 105
369 1087 86
373 1111 100
374 1091 116
374 983 131
376 817 130
376 407 146
379 1093 95
380 1159 91
381 540 156
382 1285 156
382 823 125
383 966 116
385 1114 105
386 901 131
388 407 100
392 419 101
393 413 135
393 1158 110
404 964 101
407 506 121
412 1266 95
418 792 131
420 997 91
429 780 106
432 381 130
432 1238 86
433 701 101
438 687 96
439 1035 115
439 1220 100
440 1327 81
440 1238 131
440 1277 110
441 806 116
441 577 95
444 948 95
449 1087 101
451 688 121
451 835 136
451 711 136
454 438 105
458 637 81
459 407 115
461 1235 126
464 1092 120
464 486 111
467 1298 95
468 585 131
472 752 81
473 394 95
473 1123 106
473 501 136
474 1058 110
480 579 106
482 931 116
488 1309 106
494 1260 71
494 1021 91
495 1187 121
499 1328 150
500 1050 96
502 1154 95
503 953 86
505 1276 106
512 678 120
512 1159 126
512 526 126
512 952 116
516 989 140
518 765 141
520 1253 140
520 1269 90
521 1263 81
522 806 101
522 622 125
525 421 85
526 656 106
526 538 111
526 579 130
532 726 111
544 554 125
544 1105 121
555 1240 125
556 1211 141
558 427 120
558 1246 91
564 1159 146
565 496 130
567 397 140
568 1161 106
577 454 101
579 1076 95
585 504 116
586 899 95
588 952 101
590 1277 111
592 802 130
594 1294 146
595 359 145
597 1169 95
600 994 116
601 1027 121
602 392 106
603 1160 75
612 380 81
623 573 121
623 830 135
625 1053 171
626 444 135
628 1154 111
631 1262 81
633 915 85
637 941 96
638 1112 101
640 1204 115
643 712 116
643 1027 75
647 576 111
647 968 115
647 396 106
649 880 106
653 683 126
664 978 181
667 1181 135
667 1078 120
668 332 91
669 994 95
669 1339 150
670 710 91
671 1235 95
672 529 126
678 774 151
684 749 100
685 561 101
686 694 95
688 338 125
689 1247 136
694 498 96
698 944 90
701 1065 96
703 442 106
710 914 105
712 1313 131
715 938 91
719 1248 95
719 768 95
720 649 116
720 561 121
724 1241 140
729 356 71
733 529 85
733 917 150
738 433 91
738 729 90
741 1251 71
742 917 96
748 1332 90
755 628 111
758 1273 160
760 880 141
760 1077 146
760 825 116
761 421 85
766 739 86
769 1028 111
770 1008 111
770 1247 101
772 1291 85
772 1222 120
773 1275 126
774 1124 140
776 744 131
776 446 100
776 1295 146
778 444 90
778 892 116
779 545 96
780 1134 161
783 1150 85
785 480 116
788 653 101
790 1122 116
794 755 96
795 1338 101
800 416 110
802 1216 95
805 1123 101
806 350 86
807 419 120
811 1277 86
814 932 101
819 1171 140
823 365 96
824 790 75
824 470 101
826 649 101
828 473 91
830 644 141
830 502 95
847 879 180
880 1125 126
885 1059 116
890 534 111
897 1070 131
900 978 135
900 1203 126
901 1039 130
902 827 101
903 1178 111
911 452 95
911 1140 85
913 622 146
913 662 110
916 635 96
916 691 156
917 1231 81
918 603 95
918 828 96
923 1114 86
927 698 95
930 1173 105
933 1031 136
933 366 125
937 373 126
938 854 91
940 1225 161
941 1285 71
941 878 126
942 970 85
945 573 81
947 390 135
950 1203 95
954 1106 126
954 407 105
955 1296 91
955 435 96
958 538 91
962 890 121
966 1075 111
970 1201 120
972 913 100
972 981 111
977 992 140
977 594 96
978 454 85
979 410 106
979 1001 101
981 698 101
981 1158 136
982 1110 160
987 1290 110
990 899 146
990 374 120
992 739 171
993 579 85
996 1110 126
1000 401 130
1001 568 140
1004 1147 86
1005 1125 106
1008 1273 125
1012 994 126
1014 1081 85
1020 1058 131
1020 1182 126
1021 540 106
1022 1068 91
1025 496 90
1026 1092 115
1028 1062 95
1029 917 81
1030 1176 91
1030 938 86
1030 1228 141
1032 654 81
1032 953 96
1035 558 121
1039 931 85
1039 365 95
1041 601 126
1041 545 90
1048 1105 96
1048 1175 106
1049 779 140
1052 1225 116
1052 491 125
1053 1128 95
1057 1177 96
1059 1336 146
1059 738 131
1066 401 151
1068 412 120
1068 823 110
1069 558 100
1074 1252 131
1076 584 101
1080 1079 101
1081 1197 95
1083 1118 115
1084 1290 136
1087 940 105
1087 1172 106
1088 669 125
1088 1101 101
1088 1037 115
1089 1136 155
1092 1341 101
1092 791 81
1094 1257 106
1095 1182 100
1097 484 91
1097 685 136
1098 564 106
1098 684 95
1098 583 95
1099 1026 126
1099 1326 111
1112 1222 106
1115 425 90
1116 338 131
1119 756 106
1119 525 120
1122 1029 125
1123 902 96
1123 1029 96
1124 832 126
1124 377 116
1125 755 156
1126 1248 130
1126 380 126
1127 576 146
1127 1060 105
1133 1027 81
1134 599 75
1135 1108 161
1140 338 131
1141 1127 130
1142 557 131
1144 585 146
1150 1216 86
1154 636 120
1154 1010 85
1157 498 101
1158 1259 136
1162 677 106
1165 429 100
1167 468 91
1167 1247 110
1169 899 101
1169 1286 95
1169 649 111
1171 336 91
1171 425 116
1175 774 136
1176 416 106
1177 839 91
1180 1252 111
1182 804 95
1182 1134 161
1186 1184 100
1188 443 101
1188 499 115
1188 1058 86
1194 688 101
1194 1021 105
1196 452 110
1197 596 120
1200 652 121
1200 1012 140
1200 335 141
1202 1231 110
1204 591 81
1207 1025 131
1207 1277 75
1208 801 121
1210 1003 91
1213 1050 81
1219 975 125
1223 568 95
1223 761 106
1223 1327 136
1226 649 116
1226 1338 101
1228 1069 106
1232 386 136
1232 373 120
1240 1290 95
1240 1203 125
1241 634 101
1246 948 116
1247 1039 96
1248 930 111
1248 1069 116
1249 370 105
1252 394 115
1252 455 120
1254 505 151
1255 1186 101
1255 645 81
1256 726 71
1257 1001 156
1261 1038 100
1262 351 71
1263 1248 105
1264 1042 86
1266 1208 171
1268 1082 91
1273 647 101
1273 1199 111
1274 933 91
1276 1292 105
1276 526 115
1277 1235 116
1278 770 126
1278 594 161
1279 656 116
1279 1333 120
1281 339 85
1283 1194 121
1288 917 136
1292 529 131
1292 739 71
1297 563 100
1298 562 95
1304 911 111
1306 632 116
1307 1120 131
1310 976 141
1313 609 140
1318 556 126
1322 724 106
1326 1319 126
1327 329 140
1328 640 121
1328 793 140
1330 1336 101
1332 766 130
1335 396 111
1339 738 101
1340 545 110
1342 778 136
326 19 84
329 54 114
333 51 89
335 55 94
339 2 89
345 8 104
350 40 114
353 56 99
353 4 104
354 24 74
355 5 119
360 10 114
370 23 89
388 49 124
390 27 99
392 37 94
394 8 109
401 41 89
412 26 104
416 15 74
419 49 109
425 49 114
427 23 99
432 44 84
441 9 109
442 53 114
450 13 104
452 13 89
456 3 99
470 23 119
476 35 119
476 11 104
488 62 124
489 58 99
498 53 109
501 42 104
504 0 89
509 40 104
512 38 124
512 24 104
522 42 109
525 45 99
532 50 124
540 43 109
543 19 89
543 21 89
544 28 89
552 40 119
556 24 84
557 62 84
563 44 104
568 62 89
570 34 89
572 17 149
574 13 119
575 51 84
576 40 114
580 24 99
580 22 124
582 27 74
583 55 139
586 27 109
594 49 134
594 15 89
597 12 114
604 56 89
604 13 84
621 10 124
638 23 89
640 57 89
646 63 94
648 57 99
653 34 109
655 39 84
657 62 99
660 59 89
668 41 109
670 27 99
682 46 104
682 63 89
683 15 84
686 43 119
688 51 84
689 21 74
691 26 94
698 40 89
701 18 104
707 40 89
707 41 74
712 31 94
714 49 94
716 46 84
719 5 89
720 57 74
736 57 124
736 50 74
736 21 104
737 25 94
742 3 89
744 42 99
744 27 124
748 54 124
752 15 124
758 42 74
761 16 114
778 27 134
779 13 84
783 55 89
788 58 84
795 41 89
807 34 94
816 22 109
817 50 104
825 28 74
847 13 138
897 10 154
899 41 74
914 20 99
922 42 124
922 21 84
922 7 89
931 40 94
931 45 99
932 49 99
933 30 84
935 5 84
937 7 99
939 40 119
942 29 99
955 41 89
962 40 89
964 3 99
965 50 109
969 33 89
977 18 99
978 9 89
978 34 119
991 43 109
997 12 109
1003 19 124
1005 25 99
1008 42 89
1008 18 99
1010 60 134
1011 40 94
1011 4 99
1014 51 104
1018 60 109
1018 38 119
1025 63 99
1035 19 114
1037 27 124
1039 12 89
1041 13 109
1044 41 84
1044 61 84
1050 3 89
1052 22 134
1053 3 104
1058 62 104
1065 23 109
1068 2 74
1069 59 84
1096 40 119
1101 17 74
1102 61 89
1103 2 104
1103 14 109
1106 58 94
1110 7 109
1112 50 94
1120 26 109
1120 37 109
1125 34 74
1129 10 74
1133 63 114
1138 3 74
1165 28 84
1169 21 109
1171 38 119
1172 41 99
1173 40 99
1173 26 74
1179 24 94
1181 9 89
1182 58 84
1186 14 89
1186 53 94
1193 10 119
1195 60 99
1199 5 109
1203 22 84
1204 51 109
1205 39 94
1219 44 104
1226 47 109
1244 8 139
1248 19 109
1251 44 94
1251 55 84
1252 59 124
1253 38 99
1254 9 84
1255 49 104
1279 8 109
1279 15 89
1280 35 74
1281 12 114
1288 1 89
1292 40 109
1294 25 114
1297 34 89
1297 62 84
1299 16 124
1312 5 104
1312 12 99
1315 21 84
1318 42 89
1322 25 104
1328 13 99
1329 12 104
1330 58 114
1338 50 89
380 879 122
385 833 102
396 837 81
455 832 77
460 835 142
470 878 126
504 895 86
542 859 91
544 836 97
585 874 117
595 861 111
598 894 142
613 838 102
646 889 91
655 863 87
723 879 116
758 894 97
771 894 101
783 887 77
815 888 122
833 1060 97
834 556 107
841 520 107
849 1240 97
851 962 122
851 581 121
854 633 107
854 366 91
854 1269 92
856 986 81
856 659 132
856 990 92
857 1248 82
859 1197 97
861 566 112
862 1022 81
863 1003 117
863 1275 91
866 793 87
871 818 97
872 787 87
873 1117 112
874 547 97
876 516 107
888 763 97
888 948 81
893 584 92
893 1322 82
893 989 127
894 594 137
894 1030 107
895 541 116
907 847 132
929 840 86
972 832 67
999 841 77
1057 892 127
1276 889 111
1288 834 102
323 48 110
323 19 95
323 44 94
324 40 124
324 46 75
326 10 120
327 9 120
331 31 135
332 14 134
333 24 100
333 23 130
335 44 84
336 59 65
338 11 90
341 14 114
345 49 135
345 20 165
345 56 69
346 48 80
346 13 90
354 12 105
355 57 90
357 51 140
359 49 125
361 38 120
362 24 90
362 6 120
364 7 85
367 30 110
369 13 129
370 59 105
372 25 130
373 7 99
380 2 120
381 0 124
381 22 79
382 62 160
384 24 114
384 29 140
385 40 125
386 48 79
388 62 100
388 22 89
392 63 104
396 20 90
397 7 95
399 27 135
400 35 105
404 43 104
405 0 100
405 35 100
406 24 84
406 62 100
406 63 145
407 42 99
409 26 120
410 2 119
410 11 134
411 11 65
412 36 65
412 40 80
413 56 80
418 42 150
421 52 89
422 20 100
423 42 140
423 62 80
425 44 95
426 24 104
426 12 95
426 61 69
427 45 100
434 43 100
434 22 95
435 22 110
437 19 115
438 54 105
439 41 100
441 59 140
444 41 105
444 61 145
444 46 90
448 48 99
449 19 105
457 51 100
457 7 110
458 52 129
460 40 115
460 23 99
461 24 105
461 41 99
463 8 105
467 3 114
473 4 90
479 27 99
479 42 95
480 2 94
481 42 105
481 61 104
482 12 135
483 5 134
485 34 95
485 4 99
487 58 120
492 38 79
493 0 104
495 23 135
499 56 125
499 46 134
501 60 125
505 53 114
512 47 100
514 46 124
517 26 110
521 27 79
524 39 69
525 61 69
526 49 75
529 8 125
530 1 69
530 46 120
538 63 120
543 18 89
544 39 115
544 42 114
545 56 110
546 58 104
547 60 90
550 16 124
554 29 90
556 6 115
559 50 85
561 8 119
561 21 140
563 56 84
565 35 120
565 38 90
570 48 85
570 35 89
570 37 140
573 37 85
574 17 105
576 39 165
577 29 125
579 9 84
579 52 85
583 14 124
584 47 100
586 49 104
586 22 85
587 62 120
588 9 110
588 38 110
595 14 89
598 48 105
599 13 125
602 11 129
602 54 105
603 41 114
603 29 125
604 9 119
604 51 115
608 48 85
609 4 90
611 0 120
612 19 95
612 21 124
618 42 105
625 0 99
625 60 130
626 47 79
629 4 95
629 53 79
629 27 85
631 40 79
632 17 100
635 18 100
645 6 90
647 34 124
647 30 85
649 42 80
649 45 100
652 31 124
653 32 75
653 8 75
654 52 115
656 60 115
657 41 95
657 35 79
660 31 110
662 10 115
663 62 135
663 47 94
664 59 115
667 10 114
670 57 110
670 28 114
671 18 75
675 19 119
675 29 105
686 35 79
686 58 85
687 1 99
688 20 110
688 55 145
689 48 145
694 3 124
698 29 95
698 15 135
701 32 110
701 19 99
701 20 85
703 6 109
706 3 90
706 45 89
706 31 155
707 60 109
708 17 75
710 17 89
711 4 105
711 2 124
711 3 90
712 34 85
712 44 95
713 32 120
713 48 130
714 58 124
714 37 140
715 10 134
716 39 115
716 33 104
719 6 85
721 15 114
723 50 124
724 27 105
724 11 75
729 7 105
737 56 135
737 31 99
742 41 95
742 20 120
744 1 155
747 47 114
748 26 135
748 38 109
749 55 120
752 33 134
756 0 135
759 26 99
759 15 110
760 50 94
760 24 110
761 4 130
761 40 90
761 5 85
761 63 85
765 9 115
765 53 100
766 18 175
767 25 85
769 38 115
770 3 110
770 41 114
770 26 110
772 14 75
773 57 155
777 20 105
778 32 85
779 11 85
779 59 130
782 17 110
785 62 130
790 60 99
791 8 125
791 49 104
793 38 130
795 32 69
795 58 120
800 51 114
802 44 80
805 29 105
806 12 65
809 62 120
812 15 80
814 44 79
816 48 95
817 12 119
817 23 95
818 52 140
819 24 130
822 39 109
826 37 65
828 15 75
828 54 100
830 45 115
839 47 80
849 56 120
849 46 105
850 55 115
853 35 100
856 31 80
858 5 90
862 48 115
862 4 85
880 53 120
888 42 90
892 24 95
897 6 105
898 20 85
898 38 65
902 53 80
903 3 90
907 60 85
908 53 95
911 28 75
912 42 130
913 43 105
913 23 85
915 45 120
916 4 105
916 27 109
916 20 75
917 4 114
919 34 140
919 59 89
921 57 90
921 36 115
925 14 130
927 25 105
927 55 90
930 24 85
932 36 95
932 12 115
932 39 130
933 56 94
937 59 85
940 40 75
940 54 125
944 30 84
945 40 90
946 14 95
946 30 120
948 2 89
948 35 95
950 24 144
950 46 135
950 0 84
954 26 85
959 14 95
962 48 110
964 18 95
965 42 80
965 13 130
966 38 95
967 1 85
967 54 85
968 42 120
968 43 80
969 1 120
970 23 155
972 55 99
975 52 80
975 47 99
977 22 80
977 55 94
979 9 150
979 44 94
982 21 95
986 56 79
987 19 125
989 52 119
993 38 120
997 32 114
997 62 140
999 26 99
1000 36 110
1000 53 119
1003 17 125
1003 37 79
1004 7 135
1009 17 94
1010 22 115
1012 59 109
1012 45 125
1015 31 84
1016 32 110
1016 29 85
1018 33 110
1018 42 130
1019 48 110
1019 11 75
1019 21 105
1021 41 85
1022 53 85
1022 54 140
1025 10 90
1026 41 100
1026 43 155
1027 2 155
1027 47 150
1028 32 109
1031 50 110
1031 35 100
1032 1 85
1032 30 95
1032 63 65
1035 17 105
1035 18 75
1036 37 130
1039 49 135
1041 61 115
1044 51 85
1047 45 79
1052 53 125
1053 26 129
1056 30 110
1056 7 95
1057 56 95
1057 33 124
1058 24 120
1060 63 119
1062 56 125
1063 24 99
1065 25 145
1066 22 129
1069 60 120
1071 42 114
1071 29 85
1072 5 99
1074 0 90
1074 43 140
1074 54 105
1076 54 134
1078 3 120
1079 58 120
1079 37 100
1082 1 124
1083 42 100
1084 55 144
1086 4 115
1086 37 89
1087 50 90
1088 13 110
1089 54 120
1092 42 109
1092 45 125
1101 21 94
1102 32 65
1103 30 95
1106 51 140
1106 61 109
1108 29 105
1108 6 144
1111 15 105
1114 2 114
1116 1 85
1118 52 129
1119 5 125
1121 59 135
1122 44 65
1123 50 125
1123 62 110
1124 36 79
1125 46 95
1126 19 124
1126 47 90
1127 21 124
1128 48 100
1129 37 89
1133 52 65
1133 39 90
1134 21 135
1134 38 140
1135 59 145
1136 30 144
1137 32 115
1137 19 79
1137 61 130
1138 25 104
1144 58 125
1147 14 89
1147 15 90
1150 60 105
1154 43 75
1155 50 105
1159 20 85
1160 2 110
1161 7 95
1162 63 114
1162 5 120
1163 57 110
1168 23 125
1169 2 80
1169 37 120
1169 60 95
1170 4 110
1170 7 145
1171 44 105
1171 47 120
1173 36 115
1175 36 109
1179 51 90
1179 10 124
1179 59 100
1179 62 99
1182 26 85
1184 50 170
1186 34 120
1186 36 99
1188 42 130
1188 62 134
1191 19 85
1191 44 109
1193 15 105
1195 7 119
1195 55 85
1196 10 125
1199 12 145
1200 10 120
1201 4 130
1205 46 99
1205 23 140
1205 63 69
1206 59 85
1207 19 99
1208 8 155
1213 40 124
1213 35 140
1213 39 84
1214 59 100
1214 60 69
1220 13 105
1221 31 104
1223 24 90
1223 15 94
1226 7 140
1226 9 89
1228 44 100
1228 29 90
1231 10 130
1234 24 165
1236 40 100
1238 24 110
1238 44 100
1238 62 130
1241 41 75
1241 49 115
1243 50 100
1244 16 95
1244 7 110
1247 47 110
1248 31 110
1253 43 130
1254 61 90
1254 23 79
1256 25 75
1258 54 125
1262 35 140
1263 2 129
1263 37 110
1265 2 110
1267 16 105
1267 12 100
1268 4 140
1270 48 104
1274 32 125
1274 43 134
1275 58 115
1275 6 79
1277 36 105
1277 60 115
1278 47 100
1279 48 99
1280 13 85
1284 26 114
1285 8 100
1286 56 124
1286 18 100
1286 35 105
1287 3 90
1287 30 129
1288 25 130
1291 32 89
1292 47 90
1294 49 140
1294 15 90
1295 42 135
1295 59 95
1295 63 114
1298 59 130
1303 61 104
1304 21 90
1306 46 110
1307 49 110
1307 42 120
1308 3 120
1310 53 180
1312 50 155
1312 25 144
1313 19 95
1316 31 69
1317 38 85
1318 38 109
1318 7 65
1322 42 105
1322 8 165
1326 23 79
1326 34 110
1326 63 100
1326 45 95
1328 8 115
1332 59 115
1333 29 84
1336 27 105
1336 54 79
1336 46 110
1338 23 79
1342 36 110
1342 15 124
496 887 103
700 886 77
840 1144 153
840 515 121
841 479 88
845 440 106
845 324 83
845 406 126
847 1280 103
847 779 86
872 556 98
872 753 83
877 723 108
878 861 128
1001 885 103
1053 866 118
1226 852 148
1276 885 132
1292 853 103
1310 869 106
834 48 111
836 33 105
837 10 156
837 27 110
837 15 106
838 0 101
838 9 106
838 52 85
839 49 96
839 4 81
839 45 136
840 53 120
851 42 136
852 2 75
852 11 91
852 45 95
853 34 86
853 20 71
853 63 106
854 7 75
857 44 96
857 31 105
858 45 81
858 7 106
859 31 61
860 7 106
861 26 106
863 33 106
864 35 126
864 60 96
864 5 111
864 55 111
866 43 136
866 34 100
870 52 81
872 36 101
872 56 131
872 62 151
873 40 91
874 13 86
874 18 86
874 19 81
876 2 91
876 37 91
881 29 96
881 47 91
886 50 116
886 51 85
891 35 61
893 25 96
894 63 96
895 7 126
851 886 139
858 870 77
840 20 97
841 36 120
841 41 87
841 43 100
841 28 87
845 5 85
847 59 72
874 57 96
879 7 67
