326 562 131
345 1069 139
353 837 139
354 972 139
359 644 139
362 808 139
367 1195 139
380 1342 131
383 584 139
383 634 139
404 917 139
406 790 139
408 1197 139
416 1330 139
419 919 131
422 954 139
422 447 139
432 620 139
435 580 139
437 1216 139
438 744 139
440 1294 131
442 1008 139
444 1279 139
446 1142 139
449 1284 139
454 1000 139
468 721 139
476 1038 131
480 659 139
482 1106 139
487 959 139
512 450 139
518 1097 139
524 874 139
529 927 131
542 946 139
544 394 139
546 794 139
546 435 139
561 498 139
561 687 139
566 1271 131
572 440 139
574 693 139
580 1180 139
586 987 139
591 698 139
592 1046 139
593 1106 131
594 1074 139
595 845 139
599 399 139
602 772 139
616 698 139
620 568 139
625 1083 131
668 409 139
677 1231 139
687 761 139
694 1091 139
703 534 139
703 917 139
712 769 131
713 898 139
729 752 139
730 1219 139
759 544 139
760 447 139
763 616 139
769 546 131
775 1160 139
779 1004 139
784 1340 139
784 429 139
787 691 139
802 1337 139
802 1182 131
807 998 139
810 703 139
817 457 139
818 464 139
828 529 139
836 596 135
838 520 131
866 1192 135
870 1247 135
880 1173 135
888 687 135
893 444 135
901 1298 143
910 1307 131
912 503 139
915 552 139
920 623 139
922 561 139
923 835 139
933 664 139
944 558 131
947 1000 139
954 761 139
954 659 139
961 1112 139
965 893 139
968 1214 139
969 1202 131
970 522 139
981 870 139
989 410 139
1009 1292 139
1009 1302 139
1011 1065 139
1016 460 131
1031 418 139
1034 527 139
1039 1033 139
1039 592 139
1041 593 139
1044 990 139
1046 869 131
1048 654 139
1067 790 139
1070 444 139
1076 842 139
1089 1019 139
1094 678 139
1096 1264 131
1097 1077 139
1108 555 139
1118 392 139
1120 425 139
1123 774 139
1125 938 139
1127 1306 131
1134 558 139
1228 1296 139
1232 945 139
1234 447 139
1236 1270 139
1238 652 139
1248 1191 131
1248 977 139
1249 1126 139
1258 670 139
1261 1322 139
1262 1228 139
1263 1191 139
1265 985 131
1291 412 139
1291 1278 139
1304 452 139
1329 586 139
399 323 135
463 377 135
628 332 127
841 1177 131
847 879 131
854 1070 131
872 667 131
879 1091 135
1159 1278 139
1165 904 127
1176 1058 139
1184 1211 139
1195 1276 139
1202 1144 139
1207 1290 139
1214 700 139
1312 381 127
321 53 133
326 54 133
332 48 133
336 30 133
340 31 133
345 5 133
348 41 125
353 3 133
379 15 133
384 33 133
385 54 133
398 62 133
400 60 133
406 10 125
406 25 133
410 9 133
413 9 133
426 35 133
427 28 133
433 44 133
434 33 125
438 61 133
440 12 133
446 1 133
454 38 133
458 49 133
463 14 133
464 43 125
467 55 133
479 33 133
479 34 133
483 31 133
483 55 133
489 36 133
493 10 125
498 38 133
500 10 133
500 42 133
500 31 133
522 45 133
524 48 133
526 34 125
534 37 133
541 15 133
542 33 133
542 50 133
546 57 133
554 24 133
564 57 125
564 35 133
564 15 133
570 0 133
574 37 133
586 16 133
587 57 133
590 25 125
597 28 133
599 2 133
600 40 133
603 43 133
614 15 133
626 14 133
628 34 125
629 35 133
629 37 133
631 62 133
632 48 133
634 54 133
634 30 133
635 0 125
635 4 133
640 34 133
646 3 133
647 44 133
668 0 133
670 43 133
671 52 125
671 13 133
677 34 133
685 33 133
687 5 133
688 29 133
693 14 133
696 6 125
700 36 133
713 39 133
713 42 133
720 35 133
726 6 133
729 9 133
734 27 125
734 54 133
737 20 133
745 57 133
752 53 133
753 43 133
753 46 133
755 16 125
761 49 133
767 39 133
770 43 133
778 50 133
779 4 133
792 48 133
792 40 125
816 7 133
824 62 133
827 35 133
827 44 133
832 22 129
835 43 129
857 46 125
859 6 129
861 61 129
866 18 129
885 3 129
888 16 129
889 25 137
891 63 125
894 15 129
904 27 133
919 40 133
923 44 133
927 56 133
927 58 137
931 3 125
938 57 133
940 10 133
941 7 133
950 48 133
956 41 133
958 14 133
961 19 125
967 44 133
968 63 133
970 40 133
970 50 133
971 18 133
972 7 133
979 17 125
987 44 133
989 33 133
994 56 133
994 14 133
1000 19 133
1004 44 133
1005 20 125
1009 52 133
1020 62 133
1028 42 133
1028 21 133
1029 54 133
1032 43 133
1034 29 125
1038 50 133
1044 18 133
1052 46 133
1052 23 133
1053 4 133
1057 27 133
1062 49 125
1062 60 133
1084 14 133
1114 44 133
1114 54 133
1115 40 133
1115 63 133
1116 29 125
1118 49 133
1118 40 133
1119 50 133
1128 33 133
1132 52 133
1136 26 133
1138 31 125
1139 1 133
1140 37 133
1142 19 133
1144 40 133
1150 24 133
1216 45 133
1221 50 125
1225 59 133
1225 4 133
1240 49 133
1243 34 133
1243 45 133
1246 3 133
1256 26 125
1266 61 133
1270 41 133
1271 25 133
1280 14 133
1280 30 133
1285 52 133
1297 43 125
1298 9 133
1299 26 133
1307 12 133
1312 7 133
1319 19 133
1328 39 133
1329 13 125
1338 16 133
404 345 135
500 346 135
559 354 135
629 346 135
689 338 135
911 338 123
978 359 131
1065 339 135
1170 1048 139
847 13 125
874 51 129
1154 44 133
1155 46 121
1167 9 133
1177 14 133
1181 39 133
1186 7 133
1205 12 133
1205 17 133
1207 46 121
1208 24 133
1208 43 133
321 1128 89
324 384 89
324 1134 79
330 800 79
337 1340 89
338 425 89
341 956 89
342 1193 89
344 1124 79
353 501 79
355 1191 89
361 585 79
369 907 79
369 1087 79
373 1111 79
374 1091 79
376 817 89
376 407 89
379 1093 79
380 1159 83
383 966 89
385 833 89
385 1114 89
392 419 89
393 413 89
393 1158 79
396 837 79
404 964 79
412 1266 89
420 997 79
432 1238 79
433 701 89
439 1035 89
439 1220 79
440 1327 83
440 1238 93
440 1277 89
441 806 89
441 577 89
444 948 79
454 438 89
455 832 89
458 637 89
460 835 93
461 1235 89
467 1298 79
470 878 79
472 752 79
473 394 79
473 1123 79
474 1058 83
480 579 79
482 931 89
494 1260 79
494 1021 89
496 887 89
500 1050 79
502 1154 79
512 678 89
512 1159 89
512 526 79
512 952 93
516 989 89
518 765 89
520 1253 89
520 1269 79
521 1263 83
522 806 89
522 622 89
525 421 79
526 656 79
526 538 89
526 579 93
542 859 79
544 554 89
544 836 79
544 1105 89
558 427 79
558 1246 89
565 496 89
568 1161 79
579 1076 79
585 504 79
586 899 79
588 952 89
592 802 89
597 1169 79
602 392 79
603 1160 79
613 838 93
628 1154 89
631 1262 83
633 915 83
637 941 79
640 1204 89
643 712 79
643 1027 79
646 889 79
647 968 89
647 396 89
653 683 89
655 863 89
667 1078 79
669 994 79
670 710 83
671 1235 79
672 529 93
684 749 79
685 561 79
686 694 79
694 498 79
698 944 83
700 886 89
701 1065 83
715 938 89
719 1248 89
719 768 89
720 649 89
720 561 89
723 879 79
733 529 79
738 433 79
738 729 79
741 1251 79
755 628 93
758 894 79
760 825 83
761 421 79
769 1028 79
770 1008 89
770 1247 79
771 894 79
772 1291 79
772 1222 89
773 1275 89
774 1124 89
776 446 83
779 545 79
783 887 79
783 1150 79
785 480 79
788 653 89
790 1122 79
795 1338 89
800 416 89
802 1216 83
805 1123 83
807 419 83
814 932 89
815 888 89
819 1171 89
824 790 79
824 470 79
826 649 89
828 473 79
830 644 89
830 502 89
900 978 93
900 1203 89
901 1039 89
903 1178 89
911 452 79
911 1140 89
913 622 89
913 662 89
916 635 79
917 1231 93
918 603 89
927 698 89
929 840 79
930 1173 89
941 1285 79
942 970 79
945 573 89
950 1203 79
954 1106 89
954 407 89
955 1296 93
955 435 79
958 538 79
966 1075 89
970 1201 79
972 832 79
972 913 83
972 981 89
978 454 89
979 410 79
979 1001 89
993 579 89
996 1110 89
999 841 93
1000 401 89
1001 885 89
1004 1147 79
1005 1125 89
1012 994 89
1014 1081 79
1020 1058 79
1022 1068 89
1025 496 79
1028 1062 79
1029 917 89
1030 1176 93
1030 938 79
1030 1228 89
1032 654 79
1035 558 89
1039 931 89
1041 601 79
1041 545 79
1049 779 89
1052 1225 89
1053 1128 79
1053 866 89
1057 1177 79
1068 412 93
1069 558 79
1074 1252 89
1080 1079 83
1081 1197 79
1083 1118 79
1087 1172 89
1088 1101 89
1088 1037 89
1089 1136 89
1092 791 89
1094 1257 79
1095 1182 79
1097 484 89
1098 684 89
1098 583 79
1099 1026 83
1099 1326 89
1112 1222 89
1119 525 89
1122 1029 89
1123 902 79
1123 1029 79
1126 1248 89
1127 1060 79
1133 1027 79
1134 599 79
1150 1216 79
1223 568 83
1223 761 83
1226 649 93
1226 1338 79
1232 386 89
1240 1290 89
1241 634 79
1246 948 79
1252 394 89
1252 455 89
1255 1186 89
1255 645 79
1256 726 79
1261 1038 79
1263 1248 83
1264 1042 79
1268 1082 79
1274 933 89
1276 889 93
1276 1292 89
1276 885 89
1276 526 79
1277 1235 79
1278 770 89
1279 656 89
1283 1194 79
1288 834 83
1288 917 89
1292 739 79
1298 562 89
1306 632 79
1307 1120 93
1310 976 89
1310 869 89
1313 609 89
1322 724 79
1326 1319 89
1328 793 89
1330 1336 89
1332 766 93
1335 396 89
1342 778 89
1169 52 121
1170 20 133
329 1053 88
340 629 88
342 384 88
364 500 84
365 1004 80
367 448 84
367 1000 88
386 648 88
392 809 88
412 1248 88
412 744 84
412 1049 80
418 1280 84
425 1129 88
427 793 88
432 381 85
440 1034 88
441 1018 88
442 1310 80
451 835 84
452 581 84
454 809 88
457 366 84
459 579 88
459 902 88
460 621 80
478 433 84
478 787 84
478 1118 88
487 1050 88
488 1021 88
496 660 88
509 491 80
509 734 84
516 711 84
554 1120 88
555 714 88
555 1108 88
558 992 88
565 460 80
583 598 84
591 1333 84
592 958 88
597 810 88
599 788 88
600 1141 88
601 927 80
612 380 85
613 958 84
622 600 84
622 737 88
629 1082 88
643 390 88
646 416 84
649 880 84
652 649 84
656 1283 84
668 332 85
670 619 88
673 959 88
678 538 84
713 372 84
716 1327 84
716 671 84
723 778 84
723 1295 88
744 1313 88
748 561 84
752 986 88
758 1080 84
760 880 84
777 1096 84
778 892 88
780 444 88
794 1111 84
802 1229 88
806 810 84
808 413 84
815 1040 84
815 1222 88
815 678 88
827 755 84
828 396 88
833 1060 85
856 986 75
856 990 75
857 1248 75
858 870 85
859 1197 85
861 566 85
862 1022 85
863 1275 85
866 793 75
871 818 89
880 1125 80
885 1059 80
888 763 85
888 948 79
890 534 80
893 584 75
894 1030 85
895 541 79
897 634 80
904 784 88
929 1047 88
932 494 88
933 991 84
936 1150 84
938 854 84
940 492 84
941 878 88
947 515 88
953 579 88
956 556 84
962 890 84
969 667 84
977 500 84
986 615 88
994 1021 88
996 1016 88
998 1106 84
1004 1136 84
1008 1134 84
1014 345 80
1048 474 88
1072 1129 88
1078 1018 88
1083 463 84
1084 1138 84
1105 470 84
1110 1010 84
1111 372 84
1116 771 88
1120 790 88
1124 832 84
1124 377 75
1128 531 84
1130 1135 80
1138 1317 88
1140 829 88
1144 1255 88
1154 1010 89
1157 498 79
1158 1259 89
1162 677 75
1165 429 79
1167 468 89
1167 1247 89
1176 416 79
1180 1252 93
1182 804 79
1182 1134 85
1186 1184 83
1188 443 89
1188 1058 83
1194 688 89
1194 1021 89
1197 596 79
1200 1012 89
1204 591 89
1207 1277 75
1208 801 79
1210 1003 89
1213 1050 89
1219 438 84
1220 811 80
1225 461 88
1228 1018 88
1249 1241 84
1257 1136 84
1258 601 84
1261 976 88
1265 897 84
1286 1065 88
1286 1277 88
1295 472 84
1295 1118 84
1308 779 84
1313 480 88
1322 920 84
1323 1136 88
1342 592 88
323 48 83
323 19 83
324 40 83
324 46 83
326 10 73
331 31 83
333 24 73
333 23 87
336 59 73
338 11 73
341 14 73
345 56 73
346 48 77
346 13 73
355 57 73
362 24 73
362 6 83
364 7 73
367 30 83
373 7 83
380 2 83
381 0 83
381 22 83
384 24 73
384 29 87
386 48 73
388 62 83
388 22 83
397 7 77
399 27 83
405 0 73
405 35 83
406 24 73
406 63 83
407 42 73
410 11 83
411 11 73
412 36 73
421 52 77
422 20 73
425 44 87
426 24 83
426 12 83
426 61 73
427 45 73
434 43 73
434 22 83
435 22 73
438 54 73
439 41 77
441 59 83
444 41 83
444 61 83
444 46 73
449 19 87
457 7 83
460 23 83
461 41 83
467 3 83
479 42 83
481 42 83
481 61 73
483 5 87
487 58 83
492 38 73
495 23 83
499 46 83
505 53 73
514 46 83
517 26 83
521 27 73
524 39 73
525 61 73
526 49 83
530 1 73
530 46 87
543 18 83
544 42 73
545 56 83
546 58 73
554 29 73
559 50 83
563 56 73
565 35 73
565 38 77
570 48 83
570 35 83
573 37 77
574 17 83
579 52 83
583 14 83
586 22 73
588 9 73
588 38 83
595 14 73
602 54 83
603 41 83
604 51 73
608 48 83
609 4 73
611 0 83
612 19 87
612 21 73
625 0 83
625 60 83
626 47 77
629 53 83
629 27 73
631 40 73
632 17 73
635 18 83
647 34 83
647 30 73
652 31 83
653 32 73
653 8 77
657 35 73
660 31 73
663 47 73
667 10 73
670 57 87
670 28 73
671 18 83
686 35 83
686 58 83
687 1 73
688 20 77
688 55 83
689 48 83
698 29 77
701 19 83
701 20 83
706 45 73
706 31 83
707 60 73
708 17 83
710 17 73
711 2 83
711 3 73
712 34 83
712 44 73
713 48 83
714 58 83
715 10 87
716 33 73
719 6 83
721 15 77
723 50 83
724 27 73
724 11 83
729 7 83
737 31 83
742 41 73
747 47 83
748 26 87
749 55 83
756 0 83
759 26 83
759 15 83
760 50 73
760 24 73
761 40 73
761 5 73
761 63 77
767 25 73
770 3 83
770 41 83
770 26 73
772 14 73
777 20 87
778 32 73
779 11 73
779 59 83
782 17 83
790 60 83
791 49 73
795 32 77
795 58 83
800 51 73
802 44 73
805 29 83
806 12 73
809 62 83
814 44 87
817 23 73
819 24 83
826 37 73
828 15 73
898 20 83
898 38 77
903 3 73
907 60 83
908 53 73
911 28 73
913 23 73
915 45 83
916 4 83
916 20 83
917 4 73
919 34 87
919 59 73
921 57 77
925 14 73
927 25 83
927 55 73
930 24 73
932 36 83
933 56 73
937 59 73
940 40 83
940 54 83
944 30 77
945 40 77
946 14 83
948 2 83
950 0 73
954 26 73
959 14 87
962 48 73
965 42 73
966 38 73
967 1 73
967 54 77
968 42 83
969 1 83
970 23 83
972 55 83
975 47 83
982 21 83
986 56 83
993 38 83
997 32 83
997 62 83
999 26 83
1000 36 83
1003 37 73
1004 7 83
1009 17 73
1016 32 73
1016 29 87
1018 33 73
1019 48 73
1019 11 73
1019 21 83
1021 41 83
1022 53 77
1025 10 73
1026 41 73
1027 2 83
1028 32 83
1031 50 73
1031 35 73
1032 1 83
1032 30 73
1032 63 77
1035 17 83
1035 18 73
1036 37 87
1039 49 83
1044 51 83
1047 45 73
1056 30 73
1056 7 83
1057 56 83
1057 33 83
1063 24 83
1069 60 83
1071 42 83
1071 29 83
1072 5 73
1074 0 73
1074 54 83
1076 54 83
1078 3 73
1079 37 83
1083 42 83
1086 37 87
1087 50 73
1088 13 83
1092 42 77
1102 32 73
1103 30 83
1106 51 83
1108 6 83
1111 15 83
1114 2 73
1116 1 83
1119 5 73
1122 44 73
1123 62 87
1124 36 73
1127 21 83
1128 48 83
1129 37 83
1133 52 73
1133 39 77
1135 59 83
1137 19 73
1138 25 83
1147 14 73
1147 15 73
1150 60 83
1220 13 87
1221 31 83
1226 9 73
1228 44 73
1228 29 73
1236 40 77
1238 24 73
1238 44 73
1241 41 73
1243 50 73
1244 16 83
1244 7 73
1247 47 83
1248 31 83
1253 43 83
1254 23 77
1256 25 77
1258 54 83
1263 37 73
1265 2 73
1267 16 87
1267 12 83
1270 48 73
1274 43 83
1275 6 83
1277 36 73
1279 48 73
1280 13 83
1286 56 83
1286 18 73
1288 25 83
1291 32 83
1292 47 77
1294 15 73
1295 59 83
1295 63 83
1298 59 83
1304 21 73
1306 46 73
1307 49 73
1307 42 83
1308 3 83
1312 50 83
1316 31 73
1317 38 87
1318 38 83
1318 7 73
1322 42 83
1322 8 83
1326 23 77
1326 34 73
1326 63 73
1326 45 83
1333 29 73
1336 54 73
1336 46 83
1338 23 73
1342 36 83
1342 15 87
324 1022 90
331 432 94
331 1263 94
336 675 94
341 1126 94
346 677 94
348 911 94
349 696 90
359 540 94
367 774 94
367 370 94
374 983 94
380 879 94
381 540 94
382 1285 90
382 823 94
386 901 94
388 407 94
407 506 94
418 792 94
429 780 94
438 687 90
449 1087 94
451 688 94
451 711 94
459 407 94
464 1092 94
464 486 94
468 585 90
473 501 94
488 1309 94
499 1328 94
503 953 94
504 895 94
505 1276 94
532 726 90
555 1240 94
567 397 94
577 454 94
585 874 94
590 1277 94
594 1294 94
595 861 90
595 359 81
598 894 94
600 994 94
601 1027 94
623 573 94
623 830 94
625 1053 90
626 444 94
638 1112 94
647 576 94
664 978 94
669 1339 94
673 321 84
678 774 94
688 338 90
689 1247 94
703 442 94
710 914 94
711 1179 80
712 1313 94
724 1241 94
729 356 71
733 917 94
742 917 94
748 1332 94
758 1273 90
760 1077 94
766 739 94
776 744 94
776 1295 94
778 444 90
780 1134 94
794 755 94
806 350 94
811 1277 94
823 365 71
834 556 90
841 520 76
841 479 71
845 440 85
849 1240 71
851 886 81
854 1269 71
856 659 90
863 1003 90
872 556 75
872 753 75
872 787 80
873 1117 81
874 547 80
877 723 75
878 861 85
893 1322 90
893 989 90
894 594 90
897 1070 94
902 827 94
907 847 94
916 691 94
918 828 94
923 1114 94
933 1031 90
933 366 94
937 373 81
940 1225 94
947 390 94
977 992 94
977 594 94
981 698 90
982 1110 94
987 1290 94
990 899 94
990 374 81
992 739 94
1001 568 94
1008 1273 90
1021 540 94
1026 1092 94
1032 953 94
1039 365 71
1048 1105 94
1049 327 84
1052 491 94
1057 892 94
1059 1336 90
1059 738 94
1066 401 94
1068 823 94
1076 584 94
1084 1290 94
1087 940 94
1088 669 90
1092 1341 94
1097 685 94
1098 564 94
1115 425 94
1116 338 94
1119 756 94
1125 755 90
1126 380 94
1127 576 94
1135 1108 94
1140 338 94
1141 1127 94
1142 557 94
1144 585 90
1154 1119 88
1159 1093 84
1161 411 84
1169 1286 79
1171 425 89
1177 839 76
1191 634 88
1199 938 88
1205 1128 88
1205 500 84
1219 1186 80
1219 975 94
1223 1327 94
1226 852 94
1228 1069 94
1232 373 85
1243 1176 76
1247 1039 94
1248 930 94
1248 1069 90
1249 370 85
1254 505 94
1257 1001 94
1262 351 71
1273 647 94
1278 594 94
1279 1333 90
1281 339 71
1292 529 94
1292 853 94
1297 563 94
1304 911 94
1318 556 94
1327 329 90
1328 640 94
1339 738 94
1340 545 94
326 19 82
329 54 82
333 51 78
335 55 74
339 2 78
345 8 82
350 40 82
353 56 82
353 4 82
354 24 78
355 5 74
360 10 78
370 23 82
388 49 82
390 27 82
392 37 82
394 8 78
401 41 74
412 26 78
416 15 82
419 49 82
425 49 82
427 23 82
432 44 78
441 9 74
442 53 78
450 13 82
452 13 82
456 3 82
470 23 82
476 35 78
476 11 74
488 62 78
489 58 82
498 53 82
501 42 82
504 0 82
509 40 78
512 38 74
512 24 78
522 42 82
525 45 82
532 50 82
540 43 82
543 19 78
543 21 74
544 28 78
552 40 82
556 24 82
557 62 82
563 44 82
568 62 78
570 34 74
572 17 78
574 13 82
575 51 82
576 40 82
580 24 82
580 22 78
582 27 74
583 55 78
586 27 82
594 49 82
594 15 82
597 12 82
604 56 78
604 13 74
621 10 78
638 23 82
640 57 82
646 63 82
648 57 82
653 34 78
655 39 74
657 62 78
660 59 82
668 41 82
670 27 82
682 46 82
682 63 78
683 15 74
686 43 78
688 51 82
689 21 82
691 26 82
698 40 82
701 18 78
707 40 74
707 41 78
712 31 82
714 49 82
716 46 82
719 5 82
720 57 78
736 57 74
736 50 78
736 21 82
737 25 82
742 3 82
744 42 82
744 27 78
748 54 74
752 15 78
758 42 82
761 16 82
778 27 82
779 13 82
783 55 78
788 58 74
795 41 78
807 34 82
816 22 82
817 50 82
825 28 82
837 27 79
837 15 69
838 9 79
838 52 79
839 49 69
839 4 79
839 47 74
856 31 74
857 31 79
858 45 69
858 5 74
858 7 79
859 31 69
860 7 79
861 26 73
862 48 74
862 4 74
863 33 69
864 35 79
864 60 69
870 52 79
880 53 78
881 29 83
881 47 79
886 50 79
886 51 79
888 42 78
891 35 69
892 24 74
893 25 79
894 63 69
897 10 74
899 41 78
914 20 82
922 42 82
922 21 78
922 7 74
931 40 78
931 45 82
932 49 82
933 30 82
935 5 82
937 7 78
939 40 74
942 29 78
955 41 82
962 40 82
964 3 82
965 50 82
969 33 78
977 18 74
978 9 78
978 34 82
991 43 82
997 12 82
1003 19 82
1005 25 78
1008 42 74
1008 18 78
1010 60 82
1011 40 82
1011 4 82
1014 51 82
1018 60 78
1018 38 74
1025 63 78
1035 19 82
1037 27 82
1039 12 82
1041 13 82
1044 41 78
1044 61 74
1050 3 78
1052 22 82
1053 3 82
1058 62 82
1065 23 82
1068 2 78
1069 59 74
1096 40 78
1101 17 82
1102 61 82
1103 2 82
1103 14 82
1106 58 78
1110 7 74
1112 50 78
1120 26 82
1120 37 82
1125 34 82
1129 10 82
1133 63 78
1138 3 74
1154 43 73
1155 50 83
1159 20 73
1160 2 73
1161 7 73
1162 63 77
1162 5 79
1163 57 73
1179 10 83
1179 62 83
1182 26 73
1186 36 83
1188 42 83
1191 19 79
1191 44 73
1195 55 73
1196 10 77
1199 12 83
1200 10 83
1205 46 83
1205 63 69
1206 59 83
1207 19 83
1213 40 83
1214 59 83
1214 60 77
1219 44 78
1226 47 74
1244 8 78
1248 19 82
1251 44 82
1251 55 82
1252 59 82
1253 38 78
1254 9 74
1255 49 78
1279 8 82
1279 15 82
1280 35 82
1281 12 82
1288 1 78
1292 40 74
1294 25 78
1297 34 82
1297 62 82
1299 16 82
1312 5 82
1312 12 78
1315 21 74
1318 42 78
1322 25 82
1328 13 82
1329 12 82
1330 58 82
1338 50 78
349 1169 86
495 1187 86
556 1211 90
667 1181 90
840 1144 82
840 515 90
845 324 71
845 406 86
847 1280 86
847 779 86
851 962 86
851 581 86
854 633 86
876 516 98
1020 1182 90
1048 1175 90
1049 1213 72
1154 636 94
1188 499 94
1196 452 90
1200 652 94
1200 335 94
1202 1231 94
1207 1025 94
1240 1203 90
1266 1208 90
1273 1199 82
323 44 88
327 9 88
332 14 88
335 44 88
345 49 88
345 20 88
354 12 80
357 51 88
359 49 88
361 38 88
369 13 88
370 59 88
372 25 88
382 62 80
385 40 88
392 63 88
396 20 88
400 35 88
404 43 88
406 62 88
409 26 80
410 2 88
412 40 88
413 56 88
418 42 88
423 42 88
423 62 88
437 19 80
448 48 88
457 51 88
458 52 88
460 40 88
461 24 88
463 8 88
473 4 80
479 27 88
480 2 88
482 12 88
485 34 88
485 4 88
493 0 88
499 56 80
501 60 88
512 47 88
529 8 88
538 63 88
544 39 88
547 60 88
550 16 80
556 6 88
561 8 88
561 21 88
570 37 88
576 39 88
577 29 88
579 9 80
584 47 88
586 49 88
587 62 88
598 48 88
599 13 88
602 11 88
603 29 80
604 9 88
618 42 88
629 4 88
645 6 88
649 42 88
649 45 88
654 52 80
656 60 88
657 41 88
662 10 88
663 62 88
664 59 88
675 19 88
675 29 80
694 3 88
698 15 88
701 32 88
703 6 88
706 3 88
711 4 88
713 32 80
714 37 88
716 39 88
737 56 88
742 20 88
744 1 88
748 38 88
752 33 80
761 4 88
765 9 88
765 53 88
766 18 88
769 38 88
773 57 88
785 62 80
791 8 88
793 38 88
812 15 88
816 48 88
817 12 88
818 52 88
822 39 80
828 54 88
830 45 88
834 48 84
836 33 84
837 10 84
838 0 84
839 45 80
840 20 73
840 53 74
841 36 75
841 41 65
845 5 69
847 59 69
849 56 70
849 46 74
850 55 70
852 2 75
852 11 79
852 45 79
853 34 69
853 35 78
853 20 87
853 63 75
854 7 75
857 44 84
864 5 80
864 55 84
866 43 84
866 34 92
872 36 75
872 56 78
872 62 79
874 18 74
874 19 79
874 57 69
876 2 74
876 37 75
879 7 69
895 7 80
897 6 88
902 53 88
912 42 88
913 43 84
916 27 88
921 36 88
932 12 88
932 39 88
946 30 88
948 35 88
950 24 84
950 46 88
964 18 88
965 13 88
968 43 88
975 52 88
977 22 88
977 55 84
979 9 88
979 44 88
987 19 88
989 52 88
1000 53 88
1003 17 88
1010 22 84
1012 59 88
1012 45 88
1015 31 88
1018 42 88
1022 54 88
1026 43 88
1027 47 84
1041 61 88
1052 53 88
1053 26 88
1058 24 88
1060 63 88
1062 56 88
1065 25 84
1066 22 88
1074 43 88
1079 58 88
1082 1 88
1084 55 88
1086 4 88
1089 54 84
1092 45 88
1101 21 88
1106 61 88
1108 29 88
1118 52 88
1121 59 88
1123 50 84
1125 46 88
1126 19 88
1126 47 88
1134 21 88
1134 38 88
1136 30 88
1137 32 84
1137 61 88
1144 58 88
1165 28 70
1168 23 83
1169 2 73
1169 37 83
1170 4 73
1171 44 65
1171 47 83
1179 24 78
1181 9 78
1182 58 82
1186 14 82
1186 53 82
1193 10 74
1195 60 78
1199 5 78
1203 22 78
1204 51 82
1205 39 82
1223 24 88
1223 15 84
1226 7 88
1231 10 88
1234 24 88
1238 62 88
1241 49 88
1254 61 88
1262 35 84
1263 2 88
1268 4 88
1274 32 88
1275 58 88
1277 60 88
1278 47 88
1284 26 84
1285 8 88
1286 35 88
1287 3 88
1287 30 88
1294 49 88
1295 42 88
1303 61 84
1310 53 88
1312 25 88
1313 19 88
1328 8 88
1332 59 88
1336 27 88
564 1159 86
854 366 77
981 1158 86
1169 899 94
1169 649 94
1171 336 71
1175 774 94
841 43 80
841 28 80
851 42 80
873 40 76
874 13 84
1169 21 70
1171 38 78
1172 41 66
1173 40 78
1173 26 82
1179 51 88
1179 59 88
1184 50 88
1186 34 88
1188 62 80
1193 15 88
1195 7 88
1201 4 88
1205 23 88
1208 8 88
1213 35 88
1213 39 80
1169 60 88
1170 7 88
1173 36 88
1175 36 88
