326 562 131
345 1069 145
353 837 135
354 972 145
359 644 131
362 808 135
367 1195 135
380 1342 145
383 584 131
383 634 135
404 917 145
406 790 170
408 1197 131
416 1330 145
419 919 135
422 954 135
422 447 131
432 620 135
435 580 145
437 1216 135
438 744 141
440 1294 135
442 1008 135
444 1279 135
446 1142 141
449 1284 135
454 1000 135
468 721 170
476 1038 141
480 659 145
482 1106 145
487 959 135
512 450 131
518 1097 135
524 874 145
529 927 135
542 946 131
544 394 145
546 794 135
546 435 145
561 498 131
561 687 135
566 1271 145
572 440 145
574 693 141
580 1180 145
586 987 135
591 698 145
592 1046 141
593 1106 135
594 1074 135
595 845 135
599 399 131
602 772 145
616 698 135
620 568 135
625 1083 131
668 409 135
677 1231 135
687 761 135
694 1091 131
703 534 145
703 917 145
712 769 135
713 898 141
729 752 135
730 1219 145
759 544 145
760 447 131
763 616 135
769 546 135
775 1160 135
779 1004 131
784 1340 145
784 429 145
787 691 145
802 1337 141
802 1182 145
807 998 135
810 703 135
817 457 131
818 464 135
828 529 135
901 1298 135
910 1307 141
912 503 145
915 552 150
920 623 135
922 561 131
923 835 135
933 664 135
944 558 135
947 1000 131
954 761 135
954 659 145
961 1112 135
965 893 131
968 1214 135
969 1202 135
970 522 145
981 870 141
989 410 135
1009 1292 135
1009 1302 135
1011 1065 131
1016 460 135
1031 418 135
1034 527 145
1039 1033 131
1039 592 145
1041 593 145
1044 990 145
1046 869 131
1048 654 135
1067 790 135
1070 444 145
1076 842 131
1089 1019 145
1094 678 145
1096 1264 135
1097 1077 131
1108 555 145
1118 392 135
1120 425 135
1123 774 141
1125 938 135
1127 1306 135
1134 558 135
1159 1278 131
1165 904 145
1170 1048 135
1176 1058 135
1184 1211 131
1195 1276 145
1202 1144 145
1207 1290 135
1214 700 131
1228 1296 135
1232 945 135
1234 447 135
1236 1270 131
1238 652 135
1248 1191 145
1248 977 135
1249 1126 141
1258 670 170
1261 1322 135
1262 1228 145
1263 1191 141
1265 985 135
1291 412 145
1291 1278 145
1304 452 141
1329 586 135
399 323 131
463 377 131
628 332 127
836 596 141
838 520 131
854 1070 131
866 1192 127
870 1247 131
880 1173 131
888 687 141
893 444 137
1312 381 131
321 53 129
326 54 129
332 48 125
336 30 129
340 31 129
345 5 129
348 41 125
353 3 139
379 15 139
384 33 129
385 54 135
398 62 139
400 60 129
406 10 129
406 25 125
410 9 129
413 9 129
426 35 129
427 28 125
433 44 129
434 33 129
438 61 139
440 12 135
446 1 129
454 38 129
458 49 129
463 14 125
464 43 129
467 55 129
479 33 129
479 34 135
483 31 129
483 55 139
489 36 139
493 10 125
498 38 139
500 10 129
500 42 129
500 31 125
522 45 129
524 48 129
526 34 139
534 37 125
541 15 129
542 33 129
542 50 139
546 57 125
554 24 129
564 57 154
564 35 139
564 15 135
570 0 129
574 37 129
586 16 129
587 57 135
590 25 139
597 28 129
599 2 129
600 40 135
603 43 129
614 15 129
626 14 129
628 34 125
629 35 139
629 37 129
631 62 129
632 48 125
634 54 139
634 30 139
635 0 139
635 4 135
640 34 139
646 3 129
647 44 129
668 0 135
670 43 139
671 52 129
671 13 129
677 34 125
685 33 129
687 5 129
688 29 139
693 14 125
696 6 129
700 36 129
713 39 139
713 42 125
720 35 129
726 6 139
729 9 139
734 27 135
734 54 139
737 20 129
745 57 129
752 53 125
753 43 129
753 46 139
755 16 129
761 49 125
767 39 129
770 43 139
778 50 139
779 4 125
792 48 129
792 40 129
816 7 129
824 62 125
827 35 139
827 44 139
904 27 129
919 40 125
923 44 139
927 56 129
927 58 139
931 3 135
938 57 139
940 10 129
941 7 129
950 48 125
956 41 139
958 14 139
961 19 139
967 44 135
968 63 129
970 40 139
970 50 139
971 18 125
972 7 164
979 17 129
987 44 129
989 33 125
994 56 139
994 14 129
1000 19 139
1004 44 125
1005 20 129
1009 52 129
1020 62 139
1028 42 125
1028 21 129
1029 54 129
1032 43 139
1034 29 135
1038 50 129
1044 18 129
1052 46 129
1052 23 125
1053 4 129
1057 27 129
1062 49 139
1062 60 135
1084 14 129
1114 44 129
1114 54 129
1115 40 125
1115 63 139
1116 29 129
1118 49 139
1118 40 135
1119 50 139
1128 33 129
1132 52 139
1136 26 125
1138 31 139
1139 1 139
1140 37 129
1142 19 135
1144 40 129
1150 24 139
1154 44 139
1155 46 125
1167 9 139
1169 52 139
1170 20 129
1177 14 135
1181 39 164
1186 7 129
1205 12 139
1205 17 135
1207 46 139
1208 24 129
1208 43 139
1216 45 125
1221 50 139
1225 59 129
1225 4 164
1240 49 125
1243 34 139
1243 45 139
1246 3 129
1256 26 135
1266 61 139
1270 41 139
1271 25 129
1280 14 125
1280 30 129
1285 52 129
1297 43 139
1298 9 135
1299 26 139
1307 12 139
1312 7 139
1319 19 125
1328 39 129
1329 13 139
1338 16 129
404 345 123
500 346 156
559 354 127
629 346 131
689 338 123
841 1177 137
847 879 127
872 667 131
879 1091 123
911 338 141
978 359 127
1065 339 131
832 22 131
835 43 125
857 46 135
859 6 125
861 61 131
866 18 135
885 3 125
888 16 125
889 25 121
891 63 125
894 15 125
321 1128 89
324 384 99
324 1134 79
329 1053 84
330 800 89
337 1340 99
338 425 89
340 629 94
341 956 89
342 384 94
342 1193 89
344 1124 79
353 501 79
355 1191 89
361 585 79
364 500 84
365 1004 84
367 448 94
367 1000 84
369 907 79
369 1087 89
373 1111 89
374 1091 89
376 817 89
376 407 99
379 1093 79
380 1159 79
383 966 99
385 833 89
385 1114 89
386 648 94
392 809 84
392 419 89
393 413 89
393 1158 79
396 837 79
404 964 79
412 1248 94
412 744 94
412 1266 89
412 1049 84
418 1280 84
420 997 89
425 1129 84
427 793 84
432 1238 79
433 701 89
439 1035 99
439 1220 79
440 1034 94
440 1327 79
440 1238 99
440 1277 89
441 1018 84
441 806 89
441 577 89
442 1310 84
444 948 89
451 835 94
452 581 84
454 809 94
454 438 89
455 832 99
458 637 99
459 579 94
459 902 84
460 835 99
460 621 94
461 1235 99
467 1298 79
470 878 79
472 752 89
473 394 89
473 1123 79
474 1058 89
478 433 84
478 787 94
478 1118 94
480 579 79
482 931 99
487 1050 94
488 1021 84
494 1260 79
494 1021 89
496 660 84
496 887 89
500 1050 89
502 1154 79
509 491 94
509 734 84
512 678 99
512 1159 99
512 526 79
512 952 99
516 989 89
516 711 94
518 765 99
520 1253 89
520 1269 89
521 1263 89
522 806 89
522 622 89
525 421 89
526 656 79
526 538 89
526 579 89
542 859 79
544 554 89
544 836 79
544 1105 99
554 1120 84
555 714 84
555 1108 94
558 992 94
558 427 79
558 1246 99
565 496 89
565 460 94
568 1161 79
579 1076 79
583 598 84
585 504 79
586 899 89
588 952 99
591 1333 94
592 802 99
592 958 94
597 810 94
597 1169 79
599 788 94
600 1141 84
601 927 84
602 392 89
603 1160 79
613 958 94
613 838 89
622 600 84
622 737 84
628 1154 89
629 1082 94
631 1262 79
633 915 79
637 941 79
640 1204 99
643 712 79
643 1027 89
643 390 94
646 416 84
646 889 79
647 968 89
647 396 89
649 880 84
652 649 94
653 683 89
655 863 89
656 1283 84
667 1078 89
669 994 89
670 710 79
670 619 94
671 1235 89
672 529 99
673 959 84
678 538 84
684 749 79
685 561 79
686 694 79
694 498 89
698 944 79
700 886 89
701 1065 79
711 1179 94
715 938 89
716 1327 84
716 671 84
719 1248 89
719 768 89
720 649 99
720 561 89
723 778 84
723 879 79
723 1295 94
733 529 89
738 433 79
738 729 79
741 1251 79
744 1313 84
748 561 84
752 986 84
755 628 99
758 1080 94
758 894 79
760 880 94
760 825 89
761 421 89
769 1028 79
770 1008 89
770 1247 89
771 894 79
772 1291 79
772 1222 99
773 1275 99
774 1124 99
776 446 89
777 1096 84
778 892 94
779 545 79
780 444 94
783 887 79
783 1150 79
785 480 89
788 653 89
790 1122 79
794 1111 94
795 1338 89
800 416 89
802 1216 79
802 1229 94
805 1123 79
806 810 84
807 419 89
808 413 84
814 932 89
815 1040 94
815 888 99
815 1222 84
815 678 94
819 1171 89
824 790 79
824 470 89
826 649 99
827 755 94
828 396 84
828 473 79
830 644 89
830 502 89
897 634 94
900 978 99
900 1203 89
901 1039 89
903 1178 99
904 784 84
911 452 89
911 1140 99
913 622 89
913 662 89
916 635 79
917 1231 99
918 603 89
927 698 89
929 840 89
929 1047 94
930 1173 89
932 494 84
933 991 84
936 1150 84
938 854 84
940 492 84
941 1285 89
941 878 84
942 970 89
945 573 99
947 515 84
950 1203 89
953 579 94
954 1106 89
954 407 89
955 1296 89
955 435 89
956 556 84
958 538 79
962 890 84
966 1075 124
969 667 84
970 1201 79
972 832 89
972 913 79
972 981 99
977 500 84
978 454 89
979 410 79
979 1001 89
986 615 94
993 579 89
994 1021 94
996 1016 94
996 1110 89
998 1106 84
999 841 89
1000 401 89
1001 885 89
1004 1136 84
1004 1147 79
1005 1125 99
1008 1134 84
1012 994 89
1014 1081 89
1020 1058 89
1022 1068 89
1025 496 79
1028 1062 89
1029 917 89
1030 1176 99
1030 938 89
1030 1228 99
1032 654 79
1035 558 89
1039 931 89
1041 601 79
1041 545 89
1048 474 84
1049 779 89
1049 1213 84
1052 1225 89
1053 1128 89
1053 866 99
1057 1177 79
1068 412 99
1069 558 89
1072 1129 84
1074 1252 99
1078 1018 94
1080 1079 79
1081 1197 89
1083 1118 89
1083 463 94
1084 1138 84
1087 1172 99
1088 1101 89
1088 1037 89
1089 1136 89
1092 791 99
1094 1257 79
1095 1182 79
1097 484 99
1098 684 89
1098 583 79
1099 1026 89
1099 1326 99
1105 470 84
1110 1010 84
1112 1222 89
1116 771 84
1119 525 99
1120 790 84
1122 1029 89
1123 902 79
1123 1029 89
1124 832 84
1126 1248 89
1127 1060 79
1128 531 84
1130 1135 84
1133 1027 89
1134 599 89
1138 1317 84
1140 829 94
1144 1255 84
1150 1216 89
1154 1010 99
1154 1119 94
1157 498 79
1158 1259 89
1159 1093 84
1161 411 94
1162 677 89
1165 429 79
1167 468 99
1167 1247 89
1169 1286 79
1171 425 89
1176 416 79
1177 839 84
1180 1252 89
1182 804 79
1182 1134 89
1186 1184 89
1188 443 99
1188 1058 79
1191 634 84
1194 688 99
1194 1021 99
1197 596 79
1199 938 84
1200 1012 89
1204 591 99
1205 1128 84
1205 500 84
1207 1277 79
1208 801 79
1210 1003 99
1213 1050 99
1219 1186 94
1219 438 84
1220 811 94
1223 568 79
1223 761 89
1225 461 84
1226 649 99
1226 1338 79
1228 1018 84
1232 386 99
1240 1290 99
1241 634 79
1243 1176 84
1246 948 79
1249 1241 84
1252 394 89
1252 455 89
1255 1186 99
1255 645 79
1256 726 79
1257 1136 84
1258 601 94
1261 976 94
1261 1038 89
1263 1248 79
1264 1042 89
1265 897 94
1268 1082 79
1274 933 89
1276 889 89
1276 1292 89
1276 885 89
1276 526 89
1277 1235 79
1278 770 99
1279 656 89
1283 1194 79
1286 1065 84
1286 1277 84
1288 834 79
1288 917 99
1292 739 89
1295 472 84
1295 1118 94
1298 562 89
1306 632 79
1307 1120 99
1308 779 84
1310 976 89
1310 869 114
1313 480 94
1313 609 99
1322 920 94
1322 724 79
1323 1136 94
1326 1319 99
1328 793 89
1330 1336 99
1332 766 89
1335 396 99
1342 592 94
1342 778 89
847 13 121
874 51 121
432 381 85
457 366 80
612 380 85
668 332 85
713 372 90
823 365 85
833 1060 85
849 1240 75
851 886 95
854 1269 75
856 986 75
856 990 75
857 1248 75
858 870 85
859 1197 85
861 566 95
862 1022 85
863 1275 85
866 793 75
871 818 95
880 1125 90
885 1059 90
888 763 85
888 948 85
890 534 80
893 584 75
894 1030 85
895 541 75
937 373 85
990 374 85
1014 345 80
1039 365 75
1111 372 80
1124 377 75
1232 373 95
1249 370 85
323 48 83
323 19 83
324 40 93
324 46 93
326 19 88
326 10 83
329 54 78
331 31 93
333 24 73
333 51 78
333 23 83
335 55 78
336 59 73
338 11 83
339 2 78
341 14 73
345 8 78
345 56 83
346 48 73
346 13 83
350 40 78
353 56 88
353 4 78
354 24 78
355 57 73
355 5 78
360 10 78
362 24 83
362 6 93
364 7 73
367 30 83
370 23 78
373 7 83
380 2 93
381 0 83
381 22 83
384 24 83
384 29 83
386 48 73
388 49 78
388 62 83
388 22 93
390 27 78
392 37 78
394 8 78
397 7 73
399 27 83
401 41 88
405 0 83
405 35 93
406 24 83
406 63 93
407 42 73
410 11 83
411 11 83
412 36 73
412 26 78
416 15 78
419 49 78
421 52 73
422 20 83
425 44 83
425 49 78
426 24 83
426 12 83
426 61 73
427 45 73
427 23 88
432 44 88
434 43 83
434 22 83
435 22 73
438 54 83
439 41 73
441 9 88
441 59 93
442 53 78
444 41 83
444 61 93
444 46 83
449 19 83
450 13 88
452 13 78
456 3 78
457 7 83
460 23 83
461 41 93
467 3 93
470 23 78
476 35 78
476 11 78
479 42 83
481 42 93
481 61 73
483 5 83
487 58 93
488 62 78
489 58 78
492 38 83
495 23 83
498 53 88
499 46 93
501 42 78
504 0 88
505 53 83
509 40 78
512 38 88
512 24 78
514 46 83
517 26 93
521 27 73
522 42 88
524 39 73
525 61 73
525 45 88
526 49 83
530 1 73
530 46 83
532 50 78
540 43 88
543 18 83
543 19 88
543 21 78
544 42 83
544 28 78
545 56 93
546 58 73
552 40 88
554 29 73
556 24 78
557 62 78
559 50 83
563 56 73
563 44 78
565 35 73
565 38 83
568 62 78
570 48 93
570 34 78
570 35 83
572 17 88
573 37 73
574 17 83
574 13 78
575 51 88
576 40 78
579 52 93
580 24 88
580 22 78
582 27 78
583 14 93
583 55 88
586 22 73
586 27 78
588 9 83
588 38 93
594 49 88
594 15 78
595 14 83
597 12 78
602 54 83
603 41 83
604 56 78
604 51 83
604 13 78
608 48 83
609 4 73
611 0 83
612 19 93
612 21 73
621 10 78
625 0 83
625 60 93
626 47 83
629 53 83
629 27 73
631 40 83
632 17 83
635 18 83
638 23 88
640 57 78
646 63 88
647 34 83
647 30 73
648 57 78
652 31 83
653 32 83
653 8 73
653 34 78
655 39 88
657 35 83
657 62 78
660 59 78
660 31 83
663 47 73
667 10 83
668 41 88
670 57 83
670 27 78
670 28 83
671 18 83
682 46 88
682 63 88
683 15 78
686 35 83
686 58 83
686 43 78
687 1 73
688 51 78
688 20 83
688 55 83
689 48 83
689 21 78
691 26 88
698 40 78
698 29 73
701 18 78
701 19 93
701 20 83
706 45 83
706 31 83
707 40 78
707 41 78
707 60 83
708 17 83
710 17 73
711 2 83
711 3 73
712 34 93
712 31 78
712 44 83
713 48 93
714 49 78
714 58 108
715 10 93
716 33 73
716 46 78
719 5 78
719 6 83
720 57 78
721 15 83
723 50 83
724 27 83
724 11 83
729 7 93
736 57 78
736 50 78
736 21 78
737 25 78
737 31 93
742 41 73
742 3 78
744 42 78
744 27 88
747 47 93
748 26 118
748 54 78
749 55 83
752 15 78
756 0 93
758 42 78
759 26 93
759 15 83
760 50 73
760 24 73
761 40 73
761 16 78
761 5 73
761 63 73
767 25 83
770 3 83
770 41 83
770 26 83
772 14 73
777 20 83
778 32 73
778 27 78
779 11 73
779 13 78
779 59 93
782 17 83
783 55 88
788 58 88
790 60 93
791 49 73
795 32 73
795 41 78
795 58 93
800 51 73
802 44 73
805 29 83
806 12 73
807 34 88
809 62 83
814 44 83
816 22 78
817 50 78
817 23 83
819 24 83
825 28 78
826 37 73
828 15 83
897 10 78
898 20 93
898 38 83
899 41 88
903 3 83
907 60 83
908 53 73
911 28 73
913 23 83
914 20 78
915 45 93
916 4 83
916 20 83
917 4 83
919 34 83
919 59 73
921 57 73
922 42 88
922 21 88
922 7 78
925 14 73
927 25 93
927 55 73
930 24 73
931 40 78
931 45 78
932 49 88
932 36 93
933 56 73
933 30 78
935 5 78
937 59 73
937 7 78
939 40 78
940 40 83
940 54 83
942 29 78
944 30 83
945 40 83
946 14 93
948 2 83
950 0 73
954 26 83
955 41 78
959 14 83
962 40 78
962 48 83
964 3 88
965 50 88
965 42 73
966 38 73
967 1 83
967 54 73
968 42 83
969 33 78
969 1 83
970 23 83
972 55 83
975 47 93
977 18 88
978 9 88
978 34 88
982 21 83
986 56 83
991 43 78
993 38 83
997 32 83
997 12 78
997 62 83
999 26 83
1000 36 93
1003 19 88
1003 37 73
1004 7 93
1005 25 78
1008 42 78
1008 18 78
1009 17 73
1010 60 88
1011 40 78
1011 4 78
1014 51 88
1016 32 73
1016 29 83
1018 33 83
1018 60 78
1018 38 78
1019 48 73
1019 11 73
1019 21 83
1021 41 83
1022 53 73
1025 10 73
1025 63 88
1026 41 73
1027 2 83
1028 32 93
1031 50 83
1031 35 73
1032 1 83
1032 30 73
1032 63 73
1035 17 83
1035 18 73
1035 19 88
1036 37 83
1037 27 78
1039 12 88
1039 49 83
1041 13 78
1044 41 88
1044 51 83
1044 61 78
1047 45 83
1050 3 88
1052 22 78
1053 3 78
1056 30 73
1056 7 93
1057 56 83
1057 33 93
1058 62 78
1063 24 83
1065 23 88
1068 2 78
1069 59 88
1069 60 83
1071 42 83
1071 29 83
1072 5 83
1074 0 73
1074 54 93
1076 54 93
1078 3 73
1079 37 83
1083 42 93
1086 37 83
1087 50 73
1088 13 93
1092 42 83
1096 40 88
1101 17 88
1102 32 73
1102 61 78
1103 2 78
1103 14 88
1103 30 93
1106 58 78
1106 51 93
1108 6 83
1110 7 78
1111 15 83
1112 50 78
1114 2 83
1116 1 93
1119 5 73
1120 26 88
1120 37 88
1122 44 73
1123 62 83
1124 36 83
1125 34 78
1127 21 83
1128 48 83
1129 10 78
1129 37 93
1133 63 78
1133 52 73
1133 39 83
1135 59 93
1137 19 73
1138 25 83
1138 3 88
1147 14 73
1147 15 73
1150 60 93
1154 43 73
1155 50 93
1159 20 83
1160 2 83
1161 7 73
1162 63 73
1162 5 83
1163 57 73
1165 28 78
1168 23 83
1169 2 83
1169 37 83
1169 21 78
1170 4 73
1171 44 73
1171 38 78
1171 47 93
1172 41 78
1173 40 78
1173 26 88
1179 24 78
1179 10 83
1179 62 93
1181 9 78
1182 58 78
1182 26 83
1186 36 83
1186 14 78
1186 53 88
1188 42 83
1191 19 83
1191 44 83
1193 10 78
1195 60 78
1195 55 83
1196 10 83
1199 12 83
1199 5 88
1200 10 83
1203 22 88
1204 51 88
1205 39 88
1205 46 83
1205 63 73
1206 59 83
1207 19 93
1213 40 83
1214 59 83
1214 60 73
1219 44 78
1220 13 93
1221 31 83
1226 47 88
1226 9 73
1228 44 83
1228 29 73
1236 40 83
1238 24 83
1238 44 73
1241 41 73
1243 50 73
1244 16 93
1244 8 78
1244 7 73
1247 47 93
1248 19 78
1248 31 93
1251 44 78
1251 55 78
1252 59 88
1253 43 93
1253 38 88
1254 9 78
1254 23 83
1255 49 88
1256 25 83
1258 54 83
1263 37 83
1265 2 73
1267 16 83
1267 12 93
1270 48 83
1274 43 93
1275 6 93
1277 36 73
1279 8 78
1279 48 73
1279 15 78
1280 35 88
1280 13 83
1281 12 78
1286 56 93
1286 18 73
1288 1 78
1288 25 93
1291 32 93
1292 40 78
1292 47 83
1294 25 88
1294 15 83
1295 59 93
1295 63 83
1297 34 78
1297 62 78
1298 59 93
1299 16 78
1304 21 83
1306 46 83
1307 49 83
1307 42 83
1308 3 93
1312 5 78
1312 12 78
1312 50 83
1315 21 88
1316 31 73
1317 38 83
1318 42 78
1318 38 83
1318 7 73
1322 25 78
1322 42 93
1322 8 93
1326 23 73
1326 34 83
1326 63 73
1326 45 93
1328 13 78
1329 12 78
1330 58 78
1333 29 73
1336 54 73
1336 46 83
1338 50 78
1338 23 73
1342 36 83
1342 15 83
324 1022 90
331 432 90
331 1263 96
336 675 90
341 1126 90
346 677 90
348 911 96
349 696 90
349 1169 100
359 540 90
367 774 96
367 370 100
374 983 100
381 540 90
382 1285 86
382 823 90
386 901 90
388 407 96
407 506 90
418 792 90
429 780 90
438 687 90
449 1087 86
451 688 100
451 711 90
459 407 90
464 1092 121
464 486 90
468 585 100
473 501 100
488 1309 111
495 1187 90
499 1328 90
503 953 90
505 1276 86
532 726 90
555 1240 90
556 1211 90
564 1159 96
567 397 90
577 454 90
590 1277 100
594 1294 96
595 359 81
600 994 90
601 1027 90
623 573 90
623 830 86
625 1053 100
626 444 90
638 1112 90
647 576 86
664 978 100
667 1181 90
669 1339 100
673 321 76
678 774 90
688 338 100
689 1247 90
703 442 96
710 914 90
712 1313 100
724 1241 100
729 356 71
733 917 96
742 917 90
748 1332 90
758 1273 100
760 1077 96
766 739 100
776 744 90
776 1295 100
778 444 96
780 1134 100
794 755 100
806 350 90
811 1277 86
841 520 86
841 479 81
845 440 81
854 366 81
872 556 75
872 753 75
872 787 86
873 1117 85
874 547 80
877 723 81
878 861 85
897 1070 86
902 827 100
916 691 100
918 828 100
923 1114 86
933 1031 90
933 366 90
940 1225 90
947 390 96
977 992 86
977 594 115
981 698 100
981 1158 100
982 1110 90
987 1290 90
990 899 100
992 739 96
1001 568 90
1008 1273 90
1020 1182 90
1021 540 96
1026 1092 90
1032 953 90
1048 1105 100
1048 1175 96
1049 327 76
1052 491 100
1059 1336 90
1059 738 96
1066 401 90
1068 823 90
1076 584 90
1084 1290 96
1087 940 90
1088 669 100
1092 1341 90
1097 685 86
1098 564 90
1115 425 90
1116 338 90
1119 756 86
1125 755 90
1126 380 125
1127 576 90
1135 1108 86
1140 338 90
1141 1127 90
1142 557 100
1144 585 96
1154 636 100
1169 899 90
1169 649 90
1171 336 75
1175 774 86
1188 499 100
1196 452 90
1200 652 100
1200 335 96
1202 1231 100
1207 1025 100
1219 975 90
1223 1327 96
1228 1069 100
1240 1203 90
1247 1039 90
1248 930 86
1248 1069 90
1254 505 90
1257 1001 100
1262 351 71
1266 1208 86
1273 647 90
1273 1199 90
1278 594 100
1279 1333 86
1281 339 81
1292 529 90
1297 563 100
1304 911 125
1318 556 86
1327 329 90
1328 640 86
1339 738 100
1340 545 90
837 27 89
837 15 69
838 9 79
838 52 89
839 49 79
839 4 89
839 47 74
849 56 84
849 46 84
850 55 74
852 2 89
852 11 89
852 45 89
853 34 79
853 35 84
853 20 79
853 63 79
854 7 89
856 31 74
857 31 89
858 45 79
858 5 74
858 7 79
859 31 79
860 7 89
861 26 79
862 48 74
862 4 74
863 33 79
864 35 89
864 60 79
870 52 89
880 53 74
881 29 79
881 47 79
886 50 79
886 51 79
888 42 74
891 35 69
892 24 84
893 25 79
894 63 69
380 879 86
504 895 86
585 874 86
595 861 92
598 894 86
834 556 96
845 324 67
851 962 86
851 581 82
854 633 96
856 659 86
863 1003 86
893 1322 92
893 989 96
894 594 86
907 847 96
1057 892 92
1226 852 86
1292 853 86
323 44 84
327 9 90
332 14 84
335 44 84
345 49 84
345 20 80
354 12 84
357 51 94
359 49 94
361 38 80
369 13 84
370 59 84
372 25 94
382 62 90
385 40 84
392 63 94
396 20 84
400 35 90
404 43 94
406 62 94
409 26 80
410 2 94
412 40 94
413 56 84
418 42 84
423 42 90
423 62 84
437 19 84
448 48 94
457 51 80
458 52 84
460 40 84
461 24 80
463 8 94
473 4 84
479 27 90
480 2 84
482 12 84
485 34 84
485 4 80
493 0 94
499 56 94
501 60 94
512 47 84
529 8 84
538 63 105
544 39 94
547 60 84
550 16 94
556 6 90
561 8 84
561 21 80
570 37 94
576 39 84
577 29 94
579 9 94
584 47 84
586 49 90
587 62 84
598 48 84
599 13 94
602 11 80
603 29 84
604 9 84
618 42 84
629 4 80
645 6 95
649 42 94
649 45 84
654 52 94
656 60 109
657 41 84
662 10 80
663 62 84
664 59 84
675 19 94
675 29 94
694 3 90
698 15 94
701 32 84
703 6 94
706 3 80
711 4 84
713 32 84
714 37 84
716 39 90
737 56 94
742 20 94
744 1 84
748 38 80
752 33 94
761 4 84
765 9 94
765 53 90
766 18 84
769 38 84
773 57 80
785 62 94
791 8 84
793 38 80
812 15 84
816 48 84
817 12 84
818 52 90
822 39 94
828 54 94
830 45 84
840 20 75
840 53 80
841 36 75
841 41 75
845 5 65
847 59 69
872 36 85
872 56 74
872 62 79
874 18 80
874 19 89
874 57 69
876 2 74
876 37 79
879 7 69
897 6 94
902 53 94
912 42 90
913 43 84
916 27 94
921 36 84
932 12 80
932 39 109
946 30 94
948 35 84
950 24 90
950 46 84
964 18 84
965 13 94
968 43 80
975 52 94
977 22 84
977 55 84
979 9 80
979 44 84
987 19 84
989 52 84
1000 53 80
1003 17 94
1010 22 84
1012 59 94
1012 45 90
1015 31 84
1018 42 94
1022 54 84
1026 43 90
1027 47 94
1041 61 94
1052 53 84
1053 26 90
1058 24 84
1060 63 94
1062 56 84
1065 25 90
1066 22 84
1074 43 84
1079 58 94
1082 1 90
1084 55 94
1086 4 84
1089 54 94
1092 45 90
1101 21 84
1106 61 84
1108 29 84
1118 52 80
1121 59 84
1123 50 84
1125 46 80
1126 19 84
1126 47 94
1134 21 84
1134 38 84
1136 30 80
1137 32 84
1137 61 84
1144 58 84
1169 60 90
1170 7 84
1173 36 84
1175 36 84
1179 51 90
1179 59 94
1184 50 84
1186 34 84
1188 62 80
1193 15 84
1195 7 94
1201 4 84
1205 23 90
1208 8 90
1213 35 94
1213 39 80
1223 24 84
1223 15 94
1226 7 84
1231 10 90
1234 24 90
1238 62 84
1241 49 94
1254 61 84
1262 35 84
1263 2 84
1268 4 84
1274 32 84
1275 58 80
1277 60 84
1278 47 94
1284 26 94
1285 8 90
1286 35 84
1287 3 84
1287 30 84
1294 49 90
1295 42 94
1303 61 94
1310 53 94
1312 25 84
1313 19 80
1328 8 84
1332 59 84
1336 27 94
840 1144 92
840 515 88
845 406 82
847 1280 82
847 779 82
876 516 92
834 48 90
836 33 76
837 10 105
838 0 80
839 45 90
851 42 76
857 44 80
864 5 90
864 55 90
866 43 76
866 34 90
895 7 80
841 43 72
841 28 86
873 40 80
874 13 80
