326 562 146
345 1069 185
353 837 135
354 972 146
359 644 145
362 808 135
367 1195 131
380 1342 175
383 584 160
383 634 156
404 917 170
406 790 145
408 1197 156
416 1330 150
419 919 155
422 954 181
422 447 195
432 620 170
435 580 146
437 1216 145
438 744 145
440 1294 151
442 1008 150
444 1279 135
446 1142 166
449 1284 145
454 1000 135
468 721 196
476 1038 145
480 659 150
482 1106 166
487 959 135
512 450 145
518 1097 131
524 874 145
529 927 135
542 946 141
544 394 170
546 794 135
546 435 156
561 498 160
561 687 185
566 1271 156
572 440 145
574 693 145
580 1180 166
586 987 135
591 698 145
592 1046 141
593 1106 170
594 1074 135
595 845 171
599 399 135
602 772 160
616 698 146
620 568 150
625 1083 145
668 409 146
677 1231 150
687 761 135
694 1091 196
703 534 145
703 917 185
712 769 141
713 898 170
729 752 145
730 1219 141
759 544 155
760 447 180
763 616 131
769 546 160
775 1160 170
779 1004 146
784 1340 170
784 429 135
787 691 156
802 1337 170
802 1182 145
807 998 166
810 703 145
817 457 160
818 464 171
828 529 160
901 1298 185
910 1307 166
912 503 185
915 552 160
920 623 131
922 561 170
923 835 150
933 664 151
944 558 160
947 1000 160
954 761 156
954 659 135
961 1112 165
965 893 166
968 1214 155
969 1202 145
970 522 181
981 870 170
989 410 170
1009 1292 166
1009 1302 145
1011 1065 160
1016 460 196
1031 418 180
1034 527 150
1039 1033 156
1039 592 145
1041 593 135
1044 990 156
1046 869 185
1048 654 135
1067 790 141
1070 444 170
1076 842 185
1089 1019 146
1094 678 145
1096 1264 135
1097 1077 166
1108 555 135
1118 392 170
1120 425 181
1123 774 175
1125 938 185
1127 1306 166
1134 558 170
1159 1278 170
1165 904 161
1170 1048 145
1176 1058 155
1184 1211 146
1195 1276 185
1202 1144 160
1207 1290 156
1214 700 135
1228 1296 160
1232 945 131
1234 447 165
1236 1270 185
1238 652 131
1248 1191 135
1248 977 150
1249 1126 141
1258 670 135
1261 1322 160
1262 1228 141
1263 1191 175
1265 985 150
1291 412 146
1291 1278 135
1304 452 150
1329 586 141
404 345 141
463 377 131
500 346 152
559 354 141
629 346 131
689 338 172
836 596 176
838 520 141
854 1070 162
866 1192 141
870 1247 156
872 667 162
879 1091 156
880 1173 141
888 687 147
893 444 141
911 338 156
978 359 142
1065 339 176
1312 381 131
321 53 150
326 54 159
332 48 144
336 30 165
340 31 154
345 5 129
348 41 165
353 3 164
379 15 139
384 33 190
385 54 129
398 62 139
400 60 150
406 10 164
406 25 169
410 9 175
413 9 154
426 35 179
427 28 175
433 44 154
434 33 139
438 61 135
440 12 149
446 1 139
454 38 195
458 49 154
463 14 129
464 43 125
467 55 204
479 33 144
479 34 150
483 31 154
483 55 159
489 36 125
493 10 164
498 38 184
500 10 135
500 42 169
500 31 154
522 45 140
524 48 139
526 34 189
534 37 140
541 15 129
542 33 164
542 50 125
546 57 154
554 24 129
564 57 165
564 35 159
564 15 139
570 0 165
574 37 149
586 16 169
587 57 135
590 25 149
597 28 154
599 2 135
600 40 144
603 43 154
614 15 125
626 14 139
628 34 129
629 35 135
629 37 144
631 62 149
632 48 150
634 54 144
634 30 154
635 0 140
635 4 139
640 34 139
646 3 150
647 44 144
668 0 144
670 43 135
671 52 154
671 13 154
677 34 150
685 33 164
687 5 179
688 29 145
693 14 174
696 6 129
700 36 125
713 39 139
713 42 179
720 35 145
726 6 199
729 9 139
734 27 160
734 54 139
737 20 144
745 57 125
752 53 174
753 43 129
753 46 145
755 16 154
761 49 139
767 39 165
770 43 144
778 50 144
779 4 145
792 48 139
792 40 144
816 7 135
824 62 154
827 35 164
827 44 150
904 27 129
919 40 139
923 44 135
927 56 139
927 58 189
931 3 180
938 57 179
940 10 164
941 7 135
950 48 154
956 41 154
958 14 140
961 19 139
967 44 179
968 63 170
970 40 189
970 50 154
971 18 135
972 7 154
979 17 174
987 44 150
989 33 169
994 56 139
994 14 135
1000 19 154
1004 44 139
1005 20 150
1009 52 169
1020 62 174
1028 42 150
1028 21 139
1029 54 149
1032 43 170
1034 29 154
1038 50 179
1044 18 170
1052 46 144
1052 23 144
1053 4 135
1057 27 154
1062 49 159
1062 60 135
1084 14 154
1114 44 169
1114 54 150
1115 40 139
1115 63 154
1116 29 125
1118 49 139
1118 40 129
1119 50 135
1128 33 139
1132 52 169
1136 26 160
1138 31 149
1139 1 174
1140 37 150
1142 19 129
1144 40 149
1150 24 185
1154 44 154
1155 46 144
1167 9 165
1169 52 189
1170 20 184
1177 14 150
1181 39 129
1186 7 129
1205 12 125
1205 17 154
1207 46 144
1208 24 145
1208 43 139
1216 45 179
1221 50 170
1225 59 129
1225 4 154
1240 49 145
1243 34 159
1243 45 184
1246 3 135
1256 26 154
1266 61 129
1270 41 150
1271 25 164
1280 14 129
1280 30 145
1285 52 154
1297 43 149
1298 9 125
1299 26 154
1307 12 144
1312 7 125
1319 19 154
1328 39 144
1329 13 140
1338 16 154
399 323 141
628 332 158
841 1177 182
847 879 146
832 22 131
835 43 175
857 46 125
859 6 121
861 61 125
866 18 150
874 51 141
885 3 160
888 16 135
889 25 171
891 63 160
894 15 175
324 1134 79
330 800 79
344 1124 89
353 501 99
361 585 79
369 907 114
369 1087 79
373 1111 109
374 1091 89
379 1093 104
380 1159 99
393 1158 79
396 837 114
404 964 79
420 997 79
432 1238 79
439 1220 79
440 1327 104
444 948 89
467 1298 89
470 878 79
472 752 79
473 394 89
473 1123 79
474 1058 89
480 579 89
494 1260 99
500 1050 89
502 1154 104
512 526 89
520 1269 89
521 1263 94
525 421 109
526 656 89
542 859 94
544 836 79
558 427 99
568 1161 89
579 1076 79
585 504 104
586 899 89
597 1169 79
602 392 99
603 1160 114
631 1262 99
633 915 79
637 941 89
643 712 89
643 1027 79
646 889 89
667 1078 89
669 994 79
670 710 89
671 1235 79
684 749 79
685 561 99
686 694 104
694 498 104
698 944 89
701 1065 79
723 879 89
733 529 99
738 433 99
738 729 104
741 1251 99
758 894 99
760 825 99
761 421 79
769 1028 89
770 1247 94
771 894 89
772 1291 79
776 446 89
779 545 109
783 887 114
783 1150 94
785 480 89
790 1122 79
802 1216 89
805 1123 89
807 419 89
824 790 99
824 470 89
828 473 114
911 452 99
916 635 94
929 840 89
941 1285 89
942 970 79
950 1203 99
955 435 99
958 538 104
970 1201 89
972 832 89
972 913 79
979 410 89
1004 1147 79
1014 1081 104
1020 1058 89
1025 496 104
1028 1062 89
1030 938 89
1032 654 104
1041 601 79
1041 545 79
1053 1128 99
1057 1177 94
1069 558 99
1080 1079 89
1081 1197 79
1083 1118 99
1094 1257 79
1095 1182 79
1098 583 94
1099 1026 89
1123 902 94
1123 1029 89
1127 1060 94
1133 1027 89
1134 599 94
1150 1216 104
1157 498 109
1162 677 89
1165 429 89
1169 1286 89
1176 416 89
1182 804 89
1186 1184 89
1188 1058 99
1197 596 79
1207 1277 79
1208 801 99
1223 568 89
1223 761 89
1226 1338 89
1241 634 89
1246 948 79
1255 645 99
1256 726 89
1261 1038 79
1263 1248 79
1264 1042 79
1268 1082 79
1276 526 89
1277 1235 89
1283 1194 94
1288 834 104
1292 739 79
1306 632 79
1322 724 79
847 13 167
321 1128 124
324 384 89
329 1053 95
337 1340 85
338 425 89
340 629 90
341 956 99
342 384 90
342 1193 85
355 1191 124
364 500 105
365 1004 95
367 448 80
367 1000 90
376 817 89
376 407 85
383 966 99
385 833 99
385 1114 110
386 648 90
392 809 105
392 419 89
393 413 89
412 1248 90
412 744 95
412 1266 95
412 1049 95
418 1280 100
425 1129 80
427 793 105
433 701 134
439 1035 99
440 1034 105
440 1238 95
440 1277 134
441 1018 90
441 806 124
441 577 85
442 1310 130
452 581 90
454 809 95
454 438 99
455 832 99
457 366 80
458 637 95
459 579 100
459 902 80
460 835 124
460 621 90
461 1235 99
478 433 90
478 787 115
478 1118 95
482 931 95
487 1050 95
488 1021 80
494 1021 89
496 660 80
496 887 89
509 491 80
509 734 95
512 678 95
512 1159 89
512 952 99
516 989 95
516 711 90
518 765 124
520 1253 89
522 806 115
522 622 89
526 538 134
526 579 110
544 554 99
544 1105 109
554 1120 80
555 714 100
555 1108 105
558 992 80
558 1246 105
565 496 99
565 460 90
583 598 95
588 952 89
591 1333 95
592 802 85
592 958 120
597 810 105
599 788 105
600 1141 110
601 927 90
613 958 110
613 838 134
622 600 120
622 737 95
628 1154 99
629 1082 90
640 1204 95
643 390 95
646 416 115
647 968 109
647 396 89
652 649 120
653 683 120
655 863 109
656 1283 95
670 619 95
672 529 99
673 321 105
673 959 100
678 538 95
700 886 85
711 1179 100
713 372 105
715 938 109
716 1327 80
716 671 95
719 1248 99
719 768 105
720 649 89
720 561 99
723 778 90
723 1295 80
729 356 95
744 1313 80
748 561 90
752 986 90
755 628 120
758 1080 90
770 1008 124
772 1222 89
773 1275 105
774 1124 124
777 1096 90
780 444 120
788 653 89
794 1111 120
795 1338 105
800 416 134
802 1229 80
806 810 80
808 413 110
814 932 109
815 1040 80
815 888 95
815 1222 90
815 678 105
819 1171 99
823 365 75
826 649 114
827 755 80
828 396 100
830 644 105
830 502 109
849 1240 75
854 1269 85
856 986 95
856 990 110
857 1248 85
866 793 85
888 948 100
893 584 100
895 541 85
897 634 100
900 978 99
900 1203 85
901 1039 114
903 1178 89
904 784 90
911 1140 95
913 622 119
913 662 109
917 1231 85
918 603 89
927 698 109
929 1047 90
930 1173 85
932 494 115
933 991 90
936 1150 105
940 492 95
945 573 109
947 515 95
953 579 80
954 1106 89
954 407 120
955 1296 99
956 556 80
966 1075 99
969 667 80
972 981 95
977 500 100
978 454 114
979 1001 134
986 615 95
993 579 95
994 1021 95
996 1016 80
996 1110 99
998 1106 90
999 841 114
1000 401 105
1001 885 134
1004 1136 95
1005 1125 99
1008 1134 105
1012 994 85
1014 345 80
1022 1068 89
1029 917 124
1030 1176 105
1030 1228 89
1035 558 109
1039 931 85
1039 365 75
1048 474 95
1049 779 89
1049 1213 90
1049 327 100
1052 1225 89
1053 866 85
1068 412 99
1072 1129 90
1074 1252 99
1078 1018 80
1083 463 100
1084 1138 105
1087 1172 95
1088 1101 124
1088 1037 99
1089 1136 105
1092 791 99
1097 484 99
1098 684 85
1099 1326 124
1105 470 90
1110 1010 80
1111 372 80
1112 1222 99
1116 771 95
1119 525 120
1120 790 80
1122 1029 124
1124 377 105
1126 1248 99
1128 531 105
1130 1135 105
1138 1317 80
1140 829 80
1144 1255 80
1154 1010 105
1154 1119 115
1158 1259 89
1159 1093 95
1161 411 80
1167 468 109
1167 1247 95
1171 336 75
1171 425 99
1180 1252 99
1182 1134 110
1188 443 124
1191 634 90
1194 688 99
1194 1021 95
1199 938 105
1200 1012 89
1204 591 109
1205 1128 80
1205 500 90
1210 1003 85
1213 1050 99
1219 1186 80
1219 438 90
1220 811 80
1225 461 105
1226 649 99
1228 1018 90
1232 386 85
1240 1290 99
1243 1176 95
1249 1241 90
1252 394 109
1252 455 115
1255 1186 89
1257 1136 80
1258 601 80
1261 976 105
1262 351 85
1265 897 95
1274 933 109
1276 889 105
1276 1292 89
1276 885 124
1278 770 110
1279 656 124
1281 339 100
1286 1065 90
1286 1277 90
1288 917 109
1295 472 110
1295 1118 90
1298 562 85
1307 1120 89
1308 779 95
1310 976 109
1310 869 110
1313 480 95
1313 609 89
1322 920 100
1323 1136 90
1326 1319 99
1328 793 95
1330 1336 89
1332 766 99
1335 396 95
1342 592 105
1342 778 114
326 10 83
333 24 93
336 59 83
338 11 88
341 14 83
345 56 83
346 48 88
346 13 73
355 57 83
362 24 73
364 7 73
384 24 73
386 48 73
397 7 83
405 0 93
406 24 93
407 42 83
411 11 98
412 36 83
421 52 83
422 20 93
426 61 98
427 45 98
434 43 83
435 22 93
438 54 73
439 41 73
444 46 73
481 61 108
492 38 98
505 53 88
521 27 83
524 39 98
525 61 73
530 1 83
544 42 73
546 58 73
554 29 83
563 56 83
565 35 83
565 38 93
573 37 83
586 22 83
588 9 83
595 14 83
604 51 83
609 4 93
612 21 93
626 47 73
629 27 93
631 40 88
632 17 83
647 30 73
653 32 88
653 8 83
657 35 83
660 31 93
663 47 73
667 10 83
670 28 83
687 1 83
688 20 108
698 29 88
706 45 83
707 60 83
710 17 83
711 3 103
712 44 83
716 33 83
721 15 98
724 27 73
742 41 83
760 50 73
760 24 73
761 40 103
761 5 83
761 63 83
767 25 98
770 26 73
772 14 83
778 32 83
779 11 83
791 49 73
795 32 73
800 51 83
802 44 98
806 12 73
817 23 83
826 37 73
828 15 98
898 38 83
903 3 93
908 53 83
911 28 73
913 23 73
917 4 93
919 59 83
921 57 93
925 14 98
927 55 73
930 24 83
933 56 83
937 59 93
944 30 93
945 40 108
950 0 93
954 26 88
962 48 73
965 42 73
966 38 73
967 1 103
967 54 98
1003 37 108
1009 17 88
1016 32 73
1018 33 73
1019 48 73
1019 11 98
1022 53 73
1025 10 83
1026 41 98
1031 50 73
1031 35 93
1032 30 83
1032 63 73
1035 18 108
1047 45 83
1056 30 108
1072 5 83
1074 0 98
1078 3 73
1087 50 108
1092 42 88
1102 32 98
1114 2 83
1119 5 73
1122 44 98
1124 36 83
1133 52 73
1133 39 83
1137 19 83
1147 14 83
1147 15 83
1154 43 93
1159 20 98
1160 2 83
1161 7 93
1162 63 88
1163 57 73
1169 2 73
1170 4 83
1171 44 98
1182 26 93
1191 44 83
1195 55 83
1196 10 93
1205 63 83
1214 60 98
1226 9 118
1228 44 88
1228 29 83
1236 40 88
1238 24 73
1238 44 98
1241 41 98
1243 50 83
1244 7 83
1254 23 88
1256 25 83
1263 37 83
1265 2 98
1270 48 93
1277 36 93
1279 48 93
1286 18 93
1292 47 83
1294 15 83
1304 21 73
1306 46 73
1307 49 73
1316 31 93
1318 7 98
1326 23 83
1326 34 98
1326 63 83
1333 29 83
1336 54 73
1338 23 83
324 1022 115
331 432 111
331 1263 115
336 675 130
341 1126 121
346 677 100
348 911 90
349 696 86
349 1169 100
359 540 105
367 774 86
367 370 140
374 983 115
381 540 86
382 1285 100
382 823 86
386 901 90
388 407 115
407 506 115
418 792 86
429 780 100
432 381 120
438 687 126
449 1087 125
451 688 105
451 835 86
451 711 111
459 407 115
464 1092 90
464 486 126
468 585 90
473 501 100
488 1309 96
495 1187 100
499 1328 100
503 953 86
505 1276 100
532 726 105
555 1240 86
556 1211 90
564 1159 100
567 397 96
577 454 90
590 1277 115
594 1294 101
595 359 105
600 994 90
601 1027 86
612 380 81
623 573 125
623 830 100
625 1053 90
626 444 100
638 1112 86
647 576 105
664 978 140
667 1181 96
669 1339 90
678 774 135
688 338 101
689 1247 101
703 442 115
710 914 115
712 1313 86
724 1241 90
733 917 105
742 917 125
748 1332 115
758 1273 111
760 1077 115
766 739 100
776 744 96
776 1295 110
778 444 100
778 892 86
780 1134 86
794 755 100
806 350 100
811 1277 111
833 1060 105
841 479 81
851 886 85
858 870 85
859 1197 95
861 566 85
862 1022 101
863 1275 110
871 818 105
872 556 81
872 753 75
873 1117 111
877 723 81
878 861 95
880 1125 91
885 1059 116
888 763 85
890 534 101
894 1030 91
897 1070 140
902 827 90
916 691 86
918 828 115
923 1114 100
933 1031 146
933 366 125
937 373 85
938 854 76
940 1225 96
941 878 76
947 390 100
962 890 91
977 992 90
977 594 136
981 698 115
981 1158 101
982 1110 115
987 1290 115
990 899 96
990 374 120
992 739 105
1001 568 135
1008 1273 96
1020 1182 100
1021 540 130
1026 1092 86
1032 953 90
1048 1105 111
1048 1175 90
1052 491 115
1059 1336 90
1059 738 111
1066 401 90
1068 823 100
1076 584 111
1084 1290 90
1087 940 106
1088 669 100
1092 1341 111
1097 685 90
1098 564 90
1115 425 90
1116 338 105
1119 756 96
1124 832 76
1125 755 90
1126 380 90
1127 576 86
1135 1108 90
1140 338 90
1141 1127 96
1142 557 86
1144 585 115
1154 636 90
1169 899 115
1169 649 90
1175 774 106
1177 839 101
1188 499 115
1196 452 100
1200 652 86
1200 335 90
1202 1231 130
1207 1025 136
1219 975 90
1223 1327 105
1228 1069 86
1232 373 91
1240 1203 115
1247 1039 100
1248 930 115
1248 1069 125
1249 370 81
1254 505 115
1257 1001 90
1266 1208 96
1273 647 105
1273 1199 115
1278 594 111
1279 1333 100
1292 529 130
1297 563 121
1304 911 105
1318 556 115
1327 329 111
1328 640 115
1339 738 90
1340 545 96
323 48 89
323 19 79
324 40 118
324 46 93
326 19 114
329 54 84
331 31 93
333 51 84
333 23 103
335 55 89
339 2 84
345 8 89
350 40 94
353 56 94
353 4 74
354 24 84
355 5 99
360 10 74
362 6 93
367 30 93
370 23 74
373 7 89
380 2 93
381 0 103
381 22 114
384 29 118
388 49 89
388 62 93
388 22 89
390 27 84
392 37 74
394 8 89
399 27 89
401 41 99
405 35 83
406 63 83
410 11 83
412 26 84
416 15 99
419 49 114
425 44 79
425 49 74
426 24 89
426 12 93
427 23 94
432 44 109
434 22 108
441 9 99
441 59 93
442 53 99
444 41 109
444 61 103
449 19 108
450 13 84
452 13 84
456 3 84
457 7 93
460 23 83
461 41 93
467 3 118
470 23 74
476 35 84
476 11 74
479 42 118
481 42 99
483 5 83
487 58 118
488 62 99
489 58 84
495 23 89
498 53 89
499 46 124
501 42 99
504 0 74
509 40 84
512 38 99
512 24 114
514 46 124
517 26 93
522 42 94
525 45 74
526 49 118
530 46 93
532 50 84
540 43 94
543 18 83
543 19 84
543 21 89
544 28 74
545 56 93
552 40 99
556 24 109
557 62 74
559 50 103
563 44 84
568 62 109
570 48 114
570 34 74
570 35 103
572 17 74
574 17 93
574 13 99
575 51 84
576 40 114
579 52 104
580 24 94
580 22 84
582 27 99
583 14 93
583 55 74
586 27 89
588 38 83
594 49 74
594 15 74
597 12 99
602 54 79
603 41 108
604 56 74
604 13 104
608 48 89
611 0 83
612 19 93
621 10 74
625 0 93
625 60 89
629 53 93
635 18 93
638 23 99
640 57 89
646 63 99
647 34 79
648 57 89
652 31 93
653 34 74
655 39 84
657 62 109
660 59 74
668 41 84
670 57 93
670 27 74
671 18 89
682 46 84
682 63 84
683 15 114
686 35 93
686 58 83
686 43 74
688 51 89
688 55 79
689 48 89
689 21 104
691 26 89
698 40 99
701 18 74
701 19 83
701 20 83
706 31 108
707 40 74
707 41 74
708 17 108
711 2 114
712 34 99
712 31 84
713 48 118
714 49 74
714 58 93
715 10 83
716 46 74
719 5 74
719 6 93
720 57 99
723 50 99
724 11 113
729 7 93
736 57 99
736 50 74
736 21 84
737 25 94
737 31 89
742 3 109
744 42 74
744 27 89
747 47 108
748 26 83
748 54 74
749 55 79
752 15 89
756 0 108
758 42 89
759 26 93
759 15 104
761 16 99
770 3 93
770 41 83
777 20 99
778 27 89
779 13 89
779 59 79
782 17 93
783 55 99
788 58 84
790 60 128
795 41 84
795 58 124
805 29 118
807 34 99
809 62 93
814 44 93
816 22 99
817 50 94
819 24 118
825 28 84
837 15 89
839 49 99
853 34 69
858 45 69
859 31 69
861 26 79
863 33 79
864 60 89
891 35 79
894 63 84
897 10 89
898 20 118
899 41 114
907 60 83
914 20 99
915 45 99
916 4 118
916 20 79
919 34 108
922 42 99
922 21 94
922 7 74
927 25 118
931 40 89
931 45 99
932 49 99
932 36 83
933 30 74
935 5 99
937 7 84
939 40 74
940 40 108
940 54 134
942 29 99
946 14 114
948 2 93
955 41 99
959 14 108
962 40 84
964 3 89
965 50 84
968 42 128
969 33 74
969 1 93
970 23 114
972 55 99
975 47 118
977 18 84
978 9 104
978 34 89
982 21 83
986 56 118
991 43 74
993 38 103
997 32 89
997 12 109
997 62 118
999 26 124
1000 36 79
1003 19 89
1004 7 79
1005 25 74
1008 42 84
1008 18 114
1010 60 114
1011 40 74
1011 4 84
1014 51 84
1016 29 118
1018 60 84
1018 38 84
1019 21 103
1021 41 104
1025 63 74
1027 2 89
1028 32 103
1032 1 108
1035 17 108
1035 19 74
1036 37 83
1037 27 74
1039 12 84
1039 49 93
1041 13 94
1044 41 74
1044 51 103
1044 61 74
1050 3 74
1052 22 74
1053 3 74
1056 7 89
1057 56 93
1057 33 93
1058 62 84
1063 24 93
1065 23 84
1068 2 114
1069 59 89
1069 60 99
1071 42 93
1071 29 118
1074 54 79
1076 54 108
1079 37 89
1083 42 128
1086 37 83
1088 13 93
1096 40 99
1101 17 109
1102 61 99
1103 2 109
1103 14 89
1103 30 128
1106 58 109
1106 51 93
1108 6 109
1110 7 84
1111 15 79
1112 50 84
1116 1 79
1120 26 74
1120 37 84
1123 62 83
1125 34 84
1127 21 103
1128 48 83
1129 10 89
1129 37 79
1133 63 89
1135 59 128
1138 25 93
1138 3 99
1150 60 93
1155 50 108
1162 5 83
1165 28 94
1168 23 93
1169 37 99
1169 21 74
1171 38 84
1171 47 79
1172 41 74
1173 40 84
1173 26 89
1179 24 94
1179 10 93
1179 62 93
1181 9 89
1182 58 74
1186 36 103
1186 14 89
1186 53 74
1188 42 103
1191 19 99
1193 10 89
1195 60 74
1199 12 83
1199 5 84
1200 10 103
1203 22 84
1204 51 99
1205 39 89
1205 46 89
1206 59 113
1207 19 89
1213 40 93
1214 59 128
1219 44 74
1220 13 108
1221 31 93
1226 47 74
1244 16 124
1244 8 74
1247 47 108
1248 19 74
1248 31 93
1251 44 84
1251 55 89
1252 59 94
1253 43 93
1253 38 89
1254 9 99
1255 49 74
1258 54 109
1267 16 118
1267 12 108
1274 43 79
1275 6 93
1279 8 99
1279 15 99
1280 35 99
1280 13 103
1281 12 89
1286 56 89
1288 1 74
1288 25 93
1291 32 93
1292 40 84
1294 25 74
1295 59 89
1295 63 83
1297 34 109
1297 62 74
1298 59 89
1299 16 89
1307 42 93
1308 3 93
1312 5 74
1312 12 99
1312 50 93
1315 21 84
1317 38 89
1318 42 114
1318 38 104
1322 25 89
1322 42 89
1322 8 114
1326 45 83
1328 13 89
1329 12 89
1330 58 99
1336 46 93
1338 50 84
1342 36 83
1342 15 118
380 879 107
504 895 121
585 874 86
595 861 82
598 894 96
649 880 82
668 332 87
760 880 107
834 556 96
841 520 87
845 440 85
851 962 111
851 581 117
854 633 106
854 366 102
856 659 82
863 1003 111
872 787 92
874 547 82
876 516 101
893 1322 107
893 989 122
894 594 101
907 847 97
1057 892 127
1226 852 106
1292 853 131
323 44 99
327 9 104
332 14 80
335 44 80
345 49 99
345 20 84
354 12 109
357 51 94
359 49 100
361 38 109
369 13 94
370 59 119
372 25 84
382 62 115
385 40 119
392 63 94
396 20 90
400 35 84
404 43 115
406 62 104
409 26 84
410 2 105
412 40 109
413 56 109
418 42 94
423 42 84
423 62 134
437 19 90
448 48 84
457 51 119
458 52 80
460 40 99
461 24 109
463 8 104
473 4 94
479 27 84
480 2 119
482 12 84
485 34 129
485 4 105
493 0 109
499 56 94
501 60 90
512 47 84
529 8 134
538 63 80
544 39 119
547 60 115
550 16 119
556 6 94
561 8 94
561 21 80
570 37 109
576 39 94
577 29 80
579 9 109
584 47 84
586 49 130
587 62 119
598 48 130
599 13 80
602 11 84
603 29 99
604 9 94
618 42 109
629 4 109
645 6 95
649 42 84
649 45 84
654 52 120
656 60 84
657 41 95
662 10 84
663 62 94
664 59 105
675 19 80
675 29 109
694 3 94
698 15 109
701 32 84
703 6 120
706 3 94
711 4 84
713 32 84
714 37 115
716 39 94
737 56 84
742 20 80
744 1 124
748 38 84
752 33 90
761 4 84
765 9 94
765 53 80
766 18 84
769 38 119
773 57 105
785 62 99
791 8 94
793 38 80
812 15 95
816 48 119
817 12 109
818 52 94
822 39 80
828 54 84
830 45 84
837 27 99
838 9 75
838 52 100
839 4 79
839 47 80
840 20 94
841 41 75
845 5 75
847 59 75
849 56 80
849 46 70
850 55 100
852 2 89
852 11 105
852 45 79
853 35 80
853 20 95
853 63 89
854 7 85
856 31 80
857 31 104
858 5 80
858 7 79
860 7 89
862 48 80
862 4 70
864 35 79
870 52 75
872 36 85
872 62 89
874 19 89
874 57 65
876 37 89
879 7 79
880 53 85
881 29 95
881 47 89
886 50 79
886 51 100
888 42 90
892 24 80
893 25 89
897 6 100
902 53 115
912 42 104
913 43 84
916 27 84
921 36 94
932 12 90
932 39 80
946 30 84
948 35 124
950 24 115
950 46 94
964 18 124
965 13 99
968 43 94
975 52 109
977 22 100
977 55 104
979 9 100
979 44 80
987 19 84
989 52 94
1000 53 80
1003 17 99
1010 22 80
1012 59 95
1012 45 109
1015 31 84
1018 42 115
1022 54 84
1026 43 94
1027 47 119
1041 61 94
1052 53 90
1053 26 119
1058 24 94
1060 63 105
1062 56 84
1065 25 109
1066 22 90
1074 43 95
1079 58 109
1082 1 119
1084 55 84
1086 4 84
1089 54 84
1092 45 104
1101 21 84
1106 61 80
1108 29 80
1118 52 84
1121 59 119
1123 50 109
1125 46 94
1126 19 105
1126 47 130
1134 21 99
1134 38 90
1136 30 104
1137 32 84
1137 61 84
1144 58 119
1169 60 84
1170 7 90
1173 36 115
1175 36 129
1179 51 84
1179 59 104
1184 50 104
1186 34 105
1188 62 84
1193 15 94
1195 7 80
1201 4 84
1205 23 109
1208 8 84
1213 35 90
1213 39 104
1223 24 120
1223 15 124
1226 7 94
1231 10 105
1234 24 95
1238 62 84
1241 49 119
1254 61 90
1262 35 94
1263 2 99
1268 4 109
1274 32 94
1275 58 90
1277 60 105
1278 47 94
1284 26 99
1285 8 90
1286 35 109
1287 3 94
1287 30 80
1294 49 109
1295 42 84
1303 61 115
1310 53 104
1312 25 94
1313 19 94
1328 8 109
1332 59 109
1336 27 84
840 1144 126
840 515 118
845 324 63
845 406 96
847 1280 78
847 779 88
834 48 115
836 33 80
837 10 101
838 0 80
839 45 115
840 53 81
841 36 130
851 42 101
857 44 105
864 5 100
864 55 86
866 43 90
866 34 80
872 56 70
873 40 105
874 13 105
874 18 66
876 2 95
895 7 115
841 43 87
841 28 86
