326 562 127
345 1069 143
353 837 143
354 972 143
359 644 143
362 808 143
367 1195 143
380 1342 143
383 584 143
383 634 147
404 917 127
406 790 143
408 1197 143
416 1330 143
419 919 143
422 954 143
422 447 143
432 620 143
435 580 143
437 1216 147
438 744 127
440 1294 143
442 1008 143
444 1279 143
446 1142 143
449 1284 143
454 1000 143
468 721 143
476 1038 143
480 659 147
482 1106 127
487 959 143
512 450 143
518 1097 143
524 874 143
529 927 143
542 946 143
544 394 143
546 794 143
546 435 147
561 498 127
561 687 143
566 1271 143
572 440 143
574 693 143
580 1180 143
586 987 143
591 698 143
592 1046 143
593 1106 147
594 1074 127
595 845 143
599 399 143
602 772 143
616 698 143
620 568 143
625 1083 143
668 409 143
677 1231 143
687 761 147
694 1091 127
703 534 143
703 917 143
712 769 143
713 898 143
729 752 143
730 1219 143
759 544 143
760 447 143
763 616 147
769 546 127
775 1160 143
779 1004 143
784 1340 143
784 429 143
787 691 143
802 1337 143
802 1182 143
807 998 143
810 703 147
817 457 127
818 464 143
828 529 143
836 596 139
838 520 139
841 1177 139
847 879 139
854 1070 143
866 1192 143
870 1247 147
872 667 127
879 1091 135
880 1173 139
888 687 139
893 444 139
901 1298 143
910 1307 143
912 503 143
915 552 143
920 623 147
922 561 127
923 835 143
933 664 143
944 558 143
947 1000 143
954 761 143
954 659 143
1031 418 143
1034 527 143
1039 1033 147
1039 592 127
1041 593 143
1044 990 143
1046 869 143
1048 654 143
1067 790 143
1070 444 143
1076 842 143
1089 1019 143
1094 678 147
1096 1264 127
1097 1077 143
1108 555 143
1118 392 143
1120 425 143
1123 774 143
1125 938 143
1127 1306 143
1134 558 143
1159 1278 143
1165 904 127
1170 1048 139
1176 1058 143
1184 1211 143
1195 1276 143
1202 1144 143
1207 1290 143
1214 700 143
1228 1296 139
1232 945 147
1234 447 127
1236 1270 139
1238 652 139
1248 1191 143
1248 977 143
1249 1126 143
1258 670 143
1261 1322 143
1262 1228 143
1263 1191 147
1265 985 127
1291 412 143
1291 1278 143
1304 452 143
1329 586 143
463 377 139
961 1112 143
965 893 143
981 870 143
989 410 147
1009 1292 123
1009 1302 143
1011 1065 143
1016 460 143
1312 381 139
321 53 137
326 54 137
332 48 137
336 30 137
340 31 141
345 5 121
348 41 137
353 3 137
379 15 137
384 33 137
385 54 137
398 62 137
400 60 137
406 10 137
406 25 141
410 9 121
413 9 137
426 35 137
427 28 137
433 44 137
434 33 137
438 61 137
440 12 137
446 1 137
454 38 141
458 49 121
463 14 137
464 43 137
467 55 137
479 33 137
479 34 137
483 31 137
483 55 137
489 36 137
493 10 141
498 38 121
500 10 137
500 42 137
500 31 137
522 45 137
524 48 137
526 34 137
534 37 137
541 15 137
542 33 141
542 50 121
546 57 137
554 24 137
564 57 137
564 35 137
564 15 137
570 0 137
574 37 137
586 16 137
587 57 141
590 25 121
597 28 137
599 2 137
600 40 137
603 43 137
614 15 137
626 14 137
628 34 137
629 35 137
629 37 141
631 62 121
632 48 137
634 54 137
634 30 137
635 0 137
635 4 137
640 34 137
646 3 137
647 44 137
668 0 141
670 43 121
671 52 137
671 13 137
677 34 137
685 33 137
687 5 137
688 29 137
693 14 137
696 6 137
700 36 141
713 39 121
713 42 137
720 35 137
726 6 137
729 9 137
734 27 137
734 54 137
737 20 137
745 57 137
752 53 141
753 43 121
753 46 137
755 16 137
761 49 137
767 39 137
770 43 137
778 50 137
779 4 137
792 48 137
792 40 141
816 7 121
824 62 137
827 35 137
827 44 137
832 22 133
835 43 133
847 13 133
857 46 137
859 6 137
861 61 141
866 18 121
874 51 129
885 3 133
888 16 133
889 25 133
891 63 133
894 15 133
904 27 137
919 40 137
923 44 141
927 56 121
927 58 137
931 3 137
938 57 137
940 10 137
941 7 137
950 48 137
956 41 137
958 14 137
1028 42 141
1028 21 121
1029 54 137
1032 43 137
1034 29 137
1038 50 137
1044 18 137
1052 46 137
1052 23 137
1053 4 137
1057 27 141
1062 49 121
1062 60 137
1084 14 137
1114 44 137
1114 54 137
1115 40 137
1115 63 137
1116 29 137
1118 49 137
1118 40 141
1119 50 121
1128 33 137
1132 52 137
1136 26 137
1138 31 137
1139 1 137
1140 37 137
1142 19 137
1144 40 137
1150 24 141
1154 44 121
1155 46 137
1167 9 137
1169 52 133
1170 20 137
1177 14 137
1181 39 137
1186 7 137
1205 12 137
1205 17 141
1207 46 121
1208 24 137
1208 43 137
1216 45 133
1221 50 133
1225 59 137
1225 4 137
1240 49 137
1243 34 137
1243 45 141
1246 3 121
1256 26 133
1266 61 133
1270 41 137
1271 25 137
1280 14 137
1280 30 137
1285 52 137
1297 43 137
1298 9 141
1299 26 121
1307 12 137
1312 7 137
1319 19 137
1328 39 137
1329 13 137
1338 16 137
324 1134 79
330 800 83
344 1124 83
353 501 79
361 585 79
369 907 79
369 1087 79
373 1111 83
374 1091 83
379 1093 83
380 1159 83
393 1158 83
396 837 83
399 323 131
404 345 135
404 964 79
420 997 83
432 1238 83
439 1220 83
440 1327 83
444 948 83
467 1298 83
470 878 83
472 752 79
473 394 79
473 1123 79
474 1058 79
480 579 83
494 1260 83
500 346 143
500 1050 83
502 1154 83
512 526 83
520 1269 79
521 1263 79
525 421 79
526 656 79
542 859 83
544 836 83
558 427 83
559 354 135
568 1161 83
579 1076 83
585 504 79
586 899 79
597 1169 79
602 392 79
603 1160 83
628 332 139
629 346 139
631 1262 83
633 915 83
637 941 83
643 712 79
643 1027 79
646 889 79
667 1078 79
669 994 83
670 710 83
671 1235 83
684 749 83
685 561 83
686 694 83
689 338 119
694 498 79
698 944 79
701 1065 79
723 879 83
733 529 83
738 433 83
738 729 83
741 1251 83
758 894 83
760 825 79
761 421 79
769 1028 79
770 1247 79
771 894 83
772 1291 83
776 446 83
779 545 83
783 887 83
783 1150 83
785 480 79
790 1122 79
802 1216 79
805 1123 79
807 419 83
824 790 83
824 470 83
828 473 83
856 986 79
856 990 79
857 1248 79
866 793 79
888 948 79
893 584 79
895 541 79
911 338 139
911 452 79
916 635 83
929 840 83
941 1285 83
942 970 79
950 1203 79
955 435 79
958 538 79
968 1214 143
969 1202 143
970 522 147
1025 496 83
1028 1062 83
1030 938 83
1032 654 79
1041 601 79
1041 545 79
1053 1128 79
1057 1177 83
1065 339 143
1069 558 83
1080 1079 83
1081 1197 83
1083 1118 83
1094 1257 79
1095 1182 79
1098 583 79
1099 1026 79
1123 902 83
1123 1029 83
1127 1060 83
1133 1027 83
1134 599 83
1150 1216 83
1283 1194 79
1288 834 79
1292 739 79
1306 632 79
1322 724 83
961 19 141
967 44 137
979 17 137
987 44 137
989 33 137
994 56 117
994 14 137
1000 19 137
1004 44 137
1005 20 137
1009 52 141
1020 62 137
321 1128 89
324 384 89
337 1340 93
338 425 85
341 956 89
342 1193 89
355 1191 89
376 817 89
376 407 93
383 966 89
385 833 89
385 1114 89
392 419 93
393 413 85
412 1266 89
433 701 89
439 1035 89
440 1238 89
440 1277 93
441 806 89
441 577 89
454 438 89
455 832 93
458 637 85
460 835 89
461 1235 89
482 931 89
494 1021 89
496 887 93
512 678 89
512 1159 89
512 952 89
516 989 93
518 765 85
520 1253 89
522 806 89
522 622 89
526 538 89
526 579 93
544 554 89
544 1105 89
558 1246 89
565 496 93
588 952 85
592 802 89
613 838 89
628 1154 89
640 1204 89
647 968 93
647 396 89
653 683 89
655 863 89
672 529 93
700 886 85
715 938 89
719 1248 89
719 768 89
720 649 89
720 561 93
755 628 89
770 1008 89
772 1222 89
773 1275 93
774 1124 85
788 653 89
795 1338 89
800 416 89
814 932 89
815 888 93
819 1171 89
826 649 89
830 644 89
830 502 93
833 1060 85
841 479 75
849 1240 75
854 1269 75
858 870 85
859 1197 85
861 566 89
862 1022 89
863 1275 89
871 818 93
872 556 75
872 753 79
877 723 79
888 763 85
894 1030 85
900 978 85
900 1203 89
901 1039 89
903 1178 89
911 1140 93
913 622 89
913 662 89
917 1231 85
918 603 89
927 698 89
930 1173 89
945 573 89
954 1106 89
954 407 89
955 1296 93
978 359 135
979 410 79
1004 1147 79
1014 1081 79
1020 1058 83
1029 917 93
1030 1176 89
1030 1228 89
1035 558 89
1039 931 89
1049 779 85
1052 1225 89
1053 866 89
1068 412 89
1074 1252 89
1087 1172 93
1088 1101 89
1088 1037 89
1089 1136 89
1092 791 93
1097 484 85
1098 684 89
1099 1326 89
1112 1222 89
1119 525 89
1122 1029 93
1124 377 75
1126 1248 89
1154 1010 89
1157 498 83
1158 1259 85
1162 677 75
1165 429 79
1167 468 89
1167 1247 89
1171 425 89
1176 416 79
1180 1252 89
1182 804 83
1182 1134 93
1186 1184 75
1188 443 89
1188 1058 79
1194 688 93
1194 1021 85
1197 596 83
1200 1012 89
1204 591 89
1207 1277 83
1208 801 83
1210 1003 89
1213 1050 89
1223 568 79
1223 761 75
1226 649 85
1226 1338 79
1232 386 89
1240 1290 89
1241 634 83
1246 948 83
1256 726 75
1261 1038 75
1263 1248 79
1264 1042 83
1268 1082 83
1288 917 93
1298 562 93
1307 1120 85
1310 976 89
1310 869 89
1313 609 89
1326 1319 89
1328 793 89
1330 1336 89
1332 766 89
1335 396 89
1342 778 93
326 10 73
333 24 73
336 59 77
338 11 73
341 14 73
345 56 73
346 48 77
346 13 77
355 57 77
362 24 77
364 7 77
384 24 73
386 48 77
397 7 73
405 0 73
406 24 73
407 42 77
411 11 77
412 36 77
421 52 77
422 20 77
426 61 73
427 45 77
434 43 73
435 22 73
438 54 73
439 41 77
444 46 77
481 61 77
492 38 77
505 53 77
521 27 73
524 39 77
525 61 73
530 1 73
544 42 73
546 58 77
554 29 77
563 56 77
565 35 77
565 38 77
573 37 73
586 22 77
588 9 73
595 14 73
604 51 73
609 4 77
612 21 77
626 47 77
629 27 77
631 40 77
632 17 73
647 30 77
653 32 73
653 8 73
657 35 73
660 31 77
663 47 77
667 10 77
670 28 77
687 1 77
688 20 73
698 29 77
706 45 73
707 60 73
710 17 73
711 3 77
712 44 77
716 33 77
721 15 77
724 27 77
742 41 73
760 50 77
760 24 73
761 40 73
761 5 73
761 63 77
767 25 77
770 26 77
772 14 77
778 32 77
779 11 73
791 49 77
795 32 73
800 51 73
802 44 73
806 12 77
817 23 77
826 37 77
828 15 77
837 15 73
839 49 73
858 45 77
859 31 73
861 26 73
863 33 73
864 60 73
891 35 73
894 63 73
898 38 73
903 3 77
908 53 73
911 28 73
913 23 73
917 4 73
919 59 73
921 57 77
925 14 77
927 55 77
930 24 77
933 56 77
937 59 73
944 30 77
945 40 73
950 0 73
954 26 73
968 63 121
970 40 137
970 50 137
971 18 137
972 7 137
1025 10 77
1026 41 77
1031 50 73
1031 35 73
1032 30 73
1032 63 77
1035 18 77
1047 45 77
1056 30 77
1072 5 77
1074 0 73
1078 3 77
1087 50 73
1092 42 73
1102 32 73
1114 2 77
1119 5 77
1122 44 77
1124 36 77
1133 52 77
1133 39 73
1137 19 77
1147 14 73
1147 15 73
1286 18 73
1292 47 77
1294 15 77
1304 21 77
1306 46 77
1307 49 77
1316 31 73
1318 7 77
1326 23 73
1326 34 73
1326 63 73
1333 29 77
1336 54 77
1338 23 77
329 1053 84
331 432 94
331 1263 94
336 675 98
340 629 84
341 1126 94
342 384 80
346 677 94
348 911 94
349 696 94
349 1169 94
359 540 94
364 500 88
367 448 88
367 774 86
367 370 94
380 879 94
381 540 94
382 1285 94
382 823 98
386 648 88
386 901 94
388 407 94
392 809 88
407 506 86
412 1248 84
412 744 88
412 1049 88
418 1280 88
418 792 94
425 1129 88
427 793 80
429 780 94
432 381 85
438 687 94
440 1034 84
442 1310 88
449 1087 94
451 688 94
451 835 88
451 711 94
452 581 88
454 809 88
457 366 88
459 579 84
459 902 88
459 407 94
460 621 88
464 1092 94
464 486 94
468 585 94
473 501 94
478 433 80
478 787 88
478 1118 84
487 1050 88
488 1309 94
495 1187 94
496 660 88
499 1328 94
503 953 94
504 895 98
505 1276 94
509 491 88
509 734 84
516 711 88
532 726 94
554 1120 88
555 1240 94
555 714 88
555 1108 80
556 1211 94
564 1159 94
565 460 88
567 397 94
577 454 94
583 598 84
585 874 94
590 1277 94
591 1333 88
592 958 88
594 1294 94
595 861 94
597 810 88
598 894 86
599 788 88
600 1141 88
601 1027 94
601 927 88
612 380 85
613 958 88
622 600 80
622 737 88
623 573 94
623 830 94
625 1053 94
626 444 94
629 1082 84
638 1112 94
643 390 88
646 416 88
647 576 94
649 880 88
652 649 88
656 1283 84
667 1181 94
669 1339 94
670 619 88
673 321 88
673 959 80
678 538 88
678 774 94
688 338 94
689 1247 94
703 442 94
710 914 94
711 1179 80
712 1313 94
713 372 88
716 1327 88
716 671 88
723 778 88
723 1295 88
724 1241 94
729 356 75
733 917 94
742 917 86
744 1313 88
748 561 80
748 1332 94
758 1080 88
758 1273 94
760 880 88
760 1077 94
766 739 94
776 744 94
776 1295 94
777 1096 84
778 444 94
778 892 88
780 444 88
780 1134 94
794 755 94
794 1111 88
802 1229 84
806 810 88
806 350 94
808 413 88
811 1277 94
815 1040 80
815 1222 84
815 678 88
823 365 75
827 755 88
828 396 84
834 556 90
840 1144 86
840 515 86
845 440 81
845 406 90
847 1280 94
847 779 94
851 886 89
851 581 94
854 633 86
856 659 90
873 1117 85
876 516 90
878 861 85
880 1125 84
885 1059 84
890 534 88
893 1322 94
894 594 94
897 634 84
897 1070 94
902 827 94
904 784 80
907 847 94
916 691 94
918 828 94
923 1114 94
929 1047 88
932 494 88
933 1031 86
933 366 94
936 1150 88
938 854 88
940 1225 94
940 492 88
941 878 88
947 515 88
947 390 94
953 579 88
956 556 84
966 1075 89
970 1201 79
972 832 79
972 913 83
978 454 93
979 1001 89
993 579 89
996 1110 89
999 841 89
1000 401 81
1001 885 89
1005 1125 89
1012 994 89
1022 1068 89
1026 1092 98
1032 953 94
1039 365 71
1048 1105 94
1048 474 88
1048 1175 86
1049 1213 84
1049 327 88
1052 491 94
1057 892 94
1059 1336 94
1059 738 94
1066 401 94
1068 823 94
1072 1129 88
1076 584 94
1083 463 84
1084 1138 88
1084 1290 94
1087 940 94
1088 669 94
1092 1341 94
1097 685 94
1098 564 94
1105 470 80
1111 372 84
1115 425 94
1116 338 94
1116 771 88
1119 756 94
1120 790 88
1124 832 88
1125 755 98
1126 380 94
1127 576 94
1128 531 84
1130 1135 88
1135 1108 94
1138 1317 88
1140 338 94
1140 829 88
1141 1127 94
1142 557 94
1144 585 94
1144 1255 88
1154 636 94
1154 1119 76
1159 1093 84
1161 411 88
1169 899 94
1169 1286 79
1169 649 94
1175 774 94
1177 839 88
1188 499 94
1191 634 84
1196 452 86
1199 938 88
1200 652 94
1200 335 94
1202 1231 94
1205 1128 88
1205 500 88
1207 1025 94
1219 1186 80
1219 438 76
1220 811 84
1223 1327 94
1225 461 84
1226 852 98
1228 1069 98
1240 1203 94
1243 1176 84
1247 1039 94
1248 930 94
1248 1069 86
1252 394 85
1252 455 89
1254 505 94
1255 1186 89
1255 645 79
1257 1136 84
1258 601 88
1265 897 88
1266 1208 94
1273 647 86
1273 1199 86
1274 933 85
1276 889 89
1276 1292 89
1276 885 89
1276 526 79
1277 1235 83
1278 770 89
1278 594 94
1279 656 81
1279 1333 90
1281 339 71
1286 1065 88
1286 1277 84
1292 529 94
1292 853 94
1295 472 88
1295 1118 88
1297 563 94
1304 911 94
1308 779 84
1313 480 88
1318 556 94
1322 920 88
1323 1136 88
1327 329 94
1328 640 94
1339 738 94
1340 545 98
1342 592 84
323 48 83
323 19 83
324 40 83
324 46 83
331 31 83
333 23 83
362 6 83
367 30 83
373 7 87
380 2 79
381 0 83
381 22 83
384 29 83
388 62 83
388 22 83
399 27 83
405 35 83
406 63 83
410 11 87
425 44 83
426 24 83
426 12 87
434 22 79
441 59 83
444 41 83
444 61 83
449 19 83
457 7 83
460 23 87
461 41 83
467 3 83
479 42 87
481 42 79
483 5 83
487 58 83
495 23 83
499 46 83
514 46 83
517 26 87
526 49 83
530 46 83
543 18 87
545 56 79
559 50 83
570 48 83
570 35 83
574 17 83
579 52 83
583 14 87
588 38 83
602 54 83
603 41 87
608 48 79
611 0 83
612 19 83
625 0 83
625 60 83
629 53 83
635 18 87
647 34 83
652 31 83
670 57 87
671 18 79
686 35 83
686 58 83
688 55 83
689 48 83
701 19 83
701 20 87
706 31 83
708 17 83
711 2 87
712 34 79
713 48 83
714 58 83
715 10 83
719 6 83
723 50 83
724 11 87
729 7 83
737 31 83
747 47 87
748 26 79
749 55 83
756 0 83
759 26 83
759 15 83
770 3 83
770 41 87
777 20 83
779 59 83
782 17 87
790 60 79
795 58 83
805 29 83
809 62 83
814 44 83
819 24 83
837 27 87
838 9 83
838 52 83
839 4 83
840 20 69
841 41 73
845 5 73
847 59 73
853 34 73
857 31 79
858 7 87
860 7 79
864 35 79
870 52 79
874 57 73
879 7 73
881 29 79
881 47 83
886 50 83
886 51 87
893 25 87
898 20 79
907 60 83
915 45 83
916 4 83
916 20 83
919 34 83
927 25 83
932 36 83
940 40 83
940 54 87
946 14 79
948 2 83
959 14 83
962 48 73
965 42 77
966 38 77
967 1 73
967 54 73
1003 37 77
1009 17 77
1016 32 73
1018 33 73
1019 48 73
1019 11 73
1022 53 77
1027 2 83
1028 32 83
1032 1 83
1035 17 83
1036 37 87
1039 49 83
1044 51 83
1056 7 79
1057 56 83
1057 33 83
1063 24 83
1069 60 83
1071 42 83
1071 29 83
1074 54 87
1076 54 83
1079 37 83
1083 42 79
1086 37 83
1088 13 83
1103 30 83
1106 51 83
1108 6 83
1111 15 83
1116 1 87
1123 62 83
1127 21 83
1128 48 79
1129 37 83
1135 59 83
1138 25 83
1150 60 83
1154 43 69
1155 50 83
1159 20 77
1160 2 69
1161 7 73
1162 63 73
1162 5 83
1163 57 77
1168 23 87
1169 37 87
1171 47 87
1179 10 79
1179 62 83
1182 26 69
1186 36 83
1188 42 83
1191 19 83
1191 44 73
1195 55 73
1196 10 77
1199 12 83
1200 10 83
1205 46 87
1205 63 69
1206 59 83
1207 19 83
1213 40 79
1214 59 83
1214 60 77
1220 13 83
1221 31 83
1226 9 77
1228 44 77
1228 29 69
1236 40 69
1238 24 73
1238 44 77
1241 41 77
1243 50 77
1244 16 83
1244 7 77
1247 47 83
1256 25 73
1258 54 79
1263 37 69
1265 2 73
1267 16 83
1267 12 87
1270 48 77
1280 13 87
1286 56 79
1288 25 83
1291 32 83
1295 59 83
1295 63 83
1298 59 83
1307 42 83
1308 3 83
1312 50 83
1317 38 87
1318 38 79
1322 42 83
1322 8 87
1326 45 83
1336 46 83
1342 36 83
1342 15 83
365 1004 84
367 1000 88
558 992 88
595 359 81
600 994 90
668 332 89
752 986 84
841 520 80
845 324 71
872 787 72
874 547 84
933 991 88
937 373 81
962 890 88
972 981 89
977 594 94
977 500 80
981 698 94
981 1158 94
982 1110 94
986 615 88
987 1290 94
990 899 94
992 739 94
998 1106 88
1001 568 94
1004 1136 80
1008 1273 94
1008 1134 88
1014 345 88
1020 1182 94
1021 540 94
1110 1010 76
1219 975 86
1232 373 77
1249 1241 80
1261 976 84
1262 351 67
323 44 88
326 19 78
327 9 88
329 54 82
332 14 88
333 51 82
335 44 92
335 55 82
339 2 78
345 8 82
345 49 88
345 20 88
350 40 74
353 56 82
353 4 82
354 24 82
354 12 88
355 5 82
357 51 88
359 49 88
360 10 78
361 38 88
369 13 88
370 59 88
370 23 82
372 25 88
382 62 88
385 40 92
388 49 78
390 27 82
392 37 82
392 63 88
394 8 74
396 20 88
400 35 88
401 41 82
404 43 88
406 62 88
409 26 88
410 2 88
412 40 88
412 26 78
413 56 88
416 15 82
418 42 88
419 49 82
423 42 88
423 62 88
425 49 78
427 23 82
432 44 82
437 19 88
441 9 82
442 53 82
448 48 88
450 13 74
452 13 82
456 3 82
457 51 88
458 52 88
460 40 88
461 24 88
463 8 88
470 23 78
473 4 92
476 35 82
476 11 82
479 27 88
480 2 88
482 12 88
485 34 88
485 4 88
488 62 78
489 58 82
493 0 88
498 53 82
499 56 88
501 42 82
501 60 88
504 0 70
509 40 82
512 38 82
512 47 88
512 24 82
522 42 82
525 45 82
529 8 88
532 50 82
538 63 80
540 43 82
543 19 82
543 21 82
544 39 88
544 28 74
547 60 88
550 16 88
552 40 82
556 24 82
556 6 88
557 62 78
561 8 88
561 21 88
563 44 82
568 62 82
570 34 82
570 37 88
572 17 82
574 13 82
575 51 78
576 40 74
576 39 88
577 29 88
579 9 88
580 24 82
580 22 82
582 27 82
583 55 82
584 47 88
586 49 88
586 27 78
587 62 88
594 49 82
594 15 82
597 12 82
598 48 88
599 13 88
602 11 88
603 29 92
604 56 78
604 9 88
604 13 74
618 42 88
621 10 82
629 4 88
638 23 82
640 57 82
645 6 88
646 63 82
648 57 78
649 42 88
649 45 88
653 34 82
654 52 88
655 39 82
656 60 88
657 41 88
657 62 82
660 59 82
662 10 88
663 62 88
664 59 88
668 41 70
670 27 82
675 19 88
675 29 88
682 46 82
682 63 82
683 15 82
686 43 78
688 51 82
689 21 82
691 26 82
694 3 88
698 40 82
698 15 88
701 32 88
701 18 74
703 6 88
706 3 88
707 40 78
707 41 82
711 4 88
712 31 82
713 32 88
714 49 82
714 37 88
716 39 88
716 46 82
719 5 78
720 57 82
736 57 82
736 50 82
736 21 74
737 56 88
737 25 82
742 3 82
742 20 88
744 42 82
744 27 78
744 1 88
748 54 82
748 38 88
752 33 88
752 15 82
758 42 82
761 4 88
761 16 82
765 9 88
765 53 88
766 18 88
769 38 80
773 57 88
778 27 82
779 13 74
783 55 82
785 62 88
788 58 82
791 8 88
793 38 88
795 41 78
807 34 82
812 15 88
816 48 88
816 22 82
817 50 82
817 12 88
818 52 88
822 39 92
825 28 78
828 54 88
830 45 88
834 48 84
836 33 84
837 10 84
838 0 84
839 45 88
839 47 82
841 36 83
841 43 84
841 28 84
851 42 80
852 2 75
852 11 79
852 45 79
853 20 79
853 63 83
854 7 83
856 31 82
857 44 84
858 5 70
862 48 78
862 4 78
864 5 84
864 55 88
866 43 80
866 34 88
872 36 83
872 62 87
873 40 80
874 13 84
874 19 79
876 37 79
880 53 78
888 42 78
892 24 78
895 7 88
897 10 82
897 6 92
899 41 78
902 53 88
912 42 88
913 43 88
914 20 82
916 27 88
921 36 88
922 42 82
922 21 74
922 7 82
931 40 78
931 45 82
932 49 82
932 12 88
932 39 88
933 30 82
935 5 82
937 7 82
939 40 82
942 29 82
946 30 88
948 35 88
950 24 92
950 46 80
955 41 74
982 21 83
986 56 83
993 38 83
997 32 83
997 62 87
999 26 83
1000 36 83
1004 7 83
1016 29 83
1019 21 83
1021 41 83
1025 63 82
1026 43 88
1027 47 88
1035 19 82
1037 27 78
1039 12 82
1041 61 88
1041 13 82
1044 41 82
1044 61 82
1050 3 82
1052 53 88
1052 22 82
1053 3 74
1053 26 88
1058 24 88
1058 62 78
1060 63 88
1062 56 92
1065 25 88
1065 23 82
1066 22 88
1068 2 82
1069 59 82
1074 43 80
1079 58 88
1082 1 88
1084 55 88
1086 4 88
1089 54 88
1092 45 88
1096 40 82
1101 17 82
1101 21 92
1102 61 78
1103 2 82
1103 14 82
1106 58 74
1106 61 88
1108 29 88
1110 7 82
1112 50 82
1118 52 88
1120 26 82
1120 37 78
1121 59 88
1123 50 88
1125 34 82
1125 46 88
1126 19 88
1126 47 88
1129 10 82
1133 63 82
1134 21 88
1134 38 88
1136 30 80
1137 32 88
1137 61 88
1138 3 82
1144 58 88
1165 28 78
1169 2 73
1169 60 88
1170 4 77
1170 7 84
1171 44 73
1173 36 88
1175 36 88
1179 24 78
1179 51 92
1179 59 92
1181 9 82
1182 58 82
1184 50 88
1186 34 80
1186 14 78
1186 53 82
1188 62 88
1193 10 82
1193 15 88
1195 7 88
1195 60 82
1199 5 74
1201 4 88
1203 22 78
1204 51 78
1205 39 82
1205 23 88
1208 8 88
1213 35 88
1213 39 88
1219 44 82
1223 24 88
1223 15 88
1226 7 80
1226 47 78
1231 10 84
1234 24 88
1238 62 88
1241 49 88
1244 8 82
1248 31 83
1253 43 87
1254 61 92
1254 23 69
1262 35 80
1263 2 84
1268 4 88
1274 32 88
1274 43 83
1275 58 88
1275 6 83
1277 36 73
1277 60 88
1278 47 80
1279 48 73
1280 35 70
1281 12 82
1284 26 88
1285 8 88
1286 35 88
1287 3 88
1287 30 88
1288 1 82
1292 40 78
1294 49 88
1294 25 82
1295 42 88
1297 34 82
1297 62 82
1299 16 82
1303 61 88
1310 53 88
1312 5 82
1312 12 78
1312 25 88
1313 19 88
1315 21 74
1318 42 82
1322 25 82
1328 13 82
1328 8 88
1329 12 82
1330 58 82
1332 59 80
1336 27 88
1338 50 82
324 1022 86
374 983 90
441 1018 88
488 1021 88
664 978 90
851 962 86
854 366 85
863 1003 82
893 989 86
969 667 76
977 992 90
990 374 81
1078 1018 72
1171 336 67
1228 1018 84
1249 370 81
1257 1001 86
840 53 74
849 56 74
849 46 74
850 55 78
853 35 78
872 56 78
874 18 78
876 2 74
962 40 82
964 18 88
964 3 74
965 50 82
965 13 88
968 42 83
969 1 83
970 23 83
972 55 83
975 47 83
977 18 82
977 22 88
977 55 88
978 9 74
978 34 82
979 9 88
979 44 88
987 19 88
989 52 88
991 43 82
997 12 82
1000 53 88
1003 17 88
1003 19 74
1005 25 74
1008 42 82
1008 18 82
1010 60 82
1010 22 88
1011 40 82
1011 4 82
1012 59 88
1012 45 88
1014 51 74
1015 31 88
1018 42 88
1018 60 82
1018 38 82
1022 54 88
1169 21 74
1171 38 74
1172 41 82
1173 40 74
1173 26 78
1248 19 74
1251 44 78
1251 55 82
1252 59 82
1253 38 82
1254 9 82
1255 49 74
1279 8 82
1279 15 74
994 1021 80
996 1016 88
968 43 88
969 33 82
975 52 88
