326 562 127
345 1069 131
353 837 145
354 972 135
359 644 135
362 808 137
367 1195 131
380 1342 135
383 584 135
383 634 145
404 917 127
406 790 141
408 1197 135
416 1330 145
419 919 145
422 954 127
422 447 131
432 620 145
435 580 135
437 1216 135
438 744 127
440 1294 141
442 1008 145
444 1279 145
446 1142 135
449 1284 127
454 1000 131
468 721 135
476 1038 135
480 659 135
482 1106 127
487 959 131
512 450 135
518 1097 135
524 874 135
529 927 127
542 946 131
544 394 145
546 794 135
546 435 135
561 498 127
561 687 131
566 1271 135
572 440 145
574 693 135
580 1180 127
586 987 131
591 698 135
592 1046 135
593 1106 135
594 1074 127
595 845 131
599 399 135
602 772 135
616 698 145
620 568 127
625 1083 131
668 409 145
677 1231 135
687 761 135
694 1091 127
703 534 131
703 917 135
712 769 145
713 898 135
729 752 127
730 1219 131
759 544 135
760 447 145
763 616 145
769 546 127
775 1160 131
779 1004 135
784 1340 145
784 429 135
787 691 127
802 1337 131
802 1182 135
807 998 135
810 703 135
817 457 137
818 464 141
828 529 135
901 1298 145
910 1307 135
912 503 127
915 552 131
920 623 135
922 561 145
923 835 135
933 664 127
944 558 131
947 1000 135
954 761 135
954 659 135
961 1112 127
965 893 131
968 1214 135
969 1202 135
970 522 135
981 870 127
989 410 131
1009 1292 135
1009 1302 135
1011 1065 135
1016 460 127
1031 418 131
1034 527 135
1039 1033 145
1039 592 135
1041 593 127
1044 990 141
1046 869 135
1048 654 135
1067 790 135
1070 444 137
1076 842 131
1089 1019 135
1094 678 135
1096 1264 135
1097 1077 137
1108 555 131
1118 392 135
1120 425 135
1123 774 145
1125 938 127
1127 1306 131
1134 558 135
1159 1278 145
1165 904 135
1170 1048 127
1176 1058 131
1184 1211 135
1195 1276 135
1202 1144 145
1207 1290 127
1214 700 131
1228 1296 135
1232 945 135
1234 447 135
1236 1270 127
1238 652 131
1248 1191 135
1248 977 145
1249 1126 135
1258 670 127
1261 1322 131
1262 1228 145
1263 1191 135
1265 985 135
1291 412 127
1291 1278 131
1304 452 135
1329 586 135
399 323 141
404 345 133
500 346 127
559 354 131
628 332 141
629 346 141
689 338 123
836 596 127
838 520 131
841 1177 127
847 879 127
866 1192 123
870 1247 137
872 667 131
879 1091 131
880 1173 131
888 687 123
893 444 127
911 338 131
978 359 131
1065 339 131
321 53 121
326 54 125
332 48 139
336 30 129
340 31 129
345 5 121
348 41 125
353 3 129
379 15 139
384 33 129
385 54 121
398 62 125
400 60 129
406 10 139
406 25 129
410 9 121
413 9 135
426 35 129
427 28 129
433 44 139
434 33 121
438 61 135
440 12 129
446 1 129
454 38 129
458 49 121
463 14 125
464 43 129
467 55 139
479 33 129
479 34 131
483 31 125
483 55 129
489 36 129
493 10 139
498 38 131
500 10 125
500 42 139
500 31 129
522 45 129
524 48 131
526 34 125
534 37 129
541 15 129
542 33 129
542 50 121
546 57 125
554 24 139
564 57 129
564 35 129
564 15 121
570 0 125
574 37 129
586 16 129
587 57 139
590 25 121
597 28 125
599 2 129
600 40 129
603 43 139
614 15 121
626 14 125
628 34 129
629 35 129
629 37 129
631 62 131
632 48 125
634 54 139
634 30 129
635 0 139
635 4 121
640 34 135
646 3 129
647 44 129
668 0 129
670 43 131
671 52 135
671 13 129
677 34 129
685 33 129
687 5 131
688 29 135
693 14 139
696 6 139
700 36 139
713 39 121
713 42 135
720 35 139
726 6 139
729 9 129
734 27 121
734 54 125
737 20 129
745 57 139
752 53 129
753 43 131
753 46 135
755 16 129
761 49 129
767 39 129
770 43 121
778 50 135
779 4 129
792 48 129
792 40 129
816 7 121
824 62 125
827 35 129
827 44 129
904 27 129
919 40 121
923 44 125
927 56 129
927 58 129
931 3 129
938 57 121
940 10 135
941 7 129
950 48 129
956 41 129
958 14 121
961 19 125
967 44 129
968 63 129
970 40 139
970 50 121
971 18 125
972 7 139
979 17 129
987 44 129
989 33 121
994 56 125
994 14 129
1000 19 139
1004 44 129
1005 20 121
1009 52 125
1020 62 129
1028 42 129
1028 21 129
1029 54 121
1032 43 125
1034 29 129
1038 50 129
1044 18 129
1052 46 131
1052 23 125
1053 4 139
1057 27 129
1062 49 129
1062 60 131
1084 14 125
1114 44 129
1114 54 139
1115 40 129
1115 63 131
1116 29 125
1118 49 129
1118 40 129
1119 50 139
1128 33 121
1132 52 135
1136 26 139
1138 31 129
1139 1 139
1140 37 121
1142 19 125
1144 40 129
1150 24 139
1154 44 129
1155 46 131
1167 9 125
1169 52 129
1170 20 129
1177 14 129
1181 39 121
1186 7 125
1205 12 139
1205 17 129
1207 46 139
1208 24 131
1208 43 135
1216 45 129
1221 50 129
1225 59 129
1225 4 121
1240 49 125
1243 34 129
1243 45 129
1246 3 129
1256 26 121
1266 61 125
1270 41 129
1271 25 129
1280 14 139
1280 30 121
1285 52 125
1297 43 129
1298 9 129
1299 26 129
1307 12 121
1312 7 135
1319 19 129
1328 39 129
1329 13 139
1338 16 121
324 1134 79
330 800 89
344 1124 79
353 501 79
361 585 79
369 907 89
369 1087 79
373 1111 79
374 1091 79
379 1093 79
380 1159 79
393 1158 79
396 837 79
404 964 89
420 997 79
432 1238 79
439 1220 79
440 1327 79
444 948 89
463 377 123
467 1298 79
470 878 79
472 752 79
473 394 89
473 1123 79
474 1058 79
480 579 79
494 1260 79
500 1050 89
502 1154 89
512 526 89
520 1269 79
521 1263 89
525 421 79
526 656 79
542 859 89
544 836 79
558 427 79
568 1161 79
579 1076 89
585 504 79
586 899 79
597 1169 79
602 392 79
603 1160 79
631 1262 89
633 915 79
637 941 79
643 712 79
643 1027 79
646 889 79
667 1078 79
669 994 79
670 710 79
671 1235 79
684 749 79
685 561 79
686 694 79
694 498 79
698 944 79
701 1065 79
723 879 79
733 529 79
738 433 89
738 729 89
741 1251 79
758 894 79
760 825 79
761 421 79
769 1028 79
770 1247 79
771 894 79
772 1291 79
776 446 79
779 545 79
783 887 79
783 1150 79
785 480 89
790 1122 79
802 1216 79
805 1123 79
807 419 79
824 790 89
824 470 79
828 473 89
854 1070 137
911 452 79
916 635 79
929 840 89
941 1285 79
942 970 79
950 1203 79
955 435 79
958 538 79
970 1201 79
972 832 79
972 913 79
979 410 89
1004 1147 89
1014 1081 79
1020 1058 79
1025 496 79
1028 1062 79
1030 938 79
1032 654 89
1041 601 89
1041 545 79
1053 1128 79
1057 1177 79
1069 558 79
1080 1079 79
1081 1197 89
1083 1118 79
1094 1257 79
1095 1182 89
1098 583 79
1099 1026 79
1123 902 79
1123 1029 79
1127 1060 79
1133 1027 89
1134 599 89
1150 1216 79
1157 498 79
1162 677 79
1165 429 79
1169 1286 89
1176 416 79
1182 804 79
1186 1184 89
1188 1058 79
1197 596 79
1207 1277 79
1208 801 79
1223 568 89
1223 761 79
1226 1338 79
1241 634 79
1246 948 89
1255 645 79
1256 726 79
1261 1038 89
1263 1248 79
1264 1042 89
1268 1082 79
1276 526 79
1277 1235 79
1283 1194 79
1288 834 89
1292 739 79
1306 632 79
1312 381 137
1322 724 89
832 22 125
835 43 117
847 13 117
857 46 125
859 6 125
861 61 125
866 18 117
874 51 127
885 3 125
888 16 125
889 25 125
891 63 117
894 15 121
321 1128 89
324 384 89
329 1053 94
337 1340 89
338 425 85
340 629 84
341 956 99
342 384 84
342 1193 89
355 1191 99
364 500 80
365 1004 84
367 448 84
367 1000 94
376 817 99
376 407 85
383 966 99
385 833 89
385 1114 89
386 648 84
392 809 80
392 419 89
393 413 85
412 1248 84
412 744 84
412 1266 99
412 1049 84
418 1280 84
425 1129 80
427 793 84
433 701 89
439 1035 89
440 1034 84
440 1238 89
440 1277 85
441 1018 84
441 806 99
441 577 89
442 1310 94
451 835 80
452 581 84
454 809 94
454 438 99
455 832 89
458 637 95
459 579 84
459 902 84
460 835 89
460 621 80
461 1235 89
478 433 84
478 787 84
478 1118 84
482 931 89
487 1050 84
488 1021 80
494 1021 89
496 660 84
496 887 85
509 491 84
509 734 94
512 678 99
512 1159 99
512 952 99
516 989 89
516 711 84
518 765 85
520 1253 89
522 806 89
522 622 99
526 538 99
526 579 95
544 554 89
544 1105 89
554 1120 80
555 714 84
555 1108 84
558 992 94
558 1246 89
565 496 89
565 460 94
583 598 80
588 952 85
591 1333 84
592 802 89
592 958 84
597 810 84
599 788 94
600 1141 80
601 927 84
613 958 84
613 838 99
622 600 84
622 737 94
628 1154 89
629 1082 80
640 1204 89
643 390 84
646 416 84
647 968 85
647 396 99
649 880 84
652 649 84
653 683 89
655 863 89
656 1283 80
670 619 84
672 529 89
673 959 84
678 538 84
700 886 85
711 1179 94
715 938 89
716 1327 80
716 671 94
719 1248 89
719 768 89
720 649 89
720 561 95
723 778 84
723 1295 84
729 356 85
744 1313 84
748 561 94
752 986 84
755 628 89
758 1080 84
760 880 84
770 1008 89
772 1222 89
773 1275 89
774 1124 95
777 1096 80
778 892 94
780 444 84
788 653 89
794 1111 94
795 1338 89
800 416 99
802 1229 84
806 810 80
808 413 84
814 932 89
815 1040 84
815 888 85
815 1222 84
815 678 84
819 1171 89
826 649 99
827 755 90
828 396 84
830 644 89
830 502 89
856 986 75
856 990 75
857 1248 75
866 793 75
888 948 75
893 584 85
895 541 75
897 634 84
900 978 85
900 1203 89
901 1039 89
903 1178 89
904 784 80
911 1140 89
913 622 85
913 662 89
917 1231 89
918 603 89
927 698 99
929 1047 94
930 1173 85
932 494 84
933 991 84
936 1150 84
938 854 90
940 492 94
941 878 84
945 573 89
947 515 84
953 579 94
954 1106 99
954 407 89
955 1296 89
956 556 90
962 890 84
966 1075 85
969 667 84
972 981 89
977 500 84
978 454 89
979 1001 89
986 615 84
993 579 99
994 1021 80
996 1016 94
996 1110 85
998 1106 84
999 841 99
1000 401 89
1001 885 99
1004 1136 94
1005 1125 89
1008 1134 84
1012 994 85
1022 1068 89
1029 917 99
1030 1176 89
1030 1228 89
1035 558 85
1039 931 89
1048 474 90
1049 779 89
1049 1213 84
1052 1225 99
1053 866 89
1068 412 85
1072 1129 84
1074 1252 89
1078 1018 84
1083 463 84
1084 1138 80
1087 1172 99
1088 1101 89
1088 1037 89
1089 1136 85
1092 791 89
1097 484 89
1098 684 89
1099 1326 89
1105 470 84
1110 1010 84
1112 1222 85
1116 771 94
1119 525 99
1120 790 84
1122 1029 89
1124 832 90
1126 1248 89
1128 531 94
1130 1135 84
1138 1317 84
1140 829 84
1144 1255 90
1154 1010 89
1154 1119 94
1158 1259 95
1159 1093 84
1161 411 84
1167 468 89
1167 1247 89
1171 336 75
1171 425 89
1177 839 80
1180 1252 89
1182 1134 95
1188 443 89
1191 634 84
1194 688 89
1194 1021 89
1199 938 84
1200 1012 99
1204 591 85
1205 1128 94
1205 500 94
1210 1003 89
1213 1050 89
1219 1186 80
1219 438 84
1220 811 84
1225 461 94
1226 649 89
1228 1018 84
1232 386 89
1240 1290 85
1243 1176 80
1249 1241 84
1252 394 99
1252 455 99
1255 1186 89
1257 1136 84
1258 601 94
1261 976 84
1262 351 85
1265 897 84
1274 933 99
1276 889 85
1276 1292 89
1276 885 99
1278 770 89
1279 656 89
1281 339 85
1286 1065 84
1286 1277 84
1288 917 85
1295 472 80
1295 1118 94
1298 562 89
1307 1120 89
1308 779 84
1310 976 99
1310 869 89
1313 480 94
1313 609 95
1322 920 94
1323 1136 80
1326 1319 89
1328 793 99
1330 1336 89
1332 766 89
1335 396 85
1342 592 84
1342 778 89
326 10 83
333 24 73
336 59 73
338 11 73
341 14 73
345 56 83
346 48 73
346 13 73
355 57 73
362 24 73
364 7 73
384 24 73
386 48 73
397 7 73
405 0 73
406 24 73
407 42 83
411 11 73
412 36 73
421 52 83
422 20 83
426 61 73
427 45 73
434 43 73
435 22 83
438 54 73
439 41 73
444 46 73
481 61 73
492 38 73
505 53 73
521 27 73
524 39 83
525 61 83
530 1 83
544 42 73
546 58 73
554 29 73
563 56 73
565 35 83
565 38 83
573 37 73
586 22 83
588 9 73
595 14 83
604 51 73
609 4 73
612 21 73
626 47 73
629 27 73
631 40 73
632 17 73
647 30 73
653 32 73
653 8 73
657 35 73
660 31 73
663 47 73
667 10 73
670 28 73
687 1 83
688 20 73
698 29 73
706 45 83
707 60 73
710 17 73
711 3 73
712 44 73
716 33 73
721 15 83
724 27 73
742 41 73
760 50 73
760 24 73
761 40 73
761 5 73
761 63 73
767 25 73
770 26 83
772 14 73
778 32 83
779 11 73
791 49 83
795 32 73
800 51 73
802 44 73
806 12 73
817 23 73
826 37 73
828 15 73
898 38 83
903 3 73
908 53 83
911 28 83
913 23 73
917 4 73
919 59 73
921 57 73
925 14 73
927 55 73
930 24 73
933 56 83
937 59 73
944 30 73
945 40 83
950 0 73
954 26 73
962 48 73
965 42 73
966 38 83
967 1 73
967 54 83
1003 37 73
1009 17 73
1016 32 83
1018 33 73
1019 48 73
1019 11 73
1022 53 83
1025 10 83
1026 41 73
1031 50 73
1031 35 83
1032 30 73
1032 63 73
1035 18 73
1047 45 83
1056 30 73
1072 5 73
1074 0 73
1078 3 73
1087 50 73
1092 42 73
1102 32 73
1114 2 83
1119 5 83
1122 44 73
1124 36 83
1133 52 73
1133 39 73
1137 19 83
1147 14 73
1147 15 73
1154 43 83
1159 20 73
1160 2 73
1161 7 73
1162 63 73
1163 57 83
1169 2 73
1170 4 73
1171 44 73
1182 26 73
1191 44 73
1195 55 73
1196 10 73
1205 63 73
1214 60 73
1226 9 73
1228 44 83
1228 29 73
1236 40 83
1238 24 73
1238 44 73
1241 41 73
1243 50 73
1244 7 73
1254 23 83
1256 25 73
1263 37 73
1265 2 73
1270 48 83
1277 36 73
1279 48 73
1286 18 73
1292 47 73
1294 15 73
1304 21 73
1306 46 83
1307 49 83
1316 31 73
1318 7 83
1326 23 83
1326 34 73
1326 63 83
1333 29 83
1336 54 83
1338 23 83
324 1022 96
331 432 94
331 1263 94
336 675 90
341 1126 86
346 677 100
348 911 94
349 696 94
349 1169 90
359 540 86
367 774 90
367 370 90
374 983 94
381 540 100
382 1285 86
382 823 90
386 901 94
388 407 94
407 506 90
418 792 86
429 780 90
438 687 104
449 1087 94
451 688 100
451 711 96
457 366 76
459 407 90
464 1092 94
464 486 94
468 585 86
473 501 86
488 1309 94
495 1187 94
499 1328 94
503 953 86
505 1276 86
532 726 94
555 1240 104
556 1211 94
564 1159 86
567 397 96
577 454 104
590 1277 104
594 1294 104
595 359 81
600 994 96
601 1027 90
623 573 94
623 830 94
625 1053 100
626 444 96
638 1112 90
647 576 94
664 978 104
667 1181 90
668 332 85
669 1339 86
673 321 80
678 774 94
688 338 90
689 1247 100
703 442 86
710 914 90
712 1313 94
713 372 80
724 1241 94
733 917 86
742 917 86
748 1332 94
758 1273 94
760 1077 94
766 739 96
776 744 86
776 1295 94
778 444 94
780 1134 94
794 755 96
806 350 86
811 1277 104
823 365 75
833 1060 85
841 479 71
845 440 81
849 1240 81
854 1269 75
858 870 81
859 1197 85
861 566 85
862 1022 85
863 1275 85
871 818 91
872 556 71
872 753 85
873 1117 95
877 723 75
878 861 81
880 1125 76
885 1059 80
888 763 85
890 534 90
894 1030 95
897 1070 86
902 827 94
916 691 94
918 828 104
923 1114 86
933 1031 86
933 366 100
940 1225 94
947 390 94
977 992 86
977 594 96
981 698 104
981 1158 104
982 1110 94
987 1290 86
990 899 86
992 739 104
1001 568 94
1008 1273 94
1014 345 90
1020 1182 86
1021 540 90
1026 1092 94
1032 953 104
1039 365 75
1048 1105 96
1048 1175 100
1049 327 76
1052 491 90
1059 1336 104
1059 738 86
1066 401 90
1068 823 104
1076 584 90
1084 1290 94
1087 940 96
1088 669 90
1092 1341 94
1097 685 90
1098 564 94
1111 372 80
1115 425 86
1116 338 90
1119 756 94
1124 377 81
1125 755 100
1126 380 96
1127 576 90
1135 1108 94
1140 338 90
1141 1127 90
1142 557 86
1144 585 90
1154 636 104
1169 899 94
1169 649 90
1175 774 86
1188 499 90
1196 452 94
1200 652 94
1202 1231 90
1207 1025 86
1219 975 90
1223 1327 94
1228 1069 94
1240 1203 100
1247 1039 86
1248 930 100
1248 1069 94
1254 505 94
1257 1001 90
1266 1208 86
1273 647 90
1273 1199 94
1278 594 94
1279 1333 100
1292 529 86
1297 563 90
1304 911 94
1318 556 94
1328 640 90
1339 738 96
1340 545 90
323 48 83
323 19 83
324 40 89
324 46 93
326 19 78
329 54 88
331 31 83
333 51 74
333 23 83
335 55 88
339 2 78
345 8 78
350 40 78
353 56 84
353 4 78
354 24 88
355 5 78
360 10 88
362 6 93
367 30 89
370 23 74
373 7 83
380 2 83
381 0 93
381 22 93
384 29 79
388 49 78
388 62 93
388 22 93
390 27 78
392 37 88
394 8 78
399 27 83
401 41 84
405 35 83
406 63 79
410 11 93
412 26 88
416 15 88
419 49 78
425 44 83
425 49 88
426 24 93
426 12 83
427 23 74
432 44 78
434 22 89
441 9 78
441 59 83
442 53 78
444 41 83
444 61 83
449 19 83
450 13 78
452 13 74
456 3 78
457 7 89
460 23 83
461 41 93
467 3 83
470 23 78
476 35 78
476 11 78
479 42 83
481 42 79
483 5 83
487 58 83
488 62 74
489 58 78
495 23 83
498 53 88
499 46 83
501 42 88
504 0 78
509 40 74
512 38 78
512 24 88
514 46 79
517 26 93
522 42 88
525 45 78
526 49 93
530 46 83
532 50 74
540 43 78
543 18 93
543 19 78
543 21 78
544 28 78
545 56 79
552 40 84
556 24 78
557 62 78
559 50 83
563 44 78
568 62 78
570 48 83
570 34 74
570 35 83
572 17 78
574 17 83
574 13 78
575 51 78
576 40 78
579 52 89
580 24 74
580 22 78
582 27 78
583 14 83
583 55 78
586 27 88
588 38 83
594 49 74
594 15 78
597 12 78
602 54 83
603 41 83
604 56 78
604 13 78
608 48 79
611 0 83
612 19 83
621 10 84
625 0 93
625 60 83
629 53 79
635 18 83
638 23 78
640 57 78
646 63 78
647 34 83
648 57 78
652 31 83
653 34 84
655 39 78
657 62 78
660 59 88
668 41 78
670 57 93
670 27 74
671 18 79
682 46 78
682 63 78
683 15 78
686 35 83
686 58 83
686 43 78
688 51 84
688 55 93
689 48 83
689 21 88
691 26 78
698 40 78
701 18 78
701 19 79
701 20 93
706 31 83
707 40 84
707 41 78
708 17 83
711 2 93
712 34 79
712 31 78
713 48 83
714 49 78
714 58 83
715 10 83
716 46 78
719 5 74
719 6 83
720 57 88
723 50 79
724 11 93
729 7 83
736 57 78
736 50 78
736 21 78
737 25 74
737 31 83
742 3 88
744 42 78
744 27 78
747 47 93
748 26 89
748 54 78
749 55 93
752 15 74
756 0 93
758 42 78
759 26 83
759 15 83
761 16 78
770 3 79
770 41 83
777 20 83
778 27 88
779 13 78
779 59 93
782 17 93
783 55 74
788 58 78
790 60 79
795 41 78
795 58 83
805 29 93
807 34 78
809 62 93
814 44 93
816 22 78
817 50 74
819 24 79
825 28 78
837 15 69
839 49 79
858 45 69
859 31 69
861 26 69
863 33 69
864 60 69
891 35 69
894 63 79
897 10 88
898 20 83
899 41 78
907 60 83
914 20 78
915 45 83
916 4 83
916 20 79
919 34 83
922 42 78
922 21 74
922 7 88
927 25 83
931 40 78
931 45 78
932 49 78
932 36 93
933 30 74
935 5 78
937 7 78
939 40 78
940 40 83
940 54 79
942 29 78
946 14 83
948 2 83
955 41 74
959 14 83
962 40 78
964 3 88
965 50 78
968 42 83
969 33 78
969 1 89
970 23 83
972 55 83
975 47 93
977 18 74
978 9 78
978 34 78
982 21 83
986 56 89
991 43 78
993 38 83
997 32 83
997 12 88
997 62 83
999 26 93
1000 36 79
1003 19 74
1004 7 93
1005 25 88
1008 42 78
1008 18 78
1010 60 78
1011 40 74
1011 4 78
1014 51 78
1016 29 83
1018 60 78
1018 38 78
1019 21 83
1021 41 83
1025 63 74
1027 2 89
1028 32 93
1032 1 83
1035 17 93
1035 19 88
1036 37 83
1037 27 78
1039 12 78
1039 49 79
1041 13 78
1044 41 74
1044 51 83
1044 61 78
1050 3 88
1052 22 78
1053 3 78
1056 7 83
1057 56 93
1057 33 83
1058 62 74
1063 24 79
1065 23 78
1068 2 78
1069 59 88
1069 60 83
1071 42 83
1071 29 83
1074 54 83
1076 54 89
1079 37 83
1083 42 83
1086 37 93
1088 13 83
1096 40 78
1101 17 84
1102 61 78
1103 2 78
1103 14 78
1103 30 89
1106 58 88
1106 51 83
1108 6 83
1110 7 74
1111 15 83
1112 50 78
1116 1 83
1120 26 88
1120 37 78
1123 62 79
1125 34 78
1127 21 83
1128 48 83
1129 10 74
1129 37 83
1133 63 78
1135 59 93
1138 25 79
1138 3 78
1150 60 83
1155 50 83
1162 5 93
1165 28 78
1168 23 83
1169 37 79
1169 21 88
1171 38 74
1171 47 83
1172 41 78
1173 40 88
1173 26 78
1179 24 78
1179 10 93
1179 62 83
1181 9 74
1182 58 78
1186 36 83
1186 14 78
1186 53 78
1188 42 79
1191 19 83
1193 10 78
1195 60 74
1199 12 83
1199 5 88
1200 10 83
1203 22 78
1204 51 78
1205 39 78
1205 46 93
1206 59 79
1207 19 83
1213 40 83
1214 59 93
1219 44 74
1220 13 93
1221 31 79
1226 47 88
1244 16 93
1244 8 78
1247 47 83
1248 19 78
1248 31 83
1251 44 88
1251 55 84
1252 59 78
1253 43 83
1253 38 78
1254 9 78
1255 49 88
1258 54 79
1267 16 83
1267 12 93
1274 43 93
1275 6 83
1279 8 84
1279 15 88
1280 35 78
1280 13 79
1281 12 78
1286 56 83
1288 1 78
1288 25 93
1291 32 83
1292 40 84
1294 25 78
1295 59 83
1295 63 83
1297 34 78
1297 62 78
1298 59 83
1299 16 78
1307 42 83
1308 3 83
1312 5 84
1312 12 78
1312 50 93
1315 21 78
1317 38 83
1318 42 78
1318 38 83
1322 25 88
1322 42 93
1322 8 93
1326 45 83
1328 13 84
1329 12 78
1330 58 78
1336 46 79
1338 50 78
1342 36 93
1342 15 83
380 879 94
432 381 81
504 895 82
585 874 82
595 861 94
598 894 94
612 380 95
834 556 96
841 520 76
845 324 67
851 886 81
856 659 82
863 1003 100
872 787 80
874 547 80
893 1322 86
893 989 82
894 594 90
907 847 94
937 373 81
990 374 81
1057 892 100
1200 335 86
1226 852 86
1232 373 85
1249 370 91
1292 853 100
1327 329 86
323 44 88
327 9 80
332 14 84
335 44 84
345 49 88
345 20 98
354 12 80
357 51 84
359 49 84
361 38 88
369 13 88
370 59 90
372 25 84
382 62 84
385 40 88
392 63 88
396 20 90
400 35 94
404 43 84
406 62 88
409 26 88
410 2 80
412 40 84
413 56 84
418 42 88
423 42 98
423 62 90
437 19 84
448 48 94
457 51 98
458 52 88
460 40 80
461 24 94
463 8 84
473 4 88
479 27 88
480 2 80
482 12 94
485 34 84
485 4 98
493 0 88
499 56 80
501 60 94
512 47 84
529 8 88
538 63 88
544 39 80
547 60 94
550 16 84
556 6 98
561 8 88
561 21 80
570 37 84
576 39 94
577 29 98
579 9 88
584 47 80
586 49 94
587 62 94
598 48 98
599 13 88
602 11 80
603 29 84
604 9 84
618 42 88
629 4 98
645 6 80
649 42 84
649 45 94
654 52 98
656 60 88
657 41 80
662 10 84
663 62 84
664 59 88
675 19 88
675 29 90
694 3 84
698 15 84
701 32 88
703 6 88
706 3 80
711 4 84
713 32 84
714 37 88
716 39 98
737 56 80
742 20 80
744 1 88
748 38 88
752 33 88
761 4 80
765 9 84
765 53 84
766 18 88
769 38 98
773 57 90
785 62 84
791 8 84
793 38 88
812 15 88
816 48 80
817 12 90
818 52 88
822 39 98
828 54 88
830 45 80
837 27 79
838 9 85
838 52 79
839 4 89
839 47 74
840 20 65
841 36 85
841 41 65
845 5 79
847 59 65
853 34 65
856 31 74
857 31 79
858 5 74
858 7 75
860 7 89
862 48 84
862 4 74
864 35 79
870 52 79
872 36 75
872 62 75
874 19 89
874 57 69
876 37 79
879 7 69
880 53 80
881 29 79
881 47 79
886 50 85
886 51 79
888 42 74
892 24 74
893 25 79
897 6 88
902 53 80
912 42 90
913 43 88
916 27 88
921 36 98
932 12 80
932 39 90
946 30 88
948 35 80
950 24 88
950 46 80
964 18 98
965 13 88
968 43 98
975 52 88
977 22 80
977 55 80
979 9 88
979 44 90
987 19 88
989 52 84
1000 53 88
1003 17 98
1010 22 88
1012 59 88
1012 45 90
1015 31 80
1018 42 98
1022 54 88
1026 43 90
1027 47 90
1041 61 88
1052 53 98
1053 26 88
1058 24 88
1060 63 80
1062 56 80
1065 25 98
1066 22 88
1074 43 88
1079 58 80
1082 1 90
1084 55 94
1086 4 88
1089 54 88
1092 45 94
1101 21 80
1106 61 84
1108 29 88
1118 52 88
1121 59 84
1123 50 80
1125 46 88
1126 19 88
1126 47 80
1134 21 90
1134 38 88
1136 30 98
1137 32 88
1137 61 98
1144 58 80
1169 60 90
1170 7 88
1173 36 88
1175 36 98
1179 51 90
1179 59 80
1184 50 98
1186 34 88
1188 62 88
1193 15 90
1195 7 90
1201 4 88
1205 23 88
1208 8 80
1213 35 90
1213 39 88
1223 24 88
1223 15 88
1226 7 88
1231 10 80
1234 24 80
1238 62 98
1241 49 88
1254 61 88
1262 35 90
1263 2 80
1268 4 88
1274 32 88
1275 58 98
1277 60 80
1278 47 80
1284 26 88
1285 8 88
1286 35 88
1287 3 80
1287 30 90
1294 49 88
1295 42 98
1303 61 80
1310 53 90
1312 25 88
1313 19 88
1328 8 88
1332 59 88
1336 27 90
840 1144 78
840 515 86
845 406 90
847 1280 86
847 779 92
851 962 88
851 581 100
854 633 90
876 516 90
834 48 76
836 33 86
837 10 84
838 0 94
839 45 94
840 53 70
849 56 84
849 46 66
850 55 74
852 2 79
852 11 81
852 45 79
853 35 74
853 20 79
853 63 79
854 7 75
857 44 86
864 5 80
864 55 84
866 43 94
866 34 84
872 56 84
874 18 74
876 2 66
895 7 76
854 366 77
841 43 90
841 28 72
851 42 94
873 40 82
874 13 80
