326 562 135
345 1069 139
353 837 143
354 972 143
359 644 143
362 808 143
367 1195 143
380 1342 143
383 584 147
383 634 147
404 917 147
406 790 147
408 1197 135
416 1330 139
419 919 143
422 954 143
422 447 143
432 620 143
435 580 143
437 1216 143
438 744 147
440 1294 147
442 1008 147
444 1279 147
446 1142 135
449 1284 139
454 1000 143
468 721 143
476 1038 143
480 659 143
482 1106 143
487 959 143
512 450 147
518 1097 147
524 874 147
529 927 147
542 946 135
544 394 139
546 794 143
546 435 143
561 498 143
561 687 143
566 1271 143
572 440 143
574 693 147
580 1180 147
586 987 147
591 698 147
592 1046 135
593 1106 139
594 1074 143
595 845 143
599 399 143
602 772 143
616 698 143
620 568 143
625 1083 147
668 409 147
677 1231 147
687 761 147
694 1091 135
703 534 139
703 917 143
729 752 139
730 1219 143
759 544 143
760 447 143
763 616 143
769 546 143
775 1160 147
779 1004 147
784 1340 147
784 429 135
787 691 139
802 1337 143
802 1182 143
807 998 143
810 703 143
817 457 143
818 464 143
828 529 147
901 1298 147
910 1307 147
912 503 147
915 552 135
920 623 139
922 561 143
923 835 143
933 664 143
944 558 143
947 1000 143
954 761 143
954 659 147
1031 418 147
1034 527 147
1039 1033 147
1039 592 135
1041 593 139
1044 990 143
1046 869 143
1048 654 143
1067 790 143
1070 444 143
1076 842 143
1089 1019 147
1094 678 147
1096 1264 147
1097 1077 147
1108 555 135
1118 392 139
1120 425 143
1123 774 143
1125 938 143
1127 1306 143
1134 558 143
1159 1278 143
1165 904 143
1176 1058 147
1184 1211 147
1195 1276 147
1202 1144 135
1207 1290 139
1214 700 139
1228 1296 139
1232 945 139
1234 447 143
1236 1270 143
1238 652 143
1258 670 143
1261 1322 143
1262 1228 143
1263 1191 147
1265 985 135
1291 412 139
1291 1278 139
1304 452 143
1329 586 143
463 377 139
712 769 139
713 898 143
836 596 139
838 520 143
866 1192 147
870 1247 147
880 1173 131
888 687 135
893 444 139
961 1112 135
965 893 135
981 870 143
989 410 143
1009 1292 143
1009 1302 147
1011 1065 147
1016 460 147
1170 1048 147
1248 1191 131
1248 977 139
1249 1126 139
1312 381 135
321 53 137
326 54 137
332 48 137
336 30 137
340 31 137
345 5 137
348 41 141
353 3 141
379 15 129
384 33 133
385 54 137
398 62 137
400 60 137
406 10 137
406 25 137
410 9 137
413 9 141
426 35 141
427 28 141
433 44 141
434 33 129
438 61 133
440 12 137
446 1 137
454 38 137
458 49 137
463 14 137
464 43 137
467 55 141
479 33 141
479 34 141
483 31 141
483 55 129
489 36 133
493 10 137
498 38 137
500 10 137
500 42 137
500 31 137
522 45 137
524 48 141
526 34 141
534 37 141
541 15 141
542 33 129
542 50 133
546 57 137
554 24 137
564 57 137
564 35 137
564 15 137
570 0 137
574 37 141
586 16 141
587 57 141
590 25 141
597 28 129
599 2 133
600 40 137
603 43 137
614 15 137
626 14 137
628 34 137
629 35 137
629 37 141
631 62 141
632 48 141
634 54 141
634 30 129
635 0 133
635 4 137
640 34 137
646 3 137
647 44 137
668 0 137
670 43 137
671 52 141
671 13 141
677 34 141
685 33 141
687 5 129
688 29 133
693 14 137
696 6 137
700 36 137
720 35 137
726 6 137
729 9 137
734 27 137
734 54 141
737 20 141
745 57 141
752 53 129
753 43 133
753 46 133
755 16 137
761 49 137
767 39 137
770 43 137
778 50 137
779 4 137
792 48 141
792 40 141
816 7 141
824 62 129
827 35 133
827 44 137
904 27 137
919 40 137
923 44 137
927 56 137
927 58 137
931 3 141
938 57 141
940 10 141
941 7 141
950 48 129
956 41 133
958 14 137
1028 42 137
1028 21 137
1029 54 137
1032 43 137
1034 29 137
1038 50 141
1044 18 141
1052 46 141
1052 23 141
1053 4 129
1057 27 133
1062 49 137
1062 60 137
1084 14 137
1114 44 137
1114 54 137
1115 40 137
1115 63 141
1116 29 141
1118 49 141
1118 40 141
1119 50 129
1128 33 133
1132 52 137
1136 26 137
1138 31 137
1139 1 137
1140 37 137
1142 19 137
1144 40 141
1150 24 141
1154 44 141
1155 46 141
1167 9 129
1177 14 133
1181 39 133
1186 7 137
1205 12 137
1205 17 137
1207 46 137
1208 24 137
1208 43 137
1216 45 137
1221 50 137
1225 59 141
1225 4 129
1240 49 133
1243 34 133
1243 45 133
1246 3 137
1256 26 137
1266 61 137
1270 41 137
1271 25 137
1280 14 137
1280 30 141
1285 52 141
1297 43 129
1298 9 133
1299 26 137
1307 12 137
1312 7 137
1319 19 137
1328 39 137
1329 13 137
1338 16 141
399 323 143
404 345 143
500 346 143
559 354 127
628 332 131
629 346 135
689 338 135
841 1177 135
847 879 135
854 1070 135
872 667 139
879 1091 147
911 338 143
968 1214 147
969 1202 147
970 522 127
1065 339 131
713 39 129
713 42 137
832 22 133
835 43 133
857 46 133
859 6 133
861 61 133
866 18 141
885 3 141
888 16 141
889 25 125
891 63 129
894 15 133
961 19 129
967 44 129
979 17 137
987 44 137
989 33 137
994 56 141
994 14 141
1000 19 141
1004 44 141
1005 20 125
1009 52 129
1020 62 137
1169 52 129
1170 20 137
978 359 135
847 13 129
874 51 133
968 63 137
970 40 141
970 50 141
971 18 141
972 7 121
321 1128 89
324 384 89
324 1134 79
330 800 83
337 1340 89
338 425 89
341 956 89
342 1193 89
344 1124 83
353 501 83
355 1191 93
361 585 79
369 907 83
369 1087 83
373 1111 83
374 1091 83
376 817 89
376 407 89
379 1093 83
380 1159 83
383 966 93
385 833 93
385 1114 93
392 419 89
393 413 89
393 1158 79
396 837 79
404 964 83
412 1266 89
420 997 83
432 1238 83
433 701 89
439 1035 89
439 1220 83
440 1327 83
440 1238 89
440 1277 89
441 806 89
441 577 89
444 948 79
454 438 93
455 832 93
458 637 89
460 835 89
461 1235 93
467 1298 83
470 878 83
472 752 79
473 394 83
473 1123 79
474 1058 83
480 579 83
482 931 89
494 1260 83
494 1021 89
496 887 89
500 1050 83
502 1154 83
512 678 89
512 1159 89
512 526 79
512 952 89
516 989 89
518 765 93
520 1253 93
520 1269 83
521 1263 83
522 806 89
522 622 93
525 421 83
526 656 83
526 538 89
526 579 89
542 859 79
544 554 89
544 836 79
544 1105 89
558 427 83
558 1246 89
565 496 89
568 1161 83
579 1076 83
585 504 83
586 899 79
588 952 89
592 802 89
597 1169 83
602 392 83
603 1160 83
613 838 93
628 1154 93
631 1262 83
633 915 83
637 941 83
640 1204 93
643 712 79
643 1027 79
646 889 83
647 968 89
647 396 89
653 683 89
655 863 89
667 1078 83
669 994 83
670 710 83
671 1235 83
672 529 89
684 749 79
685 561 83
686 694 83
694 498 83
698 944 83
700 886 89
701 1065 79
720 649 89
720 561 89
755 628 93
769 1028 83
770 1008 93
770 1247 79
771 894 83
772 1291 83
772 1222 89
773 1275 89
774 1124 89
776 446 83
779 545 83
783 887 83
783 1150 83
785 480 83
788 653 89
790 1122 79
795 1338 89
800 416 89
802 1216 83
805 1123 79
807 419 83
814 932 89
815 888 89
819 1171 89
824 790 83
824 470 83
826 649 89
828 473 79
830 644 89
830 502 89
856 986 79
856 990 79
857 1248 79
866 793 79
888 948 79
893 584 79
895 541 83
900 978 93
900 1203 93
901 1039 89
903 1178 89
911 452 79
911 1140 89
913 622 89
913 662 89
916 635 79
917 1231 89
918 603 89
927 698 93
929 840 83
930 1173 93
941 1285 79
942 970 83
945 573 89
950 1203 83
954 1106 89
954 407 89
955 1296 89
955 435 83
958 538 83
979 410 83
1004 1147 83
1014 1081 83
1020 1058 79
1025 496 79
1028 1062 79
1029 917 89
1030 1176 89
1030 938 83
1030 1228 89
1032 654 83
1035 558 89
1039 931 89
1041 601 83
1041 545 83
1049 779 89
1052 1225 89
1053 1128 79
1053 866 93
1057 1177 83
1068 412 93
1069 558 83
1074 1252 93
1080 1079 83
1081 1197 83
1083 1118 83
1087 1172 93
1088 1101 89
1088 1037 89
1089 1136 89
1092 791 89
1094 1257 79
1095 1182 79
1097 484 89
1098 684 89
1098 583 83
1099 1026 83
1099 1326 89
1112 1222 93
1119 525 89
1122 1029 89
1123 902 79
1123 1029 83
1126 1248 93
1127 1060 83
1133 1027 83
1134 599 83
1150 1216 83
1154 1010 89
1157 498 83
1158 1259 93
1162 677 79
1165 429 79
1167 468 89
1167 1247 89
1176 416 79
1180 1252 89
1182 804 83
1182 1134 89
1186 1184 83
1188 443 89
1188 1058 83
1194 688 89
1194 1021 89
1197 596 79
1200 1012 89
1204 591 89
1207 1277 83
1208 801 83
1210 1003 93
1213 1050 89
1226 649 89
1232 386 89
1240 1290 89
1283 1194 83
1288 834 79
1288 917 89
1292 739 83
1298 562 89
1306 632 83
1307 1120 89
1310 976 89
1310 869 93
1313 609 93
1322 724 79
1326 1319 93
1328 793 93
1330 1336 89
1332 766 89
1335 396 89
1342 778 89
432 381 85
612 380 85
715 938 85
719 1248 89
719 768 89
723 879 83
733 529 83
738 433 83
738 729 75
741 1251 83
758 894 83
760 825 83
761 421 83
833 1060 89
841 479 79
849 1240 83
854 1269 83
858 870 89
859 1197 89
861 566 93
862 1022 85
863 1275 85
871 818 85
872 556 79
872 753 79
877 723 79
888 763 89
894 1030 89
966 1075 93
970 1201 79
972 832 83
972 913 83
978 454 85
979 1001 85
993 579 89
996 1110 93
999 841 93
1000 401 89
1001 885 89
1005 1125 89
1012 994 93
1022 1068 93
1124 377 75
1169 1286 83
1171 425 85
1223 568 79
1223 761 79
1226 1338 79
1241 634 83
1246 948 83
1252 394 89
1252 455 89
1255 1186 93
1256 726 83
1261 1038 83
1263 1248 83
1264 1042 79
1268 1082 79
1274 933 89
1276 889 89
1276 1292 93
1276 885 89
1278 770 89
1279 656 89
323 48 83
323 19 83
324 40 87
324 46 87
326 10 73
331 31 83
333 24 77
333 23 83
336 59 77
338 11 77
341 14 77
345 56 77
346 48 73
346 13 77
355 57 77
362 24 77
362 6 83
364 7 73
367 30 83
373 7 87
380 2 83
381 0 83
381 22 83
384 24 77
384 29 83
386 48 77
388 62 87
388 22 87
397 7 73
399 27 83
405 0 77
405 35 83
406 24 77
406 63 87
407 42 77
410 11 87
411 11 77
412 36 73
421 52 77
422 20 77
425 44 83
426 24 83
426 12 83
426 61 73
427 45 77
434 43 77
434 22 83
435 22 77
438 54 77
439 41 77
441 59 87
444 41 87
444 61 83
444 46 73
449 19 83
457 7 83
460 23 83
461 41 87
467 3 87
479 42 87
481 42 87
481 61 77
483 5 87
487 58 87
492 38 73
495 23 83
499 46 83
505 53 73
514 46 83
517 26 83
521 27 77
524 39 77
525 61 77
526 49 83
530 1 77
530 46 83
543 18 83
544 42 73
545 56 83
546 58 77
554 29 77
559 50 87
563 56 77
565 35 77
565 38 77
570 48 87
570 35 87
573 37 77
574 17 83
579 52 83
583 14 83
586 22 73
588 9 73
588 38 83
595 14 77
602 54 83
603 41 83
604 51 77
608 48 83
609 4 77
611 0 83
612 19 83
612 21 73
625 0 87
625 60 87
626 47 77
629 53 83
629 27 77
631 40 77
632 17 77
635 18 87
647 34 87
647 30 73
652 31 83
653 32 77
653 8 73
657 35 77
660 31 77
663 47 77
667 10 77
670 57 83
670 28 77
671 18 83
686 35 87
686 58 83
687 1 73
688 20 77
688 55 83
689 48 83
698 29 77
701 19 87
701 20 87
706 31 83
708 17 87
711 2 87
723 50 87
724 11 83
729 7 83
737 31 83
747 47 83
748 26 83
749 55 87
756 0 87
759 26 87
759 15 83
770 3 87
770 41 87
770 26 77
772 14 73
777 20 83
778 32 77
779 11 73
779 59 83
782 17 83
790 60 83
791 49 77
795 32 77
795 58 83
800 51 77
802 44 77
805 29 83
806 12 73
809 62 83
814 44 87
817 23 77
819 24 87
826 37 77
828 15 77
837 15 73
839 49 77
858 45 77
859 31 73
861 26 73
863 33 73
864 60 73
891 35 73
894 63 73
898 20 83
898 38 73
903 3 77
907 60 83
908 53 77
911 28 77
913 23 77
915 45 83
916 4 83
916 20 83
917 4 73
919 34 83
919 59 73
921 57 77
925 14 77
927 25 83
927 55 77
930 24 77
932 36 83
933 56 73
937 59 77
940 40 83
940 54 83
944 30 77
945 40 77
946 14 83
948 2 87
950 0 77
954 26 77
959 14 87
962 48 77
965 42 73
966 38 73
967 1 73
967 54 73
1003 37 77
1009 17 77
1016 32 77
1018 33 77
1019 48 77
1019 11 77
1022 53 77
1025 10 77
1026 41 73
1027 2 83
1028 32 83
1031 50 73
1031 35 77
1032 1 83
1032 30 77
1032 63 77
1035 17 83
1035 18 77
1036 37 83
1039 49 87
1044 51 83
1047 45 73
1056 30 77
1056 7 83
1057 56 83
1057 33 87
1063 24 87
1069 60 83
1071 42 83
1071 29 87
1072 5 77
1074 0 77
1074 54 83
1076 54 83
1078 3 73
1079 37 83
1083 42 83
1086 37 83
1087 50 77
1088 13 87
1092 42 73
1102 32 77
1103 30 87
1106 51 87
1108 6 83
1111 15 83
1114 2 73
1116 1 83
1119 5 77
1122 44 77
1123 62 83
1124 36 77
1127 21 83
1128 48 87
1129 37 87
1133 52 77
1133 39 73
1135 59 83
1137 19 77
1138 25 83
1147 14 77
1147 15 77
1150 60 83
1154 43 73
1155 50 87
1159 20 73
1160 2 77
1161 7 77
1162 63 73
1162 5 83
1163 57 73
1179 10 83
1179 62 83
1182 26 77
1186 36 83
1188 42 83
1191 19 83
1191 44 77
1195 55 77
1196 10 77
1199 12 83
1200 10 83
1205 46 83
1205 63 73
1206 59 83
1207 19 83
1213 40 87
1214 59 87
1214 60 77
1220 13 83
1221 31 83
1244 16 83
1247 47 83
1258 54 83
1267 16 83
1267 12 83
1280 13 83
1286 56 83
1286 18 73
1288 25 87
1291 32 87
1292 47 73
1294 15 77
1295 59 87
1295 63 83
1298 59 83
1304 21 73
1306 46 77
1307 49 77
1307 42 83
1308 3 83
1312 50 83
1316 31 77
1317 38 83
1318 38 87
1318 7 77
1322 42 83
1322 8 83
1326 23 73
1326 34 77
1326 63 77
1326 45 83
1333 29 77
1336 54 77
1336 46 87
1338 23 73
1342 36 87
1342 15 87
329 1053 84
331 432 90
331 1263 90
336 675 94
340 629 84
341 1126 94
342 384 84
346 677 94
348 911 94
349 696 94
349 1169 98
359 540 90
364 500 84
365 1004 84
367 448 84
367 774 94
367 1000 84
367 370 94
380 879 98
381 540 94
382 1285 94
382 823 94
386 648 88
386 901 90
388 407 90
392 809 84
407 506 94
412 744 76
412 1049 84
418 1280 80
418 792 94
425 1129 88
427 793 88
429 780 94
438 687 98
440 1034 88
441 1018 84
442 1310 84
449 1087 94
451 688 94
451 835 84
451 711 98
452 581 84
454 809 88
457 366 88
459 579 88
459 902 88
459 407 90
460 621 76
464 1092 90
464 486 90
468 585 94
473 501 94
478 433 84
478 787 88
478 1118 88
487 1050 88
488 1021 88
488 1309 98
495 1187 94
496 660 84
499 1328 90
503 953 94
504 895 94
505 1276 90
509 491 84
509 734 76
516 711 84
532 726 98
554 1120 88
555 1240 90
555 714 84
555 1108 76
556 1211 86
558 992 84
564 1159 94
565 460 84
567 397 94
577 454 94
583 598 88
585 874 94
590 1277 90
591 1333 88
592 958 88
594 1294 90
595 861 90
595 359 85
597 810 84
598 894 94
599 788 84
600 1141 88
601 1027 98
601 927 88
613 958 88
622 600 88
622 737 80
623 573 86
623 830 90
625 1053 94
626 444 94
629 1082 84
638 1112 94
643 390 84
646 416 88
647 576 94
649 880 88
652 649 88
656 1283 88
667 1181 90
668 332 81
669 1339 90
670 619 84
673 321 84
673 959 88
678 538 88
678 774 94
688 338 98
689 1247 90
703 442 98
710 914 94
711 1179 84
723 778 76
723 1295 84
724 1241 86
733 917 90
742 917 94
744 1313 88
748 561 88
748 1332 94
752 986 88
758 1080 88
758 1273 94
760 880 84
760 1077 90
766 739 90
776 744 94
776 1295 94
777 1096 84
778 444 94
778 892 88
780 444 88
780 1134 94
794 755 98
794 1111 88
806 810 84
806 350 86
808 413 76
811 1277 90
815 1040 88
815 678 88
823 365 71
827 755 84
828 396 88
834 556 90
845 440 85
851 886 93
856 659 90
873 1117 89
878 861 89
880 1125 84
885 1059 84
890 534 84
893 1322 90
894 594 90
897 634 84
897 1070 94
902 827 94
904 784 88
907 847 94
916 691 94
918 828 94
923 1114 94
929 1047 84
932 494 76
933 1031 86
933 366 90
933 991 88
936 1150 88
937 373 85
938 854 88
940 1225 86
940 492 84
941 878 84
947 515 88
947 390 94
953 579 88
956 556 88
962 890 80
972 981 93
977 500 88
986 615 88
994 1021 80
996 1016 80
998 1106 80
1004 1136 84
1008 1134 84
1014 345 88
1026 1092 94
1032 953 94
1039 365 75
1048 1105 94
1048 474 88
1048 1175 90
1049 1213 88
1049 327 84
1052 491 90
1057 892 94
1059 1336 94
1059 738 94
1066 401 98
1068 823 98
1072 1129 84
1076 584 98
1078 1018 84
1083 463 80
1084 1138 88
1084 1290 90
1087 940 90
1088 669 94
1092 1341 94
1097 685 94
1098 564 94
1105 470 84
1110 1010 84
1111 372 88
1115 425 90
1116 338 94
1116 771 88
1119 756 90
1120 790 84
1124 832 84
1125 755 94
1126 380 94
1127 576 98
1128 531 84
1130 1135 88
1135 1108 98
1138 1317 88
1140 338 90
1140 829 88
1141 1127 90
1142 557 90
1144 585 94
1154 636 94
1154 1119 76
1159 1093 84
1161 411 84
1177 839 88
1188 499 94
1191 634 88
1196 452 94
1199 938 88
1200 652 90
1200 335 90
1202 1231 86
1205 1128 84
1205 500 84
1207 1025 94
1223 1327 94
1226 852 94
1228 1069 94
1232 373 81
1240 1203 90
1247 1039 94
1255 645 75
1266 1208 90
1276 526 79
1277 1235 83
1281 339 75
1286 1065 80
1292 529 90
1292 853 90
1295 472 88
1295 1118 88
1297 563 94
1304 911 98
1308 779 84
1313 480 84
1318 556 90
1322 920 84
1323 1136 88
1327 329 94
1328 640 94
1339 738 94
1340 545 94
1342 592 88
706 45 69
707 60 77
710 17 69
711 3 77
712 34 83
713 48 83
714 58 83
715 10 83
719 6 83
721 15 73
724 27 77
742 41 77
760 50 77
760 24 77
761 40 69
761 5 77
761 63 77
767 25 77
837 27 83
838 9 83
838 52 83
839 4 83
840 20 77
841 41 77
845 5 77
847 59 77
853 34 69
857 31 79
858 7 79
860 7 79
864 35 79
870 52 79
874 57 73
879 7 77
881 29 83
881 47 83
886 50 87
886 51 87
893 25 83
982 21 79
986 56 79
993 38 83
997 32 83
997 62 83
999 26 83
1000 36 83
1004 7 87
1016 29 87
1019 21 87
1021 41 87
1168 23 79
1169 2 73
1169 37 83
1170 4 77
1171 44 77
1171 47 83
1226 9 73
1228 44 73
1228 29 77
1236 40 77
1238 24 77
1238 44 77
1241 41 73
1243 50 73
1244 7 73
1248 31 83
1253 43 83
1256 25 77
1263 37 77
1265 2 77
1270 48 77
1274 43 83
1275 6 83
324 1022 98
374 983 94
412 1248 84
600 994 94
664 978 82
712 1313 86
713 372 84
716 1327 84
716 671 88
729 356 75
802 1229 88
815 1222 88
840 1144 98
840 515 90
841 520 80
845 324 71
845 406 94
847 1280 90
847 779 86
851 581 90
854 633 90
872 787 84
874 547 84
876 516 94
893 989 90
969 667 80
977 594 90
981 698 94
981 1158 94
982 1110 94
987 1290 94
990 899 94
990 374 81
992 739 94
1001 568 94
1008 1273 94
1020 1182 98
1021 540 90
1144 1255 84
1169 899 90
1169 649 94
1171 336 75
1175 774 94
1219 1186 80
1219 438 84
1219 975 86
1220 811 80
1225 461 88
1228 1018 88
1243 1176 80
1248 930 90
1248 1069 94
1249 370 81
1254 505 94
1257 1136 88
1258 601 88
1261 976 88
1262 351 75
1265 897 84
1273 647 86
1273 1199 94
1278 594 86
1279 1333 90
1286 1277 88
323 44 88
326 19 82
327 9 88
329 54 82
332 14 88
333 51 74
335 44 84
335 55 78
339 2 82
345 8 78
345 49 84
345 20 88
350 40 78
353 56 78
353 4 82
354 24 82
354 12 88
355 5 82
357 51 84
359 49 88
360 10 82
361 38 84
369 13 84
370 59 88
370 23 78
372 25 88
382 62 88
385 40 88
388 49 78
390 27 74
392 37 82
392 63 88
394 8 82
396 20 84
400 35 88
401 41 78
404 43 88
406 62 88
409 26 88
410 2 88
412 40 88
412 26 78
413 56 80
416 15 82
418 42 88
419 49 78
423 42 84
423 62 88
425 49 78
427 23 78
432 44 82
437 19 92
441 9 82
442 53 82
448 48 88
450 13 74
452 13 82
456 3 78
457 51 84
458 52 88
460 40 88
461 24 88
463 8 88
470 23 78
473 4 88
476 35 78
476 11 82
479 27 84
480 2 88
482 12 84
485 34 84
485 4 88
488 62 78
489 58 78
493 0 92
498 53 82
499 56 92
501 42 82
501 60 84
504 0 82
509 40 82
512 38 70
512 47 84
512 24 78
522 42 78
525 45 82
529 8 88
532 50 82
538 63 88
540 43 82
543 19 82
543 21 82
544 39 88
544 28 78
547 60 84
550 16 88
552 40 78
556 24 78
556 6 88
557 62 82
561 8 88
561 21 88
563 44 74
568 62 82
570 34 82
570 37 84
572 17 78
574 13 78
575 51 78
576 40 82
576 39 92
577 29 88
579 9 88
580 24 82
580 22 82
582 27 82
583 55 82
584 47 84
586 49 84
586 27 78
587 62 88
594 49 70
594 15 82
597 12 82
598 48 88
599 13 88
602 11 84
603 29 88
604 56 82
604 9 84
604 13 78
618 42 88
621 10 78
629 4 92
638 23 78
640 57 82
645 6 88
646 63 82
648 57 82
649 42 84
649 45 88
653 34 78
654 52 84
655 39 78
656 60 88
657 41 88
657 62 70
660 59 82
662 10 88
663 62 88
664 59 88
668 41 82
670 27 82
675 19 84
675 29 84
682 46 78
682 63 78
683 15 82
686 43 82
688 51 82
689 21 82
691 26 82
694 3 88
698 40 82
698 15 88
701 32 84
701 18 70
703 6 84
706 3 88
707 40 78
707 41 78
711 4 88
712 44 77
716 33 77
720 57 82
736 57 82
736 50 82
736 21 78
737 56 84
737 25 78
742 3 78
742 20 88
744 42 78
744 27 74
744 1 88
748 54 82
748 38 88
752 33 88
752 15 82
758 42 78
761 4 84
761 16 78
765 9 88
765 53 88
766 18 88
769 38 88
773 57 88
778 27 78
779 13 78
783 55 82
785 62 84
788 58 78
791 8 84
793 38 88
795 41 78
807 34 78
812 15 88
816 48 92
816 22 82
817 50 74
817 12 92
818 52 92
822 39 88
825 28 78
828 54 84
830 45 88
834 48 84
836 33 84
837 10 84
838 0 84
839 45 84
839 47 78
841 36 87
852 2 87
852 11 87
852 45 79
853 20 79
853 63 79
854 7 79
856 31 78
857 44 84
858 5 78
862 48 78
862 4 78
864 5 88
864 55 88
866 43 88
866 34 84
872 36 79
872 62 79
874 19 83
876 37 83
880 53 78
888 42 78
892 24 78
895 7 88
897 10 82
897 6 80
899 41 82
902 53 84
912 42 84
913 43 88
914 20 70
916 27 88
921 36 88
922 42 78
922 21 82
922 7 82
931 40 82
931 45 82
932 49 82
932 12 84
932 39 84
933 30 78
935 5 78
937 7 82
939 40 82
942 29 82
946 30 88
948 35 88
950 24 88
950 46 88
955 41 74
962 40 74
964 3 74
965 50 78
968 42 83
969 1 83
970 23 83
972 55 83
975 47 83
977 18 78
978 9 82
978 34 82
991 43 82
997 12 78
1003 19 78
1005 25 78
1008 42 74
1008 18 74
1010 60 82
1011 40 82
1011 4 82
1014 51 82
1018 60 82
1018 38 82
1025 63 82
1026 43 88
1027 47 88
1035 19 78
1037 27 78
1039 12 78
1041 61 84
1041 13 82
1044 41 74
1044 61 82
1050 3 82
1052 53 92
1052 22 82
1053 3 78
1053 26 88
1058 24 88
1058 62 78
1060 63 88
1062 56 84
1065 25 88
1065 23 82
1066 22 88
1068 2 82
1069 59 82
1074 43 92
1079 58 88
1082 1 88
1084 55 88
1086 4 84
1089 54 84
1092 45 88
1096 40 78
1101 17 78
1101 21 88
1102 61 82
1103 2 74
1103 14 82
1106 58 78
1106 61 88
1108 29 88
1110 7 78
1112 50 78
1118 52 84
1120 26 82
1120 37 82
1121 59 88
1123 50 88
1125 34 82
1125 46 92
1126 19 88
1126 47 88
1129 10 78
1133 63 78
1134 21 84
1134 38 88
1136 30 88
1137 32 88
1137 61 92
1138 3 78
1144 58 92
1165 28 82
1179 24 70
1179 51 88
1179 59 88
1181 9 78
1182 58 78
1184 50 88
1186 34 88
1186 14 78
1186 53 78
1188 62 88
1193 10 82
1193 15 92
1195 7 88
1195 60 78
1199 5 78
1201 4 80
1203 22 78
1204 51 82
1205 39 82
1205 23 88
1208 8 92
1213 35 92
1213 39 88
1223 24 92
1223 15 88
1226 7 88
1231 10 88
1234 24 80
1238 62 84
1241 49 84
1254 23 73
1262 35 84
1263 2 88
1268 4 92
1277 36 77
1279 48 77
1280 35 78
1281 12 78
1284 26 88
1285 8 88
1286 35 88
1287 3 88
1287 30 80
1288 1 82
1292 40 82
1294 49 88
1294 25 82
1295 42 92
1297 34 78
1297 62 78
1299 16 82
1303 61 88
1310 53 88
1312 5 82
1312 12 78
1312 25 88
1313 19 88
1315 21 74
1318 42 82
1322 25 82
1328 13 78
1328 8 88
1329 12 78
1330 58 82
1332 59 88
1336 27 88
1338 50 82
851 962 78
854 366 73
863 1003 86
977 992 90
1257 1001 90
712 31 74
713 32 88
714 49 78
714 37 88
716 39 88
716 46 78
719 5 82
840 53 78
841 43 84
841 28 84
849 56 74
849 46 78
850 55 74
851 42 84
853 35 78
872 56 78
873 40 84
874 13 84
874 18 78
876 2 78
964 18 76
965 13 88
969 33 78
977 22 88
977 55 80
979 9 84
979 44 88
987 19 88
989 52 88
1000 53 88
1003 17 92
1010 22 84
1012 59 88
1012 45 88
1015 31 88
1018 42 88
1022 54 84
1169 21 74
1169 60 88
1170 7 88
1171 38 78
1172 41 78
1173 40 82
1173 26 74
1173 36 88
1175 36 88
1219 44 78
1226 47 82
1244 8 74
1254 61 88
1274 32 84
1275 58 88
1277 60 88
1278 47 88
968 43 80
975 52 72
1248 19 82
1251 44 82
1251 55 82
1252 59 82
1253 38 70
1254 9 74
1255 49 82
1279 8 82
1279 15 74
1249 1241 88
