326 562 135
345 1069 139
353 837 139
354 972 143
359 644 143
362 808 143
367 1195 143
380 1342 143
383 584 147
383 634 147
404 917 147
406 790 135
408 1197 139
416 1330 139
419 919 143
422 954 143
422 447 143
432 620 143
435 580 143
437 1216 147
438 744 147
440 1294 147
442 1008 135
444 1279 139
446 1142 139
449 1284 143
454 1000 143
468 721 143
476 1038 143
480 659 143
482 1106 147
487 959 147
512 450 147
518 1097 135
524 874 139
529 927 139
542 946 143
544 394 143
546 794 143
546 435 143
561 498 143
561 687 147
566 1271 147
572 440 147
574 693 135
580 1180 139
586 987 139
591 698 143
592 1046 143
593 1106 143
594 1074 143
595 845 143
599 399 147
602 772 147
616 698 147
620 568 135
625 1083 139
668 409 139
677 1231 143
687 761 143
694 1091 143
703 534 143
703 917 143
712 769 147
713 898 147
729 752 147
730 1219 135
759 544 139
760 447 139
763 616 143
769 546 143
775 1160 143
779 1004 143
784 1340 143
784 429 147
787 691 147
802 1337 147
802 1182 135
807 998 139
810 703 139
817 457 143
818 464 143
828 529 143
901 1298 143
910 1307 143
912 503 147
915 552 147
920 623 147
922 561 135
923 835 139
933 664 139
944 558 143
947 1000 143
954 761 143
954 659 143
1031 418 143
1034 527 147
1039 1033 147
1039 592 147
1041 593 135
1044 990 139
1046 869 139
1048 654 143
1067 790 143
1070 444 143
1076 842 143
1089 1019 143
1094 678 147
1096 1264 147
1097 1077 147
1108 555 135
1118 392 139
1120 425 139
1123 774 143
1125 938 143
1127 1306 143
1134 558 143
1159 1278 143
1165 904 143
1176 1058 147
1184 1211 147
1195 1276 135
1202 1144 139
1207 1290 139
1214 700 139
1228 1296 139
1232 945 139
1234 447 143
1236 1270 143
1238 652 143
1258 670 143
1261 1322 143
1262 1228 135
1263 1191 139
1265 985 139
1291 412 139
1291 1278 139
1304 452 143
1329 586 143
463 377 139
836 596 139
838 520 139
866 1192 147
870 1247 131
880 1173 135
888 687 135
893 444 139
961 1112 135
965 893 135
981 870 143
989 410 143
1009 1292 143
1009 1302 147
1011 1065 147
1016 460 131
1170 1048 135
1248 1191 135
1248 977 139
1249 1126 139
1312 381 139
321 53 137
326 54 137
332 48 137
336 30 137
340 31 137
345 5 129
348 41 133
353 3 133
379 15 137
384 33 137
385 54 137
398 62 137
400 60 137
406 10 141
406 25 141
410 9 141
413 9 129
426 35 133
427 28 133
433 44 137
434 33 137
438 61 137
440 12 137
446 1 137
454 38 141
458 49 141
463 14 141
464 43 129
467 55 133
479 33 133
479 34 137
483 31 137
483 55 137
489 36 137
493 10 137
498 38 141
500 10 141
500 42 141
500 31 129
522 45 133
524 48 133
526 34 137
534 37 137
541 15 137
542 33 137
542 50 137
546 57 141
554 24 141
564 57 141
564 35 129
564 15 133
570 0 133
574 37 137
586 16 137
587 57 137
590 25 137
597 28 137
599 2 141
600 40 141
603 43 141
614 15 129
626 14 133
628 34 133
629 35 137
629 37 137
631 62 137
632 48 137
634 54 137
634 30 141
635 0 141
635 4 141
640 34 129
646 3 133
647 44 133
668 0 137
670 43 137
671 52 137
671 13 137
677 34 137
685 33 141
687 5 141
688 29 141
693 14 129
696 6 133
700 36 133
713 39 137
713 42 137
720 35 137
726 6 137
729 9 137
734 27 141
734 54 141
737 20 141
745 57 129
752 53 133
753 43 133
753 46 137
755 16 137
761 49 137
767 39 137
770 43 137
778 50 141
779 4 141
792 48 141
792 40 129
816 7 133
824 62 133
827 35 137
827 44 137
904 27 137
919 40 137
923 44 137
927 56 141
927 58 141
931 3 141
938 57 129
940 10 133
941 7 133
950 48 137
956 41 137
958 14 137
1028 42 137
1028 21 137
1029 54 141
1032 43 141
1034 29 141
1038 50 129
1044 18 133
1052 46 133
1052 23 137
1053 4 137
1057 27 137
1062 49 137
1062 60 137
1084 14 141
1114 44 141
1114 54 141
1115 40 129
1115 63 133
1116 29 133
1118 49 137
1118 40 137
1119 50 137
1128 33 137
1132 52 137
1136 26 141
1138 31 141
1139 1 141
1140 37 129
1142 19 133
1144 40 133
1150 24 137
1154 44 133
1155 46 137
1167 9 137
1177 14 137
1181 39 137
1186 7 141
1205 12 141
1205 17 129
1207 46 133
1208 24 133
1208 43 133
1216 45 133
1221 50 133
1225 59 137
1225 4 137
1240 49 137
1243 34 137
1243 45 137
1246 3 129
1256 26 133
1266 61 133
1270 41 133
1271 25 133
1280 14 137
1280 30 137
1285 52 137
1297 43 137
1298 9 137
1299 26 141
1307 12 129
1312 7 133
1319 19 133
1328 39 137
1329 13 137
1338 16 137
399 323 139
404 345 139
500 346 143
559 354 143
628 332 143
629 346 127
689 338 131
841 1177 131
847 879 135
854 1070 135
872 667 139
879 1091 139
911 338 135
968 1214 147
969 1202 147
970 522 147
1065 339 127
832 22 129
835 43 129
857 46 133
859 6 133
861 61 133
866 18 133
885 3 133
888 16 137
889 25 141
891 63 141
894 15 125
961 19 129
967 44 129
979 17 137
987 44 137
989 33 137
994 56 137
994 14 137
1000 19 141
1004 44 141
1005 20 141
1009 52 125
1020 62 129
1169 52 129
1170 20 137
978 359 135
847 13 129
874 51 133
968 63 137
970 40 137
970 50 141
971 18 141
972 7 121
321 1128 89
324 384 89
324 1134 79
330 800 79
337 1340 89
338 425 89
341 956 89
342 1193 89
344 1124 79
353 501 83
355 1191 89
361 585 79
369 907 83
369 1087 83
373 1111 83
374 1091 83
376 817 89
376 407 93
379 1093 83
380 1159 79
383 966 93
385 833 89
385 1114 89
392 419 89
393 413 89
393 1158 79
396 837 79
404 964 79
412 1266 89
420 997 83
432 1238 83
433 701 89
439 1035 89
439 1220 79
440 1327 83
440 1238 89
440 1277 89
441 806 93
441 577 93
444 948 83
454 438 89
455 832 93
458 637 93
460 835 89
461 1235 89
467 1298 79
470 878 83
472 752 79
473 394 79
473 1123 83
474 1058 83
480 579 83
482 931 89
494 1260 83
494 1021 89
496 887 89
500 1050 79
502 1154 83
512 678 89
512 1159 93
512 526 83
512 952 93
516 989 89
518 765 93
520 1253 93
520 1269 79
521 1263 83
522 806 89
522 622 89
525 421 79
526 656 79
526 538 89
526 579 89
542 859 83
544 554 89
544 836 83
544 1105 89
558 427 79
558 1246 89
565 496 93
568 1161 83
579 1076 83
585 504 83
586 899 83
588 952 89
592 802 93
597 1169 83
602 392 79
603 1160 79
613 838 89
628 1154 89
631 1262 79
633 915 83
637 941 83
640 1204 89
643 712 83
643 1027 83
646 889 83
647 968 89
647 396 89
653 683 89
655 863 93
667 1078 79
669 994 83
670 710 83
671 1235 83
672 529 93
684 749 79
685 561 79
686 694 79
694 498 79
698 944 83
700 886 89
701 1065 83
715 938 89
719 1248 89
719 768 89
720 649 89
720 561 89
723 879 83
733 529 79
738 433 83
738 729 83
741 1251 83
755 628 89
758 894 79
760 825 79
761 421 83
769 1028 83
770 1008 89
770 1247 83
771 894 79
772 1291 83
772 1222 89
773 1275 89
774 1124 89
776 446 83
779 545 83
783 887 83
783 1150 83
785 480 79
788 653 93
790 1122 79
795 1338 89
800 416 89
802 1216 79
805 1123 79
807 419 83
814 932 89
815 888 89
819 1171 89
824 790 83
824 470 83
826 649 89
828 473 79
830 644 89
830 502 89
856 986 79
856 990 79
857 1248 79
866 793 79
888 948 79
893 584 79
895 541 83
900 978 89
900 1203 89
901 1039 93
903 1178 89
911 452 79
911 1140 89
913 622 89
913 662 89
916 635 83
917 1231 93
918 603 93
927 698 89
929 840 79
930 1173 89
941 1285 83
942 970 83
945 573 93
950 1203 83
954 1106 93
954 407 93
955 1296 93
955 435 83
958 538 79
979 410 79
1004 1147 79
1014 1081 79
1020 1058 79
1025 496 83
1028 1062 83
1029 917 89
1030 1176 89
1030 938 83
1030 1228 89
1032 654 79
1035 558 89
1039 931 89
1041 601 83
1041 545 83
1049 779 89
1052 1225 89
1053 1128 79
1053 866 93
1057 1177 79
1068 412 93
1069 558 79
1074 1252 89
1080 1079 79
1081 1197 83
1083 1118 83
1087 1172 89
1088 1101 89
1088 1037 89
1089 1136 89
1092 791 89
1094 1257 83
1095 1182 79
1097 484 89
1098 684 89
1098 583 83
1099 1026 83
1099 1326 89
1112 1222 89
1119 525 93
1122 1029 93
1123 902 83
1123 1029 79
1126 1248 89
1127 1060 79
1133 1027 79
1134 599 79
1150 1216 83
1154 1010 89
1158 1259 89
1167 468 89
1167 1247 89
1180 1252 89
1182 1134 89
1188 443 89
1194 688 89
1194 1021 89
1200 1012 89
1204 591 89
1210 1003 89
1213 1050 89
1226 649 89
1232 386 89
1240 1290 89
1283 1194 83
1288 834 79
1288 917 89
1292 739 83
1298 562 89
1306 632 83
1307 1120 93
1310 976 93
1310 869 93
1313 609 89
1322 724 83
1326 1319 93
1328 793 89
1330 1336 89
1332 766 89
1335 396 89
1342 778 89
331 432 90
331 1263 94
336 675 94
341 1126 94
346 677 94
348 911 94
349 696 94
349 1169 94
359 540 94
367 774 94
367 370 90
380 879 90
381 540 94
382 1285 94
382 823 94
386 901 94
388 407 98
407 506 94
418 792 94
429 780 94
432 381 85
438 687 94
449 1087 90
451 688 90
451 711 94
459 407 94
464 1092 94
464 486 94
468 585 94
473 501 94
488 1309 94
495 1187 94
499 1328 94
503 953 90
504 895 90
505 1276 90
532 726 94
555 1240 94
556 1211 94
564 1159 90
567 397 94
577 454 94
585 874 94
590 1277 90
594 1294 90
595 861 94
598 894 94
601 1027 94
612 380 89
623 573 94
623 830 90
625 1053 94
626 444 94
638 1112 94
647 576 94
667 1181 94
669 1339 90
678 774 94
688 338 94
689 1247 94
703 442 94
710 914 90
712 1313 94
724 1241 90
733 917 94
742 917 94
748 1332 94
758 1273 90
760 1077 94
766 739 94
776 744 94
776 1295 94
778 444 90
780 1134 94
794 755 94
806 350 94
811 1277 90
833 1060 85
834 556 90
841 479 79
849 1240 79
854 1269 79
856 659 90
858 870 89
859 1197 85
861 566 85
862 1022 85
863 1275 85
871 818 85
872 556 79
872 753 79
877 723 83
888 763 89
893 1322 90
894 594 90
894 1030 89
897 1070 90
902 827 90
907 847 94
916 691 94
918 828 94
923 1114 94
933 1031 98
933 366 98
947 390 94
966 1075 85
970 1201 75
972 832 79
972 913 83
978 454 93
979 1001 93
993 579 93
996 1110 89
999 841 89
1000 401 93
1001 885 93
1005 1125 85
1012 994 85
1022 1068 89
1026 1092 94
1032 953 94
1048 1105 94
1048 1175 94
1052 491 94
1057 892 98
1059 1336 98
1059 738 98
1066 401 94
1068 823 94
1076 584 90
1084 1290 90
1087 940 94
1088 669 94
1092 1341 94
1097 685 94
1098 564 98
1115 425 98
1116 338 98
1119 756 94
1124 377 75
1125 755 94
1126 380 90
1127 576 90
1135 1108 94
1140 338 94
1141 1127 94
1142 557 94
1144 585 98
1154 636 98
1157 498 75
1162 677 83
1165 429 79
1171 425 89
1176 416 79
1182 804 83
1186 1184 83
1188 499 94
1188 1058 83
1196 452 94
1197 596 83
1200 652 94
1200 335 90
1207 1025 90
1207 1277 83
1208 801 83
1223 568 79
1223 761 79
1223 1327 90
1226 852 94
1226 1338 83
1228 1069 94
1240 1203 90
1241 634 75
1246 948 79
1247 1039 94
1252 394 89
1252 455 89
1255 1186 89
1256 726 83
1261 1038 83
1263 1248 83
1264 1042 83
1266 1208 94
1268 1082 79
1274 933 85
1276 889 89
1276 1292 89
1276 885 89
1278 770 89
1279 656 89
1292 529 94
1292 853 94
1297 563 94
1304 911 90
1318 556 90
1327 329 94
1328 640 94
1339 738 94
1340 545 94
323 48 83
323 19 83
324 40 87
324 46 87
326 10 77
331 31 83
333 24 73
333 23 83
336 59 77
338 11 77
341 14 73
345 56 73
346 48 77
346 13 77
355 57 77
362 24 77
362 6 83
364 7 73
367 30 83
373 7 87
380 2 87
381 0 87
381 22 83
384 24 77
384 29 83
386 48 77
388 62 87
388 22 83
397 7 73
399 27 83
405 0 77
405 35 83
406 24 73
406 63 83
407 42 73
410 11 83
411 11 77
412 36 77
421 52 73
422 20 77
425 44 83
426 24 83
426 12 87
426 61 77
427 45 77
434 43 77
434 22 83
435 22 77
438 54 77
439 41 73
441 59 83
444 41 83
444 61 83
444 46 73
449 19 83
457 7 83
460 23 83
461 41 83
467 3 87
479 42 87
481 42 83
481 61 73
483 5 83
487 58 83
492 38 73
495 23 83
499 46 83
505 53 77
514 46 83
517 26 83
521 27 77
524 39 73
525 61 77
526 49 83
530 1 77
530 46 83
543 18 83
544 42 77
545 56 87
546 58 77
554 29 73
559 50 87
563 56 73
565 35 73
565 38 73
570 48 83
570 35 83
573 37 77
574 17 83
579 52 83
583 14 83
586 22 77
588 9 77
588 38 83
595 14 73
602 54 83
603 41 83
604 51 77
608 48 87
609 4 77
611 0 87
612 19 87
612 21 77
625 0 87
625 60 83
626 47 73
629 53 83
629 27 73
631 40 73
632 17 77
635 18 83
647 34 83
647 30 77
652 31 83
653 32 77
653 8 73
657 35 77
660 31 77
663 47 77
667 10 77
670 57 83
670 28 73
671 18 83
686 35 83
686 58 87
687 1 73
688 20 73
688 55 83
689 48 83
698 29 73
701 19 83
701 20 83
706 45 77
706 31 83
707 60 77
708 17 83
710 17 77
711 2 83
711 3 73
712 34 83
712 44 77
713 48 83
714 58 83
715 10 87
716 33 77
719 6 87
721 15 77
723 50 87
724 27 73
724 11 83
729 7 83
737 31 83
742 41 73
747 47 83
748 26 83
749 55 83
756 0 83
759 26 87
759 15 87
760 50 73
760 24 73
761 40 77
761 5 77
761 63 77
767 25 77
770 3 83
770 41 83
770 26 77
772 14 77
777 20 83
778 32 73
779 11 73
779 59 83
782 17 83
790 60 83
791 49 73
795 32 77
795 58 83
800 51 77
802 44 77
805 29 83
806 12 73
809 62 83
814 44 83
817 23 77
819 24 83
826 37 77
828 15 77
837 15 73
839 49 73
858 45 73
859 31 73
861 26 73
863 33 73
864 60 73
891 35 73
894 63 73
898 20 83
898 38 73
903 3 77
907 60 83
908 53 77
911 28 77
913 23 73
915 45 83
916 4 83
916 20 83
917 4 73
919 34 83
919 59 73
921 57 77
925 14 77
927 25 83
927 55 77
930 24 73
932 36 83
933 56 77
937 59 77
940 40 83
940 54 83
944 30 77
945 40 77
946 14 83
948 2 87
950 0 73
954 26 73
959 14 83
962 48 73
965 42 73
966 38 73
967 1 73
967 54 77
1003 37 77
1009 17 77
1016 32 77
1018 33 77
1019 48 73
1019 11 73
1022 53 73
1025 10 73
1026 41 77
1027 2 83
1028 32 83
1031 50 77
1031 35 77
1032 1 83
1032 30 77
1032 63 73
1035 17 83
1035 18 77
1036 37 83
1039 49 83
1044 51 83
1047 45 77
1056 30 73
1056 7 87
1057 56 87
1057 33 87
1063 24 83
1069 60 83
1071 42 83
1071 29 83
1072 5 73
1074 0 73
1074 54 83
1076 54 83
1078 3 73
1079 37 83
1083 42 83
1086 37 83
1087 50 73
1088 13 83
1092 42 77
1102 32 77
1103 30 87
1106 51 83
1108 6 83
1111 15 83
1114 2 77
1116 1 87
1119 5 73
1122 44 77
1123 62 83
1124 36 77
1127 21 83
1128 48 83
1129 37 83
1133 52 73
1133 39 73
1135 59 87
1137 19 77
1138 25 83
1147 14 73
1147 15 77
1150 60 83
1155 50 83
1162 5 83
1179 10 83
1179 62 83
1186 36 83
1188 42 87
1191 19 87
1199 12 83
1200 10 83
1205 46 83
1206 59 87
1207 19 83
1213 40 83
1214 59 83
1220 13 83
1221 31 83
1244 16 83
1247 47 83
1258 54 83
1267 16 83
1267 12 83
1280 13 83
1286 56 83
1286 18 73
1288 25 83
1291 32 83
1292 47 77
1294 15 77
1295 59 83
1295 63 83
1298 59 83
1304 21 73
1306 46 77
1307 49 77
1307 42 83
1308 3 83
1312 50 87
1316 31 73
1317 38 87
1318 38 87
1318 7 73
1322 42 83
1322 8 83
1326 23 73
1326 34 73
1326 63 77
1326 45 83
1333 29 77
1336 54 77
1336 46 83
1338 23 77
1342 36 83
1342 15 83
329 1053 84
340 629 84
342 384 88
364 500 80
365 1004 84
367 448 84
367 1000 84
374 983 90
386 648 88
392 809 84
412 744 84
412 1049 84
418 1280 84
425 1129 88
427 793 88
440 1034 80
441 1018 84
442 1310 84
451 835 88
452 581 88
454 809 84
457 366 84
459 579 84
459 902 84
460 621 88
478 433 88
478 787 80
478 1118 84
487 1050 84
488 1021 88
496 660 88
509 491 84
509 734 84
516 711 84
554 1120 84
555 714 88
555 1108 88
558 992 80
565 460 84
583 598 84
591 1333 88
592 958 88
595 359 85
597 810 84
599 788 84
600 994 90
600 1141 84
601 927 88
613 958 88
622 600 88
622 737 80
629 1082 84
643 390 84
646 416 84
649 880 84
652 649 84
656 1283 84
664 978 90
668 332 89
670 619 88
673 321 88
673 959 88
678 538 88
711 1179 80
713 372 80
716 1327 80
716 671 84
723 778 84
723 1295 88
729 356 75
744 1313 88
748 561 88
752 986 88
758 1080 88
760 880 80
777 1096 80
778 892 80
780 444 84
794 1111 84
806 810 88
808 413 88
815 1040 88
815 678 88
823 365 71
827 755 88
828 396 84
840 1144 86
840 515 86
845 440 81
845 406 90
847 1280 90
847 779 90
851 886 89
851 581 90
854 633 98
873 1117 93
876 516 98
878 861 81
880 1125 80
885 1059 80
890 534 84
893 989 86
897 634 84
904 784 84
929 1047 84
932 494 84
933 991 88
936 1150 88
937 373 81
938 854 84
940 1225 86
940 492 76
941 878 80
947 515 84
953 579 88
956 556 88
962 890 88
972 981 89
977 594 94
977 500 80
981 698 90
981 1158 94
982 1110 98
986 615 84
987 1290 98
990 899 94
992 739 94
994 1021 84
996 1016 88
998 1106 88
1001 568 86
1004 1136 76
1008 1273 86
1008 1134 80
1014 345 84
1020 1182 94
1021 540 94
1039 365 75
1048 474 88
1049 1213 84
1049 327 88
1072 1129 84
1078 1018 84
1083 463 84
1084 1138 84
1105 470 80
1110 1010 84
1111 372 84
1116 771 88
1120 790 88
1124 832 88
1128 531 88
1130 1135 84
1138 1317 84
1140 829 84
1154 1119 84
1159 1093 76
1161 411 84
1169 899 94
1169 1286 83
1169 649 94
1175 774 94
1177 839 88
1191 634 84
1199 938 84
1202 1231 86
1205 1128 84
1205 500 84
1219 975 90
1232 373 85
1248 930 94
1248 1069 94
1254 505 94
1255 645 83
1273 647 86
1273 1199 90
1276 526 79
1277 1235 83
1278 594 90
1279 1333 90
1281 339 75
1286 1065 84
1295 472 84
1295 1118 88
1308 779 88
1313 480 84
1322 920 84
1323 1136 84
1342 592 84
323 44 88
327 9 88
332 14 88
335 44 88
345 49 88
345 20 88
354 12 92
357 51 88
359 49 88
361 38 84
369 13 84
370 59 88
372 25 88
382 62 88
385 40 88
392 63 92
396 20 92
400 35 92
404 43 88
406 62 88
409 26 84
410 2 84
412 40 88
413 56 88
418 42 88
423 42 88
423 62 92
437 19 92
448 48 92
457 51 88
458 52 88
460 40 84
461 24 84
463 8 88
473 4 88
479 27 88
480 2 88
482 12 92
485 34 92
485 4 92
493 0 88
499 56 88
501 60 84
512 47 84
529 8 88
538 63 88
544 39 88
547 60 88
550 16 92
556 6 92
561 8 92
561 21 88
570 37 88
576 39 84
577 29 84
579 9 88
584 47 88
586 49 88
587 62 88
598 48 92
599 13 92
602 11 92
603 29 88
604 9 88
618 42 84
629 4 84
645 6 88
649 42 88
649 45 88
654 52 88
656 60 92
657 41 92
662 10 92
663 62 88
664 59 88
675 19 84
675 29 84
694 3 88
698 15 88
701 32 88
703 6 88
706 3 92
711 4 92
713 32 92
714 37 88
716 39 88
737 56 84
742 20 84
744 1 88
748 38 88
752 33 88
761 4 88
765 9 92
765 53 92
766 18 92
769 38 88
773 57 88
785 62 84
791 8 84
793 38 88
812 15 88
816 48 88
817 12 88
818 52 92
822 39 92
828 54 92
830 45 88
834 48 84
836 33 84
837 10 84
837 27 83
838 0 84
838 9 83
838 52 83
839 4 87
839 45 88
840 20 77
841 41 69
845 5 69
847 59 69
853 34 69
857 44 84
857 31 79
858 7 83
860 7 83
864 35 87
864 5 88
864 55 92
866 43 84
866 34 88
870 52 79
874 57 73
879 7 73
881 29 79
881 47 83
886 50 83
886 51 87
893 25 87
895 7 92
897 6 88
902 53 84
912 42 84
913 43 88
916 27 88
921 36 88
932 12 88
932 39 88
946 30 92
948 35 92
950 24 92
950 46 88
982 21 79
986 56 87
993 38 87
997 32 83
997 62 83
999 26 83
1000 36 83
1004 7 87
1016 29 87
1019 21 87
1021 41 79
1026 43 84
1027 47 88
1041 61 88
1052 53 88
1053 26 88
1058 24 88
1060 63 88
1062 56 92
1065 25 92
1066 22 92
1074 43 88
1079 58 84
1082 1 88
1084 55 88
1086 4 88
1089 54 88
1092 45 88
1101 21 88
1106 61 92
1108 29 92
1118 52 92
1121 59 88
1123 50 84
1125 46 88
1126 19 88
1126 47 88
1134 21 88
1134 38 88
1136 30 88
1137 32 92
1137 61 92
1144 58 92
1154 43 69
1159 20 77
1160 2 77
1161 7 77
1162 63 77
1163 57 77
1168 23 83
1169 37 83
1171 47 87
1179 51 92
1179 59 88
1182 26 69
1184 50 84
1186 34 84
1188 62 88
1191 44 73
1193 15 88
1195 7 88
1195 55 73
1196 10 77
1201 4 88
1205 23 88
1205 63 69
1208 8 88
1213 35 88
1213 39 88
1214 60 77
1223 24 84
1223 15 84
1226 7 88
1226 9 77
1228 44 77
1228 29 77
1231 10 84
1234 24 84
1236 40 73
1238 24 77
1238 44 77
1238 62 84
1241 41 77
1241 49 88
1243 50 77
1244 7 77
1248 31 87
1253 43 79
1256 25 73
1262 35 88
1263 2 88
1263 37 73
1265 2 77
1268 4 88
1270 48 77
1274 43 83
1275 6 83
1284 26 88
1285 8 84
1286 35 84
1287 3 88
1287 30 88
1294 49 88
1295 42 88
1303 61 92
1310 53 88
1312 25 92
1313 19 92
1328 8 92
1332 59 84
1336 27 84
324 1022 86
412 1248 84
802 1229 84
815 1222 88
841 520 72
845 324 67
851 962 82
863 1003 86
872 787 84
874 547 80
969 667 76
977 992 82
990 374 85
1144 1255 84
1219 1186 72
1219 438 88
1220 811 88
1225 461 88
1228 1018 88
1243 1176 80
1249 370 77
1257 1136 76
1257 1001 94
1258 601 84
1261 976 84
1262 351 71
1265 897 88
1286 1277 88
326 19 82
329 54 82
333 51 82
335 55 78
339 2 70
345 8 78
350 40 78
353 56 78
353 4 78
354 24 82
355 5 82
360 10 82
370 23 82
388 49 82
390 27 78
392 37 70
394 8 78
401 41 78
412 26 78
416 15 78
419 49 82
425 49 82
427 23 82
432 44 82
441 9 82
442 53 78
450 13 70
452 13 78
456 3 78
470 23 78
476 35 78
476 11 82
488 62 82
489 58 82
498 53 82
501 42 82
504 0 78
509 40 70
512 38 78
512 24 78
522 42 78
525 45 78
532 50 82
540 43 82
543 19 82
543 21 82
544 28 82
552 40 78
556 24 70
557 62 78
563 44 78
568 62 78
570 34 78
572 17 82
574 13 82
575 51 82
576 40 82
580 24 82
580 22 78
582 27 70
583 55 78
586 27 78
594 49 78
594 15 78
597 12 82
604 56 82
604 13 82
621 10 82
638 23 82
640 57 78
646 63 70
648 57 78
653 34 78
655 39 78
657 62 78
660 59 82
668 41 82
670 27 82
682 46 82
682 63 82
683 15 78
686 43 70
688 51 78
689 21 78
691 26 78
698 40 78
701 18 82
707 40 82
707 41 82
712 31 82
714 49 82
716 46 78
719 5 70
720 57 78
736 57 78
736 50 78
736 21 78
737 25 82
742 3 82
744 42 82
744 27 82
748 54 82
752 15 78
758 42 70
761 16 78
778 27 78
779 13 78
783 55 78
788 58 82
795 41 82
807 34 82
816 22 82
817 50 82
825 28 78
839 47 70
841 36 75
841 43 80
841 28 80
851 42 80
852 2 79
852 11 83
852 45 83
853 20 87
853 63 87
854 7 75
856 31 74
858 5 74
862 48 78
862 4 78
872 36 79
872 62 83
873 40 84
874 13 88
874 19 87
876 37 87
880 53 78
888 42 78
892 24 78
897 10 78
899 41 78
914 20 78
922 42 70
922 21 78
922 7 78
931 40 82
931 45 82
932 49 78
933 30 78
935 5 78
937 7 78
939 40 82
942 29 82
955 41 74
962 40 78
964 18 88
964 3 78
965 50 82
965 13 80
968 42 75
969 1 83
970 23 83
972 55 83
975 47 83
977 18 78
977 22 88
977 55 88
978 9 78
978 34 82
979 9 80
979 44 80
987 19 88
989 52 88
991 43 78
997 12 78
1000 53 88
1003 17 92
1003 19 82
1005 25 82
1008 42 74
1008 18 74
1010 60 74
1010 22 88
1011 40 78
1011 4 78
1012 59 88
1012 45 88
1014 51 82
1015 31 88
1018 42 88
1018 60 82
1018 38 74
1022 54 80
1025 63 78
1035 19 78
1037 27 82
1039 12 74
1041 13 78
1044 41 78
1044 61 82
1050 3 82
1052 22 82
1053 3 78
1058 62 78
1065 23 78
1068 2 78
1069 59 82
1096 40 74
1101 17 78
1102 61 78
1103 2 82
1103 14 82
1106 58 82
1110 7 78
1112 50 78
1120 26 78
1120 37 78
1125 34 82
1129 10 74
1133 63 78
1138 3 78
1165 28 78
1169 2 77
1169 60 88
1170 4 65
1170 7 84
1171 44 77
1173 36 84
1175 36 88
1179 24 78
1181 9 78
1182 58 82
1186 14 82
1186 53 74
1193 10 78
1195 60 74
1199 5 78
1203 22 78
1204 51 78
1205 39 78
1254 61 88
1254 23 77
1274 32 88
1275 58 88
1277 36 77
1277 60 88
1278 47 84
1279 48 73
1280 35 78
1281 12 74
1288 1 78
1292 40 78
1294 25 82
1297 34 82
1297 62 82
1299 16 82
1312 5 82
1312 12 78
1315 21 78
1318 42 82
1322 25 74
1328 13 78
1329 12 78
1330 58 82
1338 50 82
854 366 73
1171 336 67
840 53 78
849 56 74
849 46 74
850 55 78
853 35 78
872 56 70
874 18 74
876 2 74
968 43 76
969 33 70
975 52 88
1169 21 78
1171 38 74
1172 41 78
1173 40 78
1173 26 78
1219 44 74
1226 47 82
1244 8 74
1249 1241 76
1248 19 78
1251 44 82
1251 55 82
1252 59 70
1253 38 74
1254 9 78
1255 49 78
1279 8 82
1279 15 82
