326 562 135
345 1069 139
353 837 139
354 972 149
359 644 139
362 808 149
367 1195 145
380 1342 139
383 584 139
383 634 139
404 917 139
406 790 139
408 1197 135
416 1330 139
419 919 139
422 954 139
422 447 135
432 620 139
435 580 135
437 1216 139
438 744 139
440 1294 139
442 1008 139
444 1279 139
446 1142 135
449 1284 149
454 1000 139
468 721 139
476 1038 139
480 659 139
482 1106 135
487 959 139
512 450 139
518 1097 139
524 874 139
529 927 139
542 946 135
546 794 139
546 435 135
561 498 139
561 687 139
566 1271 139
572 440 135
574 693 139
580 1180 139
586 987 139
591 698 139
592 1046 139
593 1106 135
594 1074 139
595 845 139
602 772 139
616 698 139
620 568 139
625 1083 135
668 409 135
677 1231 139
687 761 139
694 1091 139
703 534 149
703 917 135
712 769 149
713 898 139
729 752 139
730 1219 139
759 544 139
760 447 135
763 616 139
769 546 139
775 1160 139
779 1004 139
784 1340 139
784 429 135
787 691 149
802 1337 139
802 1182 149
807 998 139
810 703 139
817 457 135
818 464 139
828 529 139
901 1298 139
910 1307 139
912 503 139
915 552 135
920 623 139
922 561 139
923 835 139
933 664 139
944 558 139
947 1000 135
954 761 139
954 659 139
961 1112 139
965 893 139
968 1214 139
969 1202 135
970 522 139
981 870 139
989 410 135
1009 1292 139
1009 1302 149
1011 1065 135
1016 460 139
1031 418 135
1034 527 139
1039 1033 139
1039 592 149
1041 593 145
1044 990 139
1046 869 139
1048 654 139
1067 790 139
1070 444 135
1076 842 135
1089 1019 139
1094 678 139
1096 1264 139
1097 1077 139
1108 555 139
1120 425 135
1123 774 139
1125 938 139
1127 1306 139
1134 558 139
1159 1278 139
1165 904 135
1170 1048 139
1176 1058 139
1184 1211 139
1195 1276 139
1202 1144 139
1207 1290 135
1214 700 139
1228 1296 139
1232 945 139
1234 447 135
1236 1270 139
1238 652 135
1248 1191 139
1248 977 139
1249 1126 139
1258 670 139
1261 1322 139
1262 1228 135
1263 1191 139
1265 985 149
1291 412 135
1291 1278 139
1304 452 139
1329 586 135
399 323 149
404 345 139
500 346 139
544 394 131
559 354 139
599 399 131
628 332 131
629 346 139
689 338 139
836 596 135
838 520 145
866 1192 131
870 1247 135
880 1173 145
888 687 135
893 444 131
911 338 139
978 359 131
1065 339 139
1118 392 131
321 53 133
326 54 133
332 48 133
336 30 129
340 31 133
345 5 133
348 41 133
353 3 133
379 15 133
384 33 129
385 54 133
398 62 133
400 60 133
406 10 133
406 25 133
410 9 129
413 9 133
426 35 133
427 28 133
433 44 133
434 33 133
438 61 129
440 12 133
446 1 133
454 38 133
458 49 133
463 14 133
464 43 129
467 55 133
479 33 133
479 34 133
483 31 133
483 55 143
489 36 129
493 10 133
498 38 133
500 10 133
500 42 133
500 31 133
522 45 129
524 48 133
526 34 133
534 37 133
541 15 133
542 33 133
542 50 129
546 57 133
554 24 133
564 57 133
564 35 133
564 15 133
570 0 129
574 37 133
586 16 133
587 57 143
590 25 143
597 28 143
599 2 139
600 40 133
603 43 133
614 15 133
626 14 133
628 34 133
629 35 129
629 37 133
631 62 133
632 48 143
634 54 133
634 30 133
635 0 129
635 4 133
640 34 133
646 3 133
647 44 133
668 0 133
670 43 129
671 52 133
671 13 133
677 34 133
685 33 133
687 5 143
688 29 129
693 14 133
696 6 133
700 36 133
713 39 133
713 42 143
720 35 129
726 6 133
729 9 133
734 27 143
734 54 143
737 20 133
745 57 129
752 53 133
753 43 133
753 46 143
755 16 133
761 49 133
767 39 129
770 43 133
778 50 133
779 4 133
792 48 143
792 40 133
816 7 129
824 62 133
827 35 133
827 44 133
904 27 133
919 40 133
923 44 129
927 56 133
927 58 133
931 3 133
938 57 143
940 10 133
941 7 129
950 48 133
956 41 133
958 14 133
961 19 133
967 44 133
968 63 129
970 40 133
970 50 133
971 18 133
972 7 133
979 17 133
987 44 129
989 33 133
994 56 133
994 14 133
1000 19 133
1004 44 133
1005 20 129
1009 52 133
1020 62 133
1028 42 133
1028 21 133
1029 54 133
1032 43 139
1034 29 133
1038 50 133
1044 18 133
1052 46 133
1052 23 133
1053 4 129
1057 27 133
1062 49 133
1062 60 133
1084 14 133
1114 44 133
1114 54 129
1115 40 133
1115 63 133
1116 29 133
1118 49 133
1118 40 133
1119 50 129
1128 33 133
1132 52 133
1136 26 143
1138 31 133
1139 1 133
1140 37 129
1142 19 133
1144 40 133
1150 24 133
1154 44 133
1155 46 133
1167 9 129
1169 52 133
1170 20 133
1177 14 133
1181 39 133
1186 7 133
1205 12 129
1205 17 133
1207 46 133
1208 24 133
1208 43 143
1216 45 133
1221 50 129
1225 59 133
1225 4 133
1240 49 143
1243 34 133
1243 45 133
1246 3 129
1256 26 133
1266 61 133
1270 41 133
1271 25 133
1280 14 133
1280 30 129
1285 52 133
1297 43 133
1298 9 133
1299 26 133
1307 12 143
1312 7 139
1319 19 133
1328 39 133
1329 13 133
1338 16 133
463 377 139
841 1177 127
847 879 141
854 1070 131
872 667 131
879 1091 135
1312 381 139
832 22 125
835 43 129
857 46 129
859 6 129
861 61 129
866 18 129
885 3 125
888 16 129
889 25 129
891 63 129
894 15 129
847 13 129
874 51 121
321 1128 89
324 1134 83
324 1022 94
329 1053 84
330 800 83
331 432 94
331 1263 104
336 675 94
337 1340 99
340 629 84
341 956 99
341 1126 94
342 384 84
342 1193 89
344 1124 83
346 677 104
348 911 94
349 696 94
349 1169 94
353 501 93
355 1191 89
359 540 94
361 585 93
364 500 84
365 1004 84
367 448 84
367 774 94
367 1000 84
369 907 83
369 1087 79
373 1111 93
374 1091 83
374 983 94
376 817 89
379 1093 93
380 879 94
380 1159 83
381 540 94
382 1285 94
382 823 104
383 966 89
385 833 89
385 1114 89
386 648 84
386 901 94
388 407 94
392 809 84
393 1158 83
396 837 83
404 964 83
407 506 94
412 1248 84
412 744 84
412 1266 89
412 1049 94
418 1280 84
418 792 94
420 997 83
425 1129 84
427 793 84
429 780 94
432 1238 93
433 701 89
438 687 94
439 1035 89
439 1220 93
440 1034 84
440 1327 79
440 1238 89
440 1277 89
441 1018 84
441 806 89
441 577 99
442 1310 84
444 948 83
449 1087 94
451 688 94
451 835 84
451 711 94
452 581 84
454 809 84
455 832 89
458 637 89
459 579 84
459 902 84
459 407 94
460 835 89
460 621 84
461 1235 89
464 1092 94
464 486 94
467 1298 83
468 585 94
470 878 83
472 752 79
473 1123 83
473 501 94
474 1058 83
478 433 84
478 787 84
478 1118 84
480 579 83
482 931 89
487 1050 84
488 1021 84
488 1309 94
494 1260 83
494 1021 89
495 1187 94
496 660 84
496 887 89
499 1328 94
500 1050 83
502 1154 83
503 953 94
504 895 94
505 1276 94
509 491 84
509 734 84
512 678 89
512 1159 89
512 526 79
512 952 89
516 989 89
516 711 84
518 765 89
520 1253 99
520 1269 83
521 1263 79
522 806 89
522 622 89
525 421 79
526 656 83
526 538 89
526 579 99
532 726 104
542 859 93
544 554 89
544 836 83
544 1105 89
554 1120 94
555 1240 94
555 714 94
555 1108 94
556 1211 104
558 992 84
558 427 79
558 1246 89
564 1159 94
565 496 89
565 460 94
567 397 94
568 1161 83
577 454 94
579 1076 83
583 598 84
585 504 83
585 874 94
586 899 83
588 952 89
590 1277 94
591 1333 84
592 802 89
592 958 84
594 1294 94
595 861 94
597 810 84
597 1169 83
598 894 104
599 788 84
600 994 94
600 1141 84
601 1027 94
601 927 84
603 1160 83
613 958 84
613 838 89
622 600 84
622 737 84
623 573 104
623 830 94
625 1053 94
626 444 94
628 1154 89
629 1082 84
631 1262 79
633 915 83
637 941 83
638 1112 94
640 1204 89
643 712 83
643 1027 83
643 390 84
646 416 84
646 889 79
647 576 94
647 968 89
649 880 84
652 649 84
653 683 99
655 863 99
656 1283 84
664 978 94
667 1181 94
667 1078 83
669 994 83
669 1339 94
670 710 79
670 619 84
671 1235 83
672 529 89
673 959 84
678 538 84
678 774 104
684 749 83
685 561 83
686 694 83
689 1247 94
694 498 79
698 944 83
700 886 89
701 1065 83
703 442 94
710 914 104
711 1179 84
712 1313 94
715 938 89
716 1327 94
716 671 94
719 1248 89
719 768 89
720 649 89
720 561 89
723 778 84
723 879 83
723 1295 84
724 1241 94
733 529 83
733 917 94
738 433 79
738 729 79
741 1251 83
742 917 104
744 1313 84
748 561 84
748 1332 94
752 986 84
755 628 89
758 1080 84
758 1273 94
758 894 83
760 880 84
760 1077 104
760 825 83
761 421 79
766 739 94
769 1028 79
770 1008 89
770 1247 83
771 894 83
772 1291 83
772 1222 89
773 1275 89
774 1124 89
776 744 94
776 446 79
776 1295 94
777 1096 94
778 444 94
778 892 84
779 545 83
780 444 84
780 1134 104
783 887 83
783 1150 83
785 480 89
788 653 99
790 1122 83
794 755 94
794 1111 94
795 1338 89
802 1216 83
802 1229 84
805 1123 83
806 810 94
807 419 79
808 413 84
811 1277 94
814 932 89
815 1040 84
815 888 89
815 1222 84
815 678 84
819 1171 89
824 790 83
824 470 83
826 649 89
827 755 94
828 396 84
828 473 83
830 644 89
830 502 89
897 634 84
897 1070 94
900 978 99
900 1203 89
901 1039 89
902 827 94
903 1178 89
904 784 84
907 847 104
911 452 83
911 1140 89
913 622 89
913 662 89
916 635 89
916 691 94
917 1231 99
918 603 89
918 828 94
923 1114 94
927 698 89
929 840 83
929 1047 84
930 1173 89
932 494 94
933 1031 94
933 991 94
936 1150 84
938 854 84
940 1225 104
940 492 84
941 1285 79
941 878 84
942 970 83
945 573 89
947 515 84
947 390 94
950 1203 83
953 579 84
954 1106 89
955 1296 89
955 435 79
956 556 84
958 538 83
962 890 84
966 1075 89
969 667 84
970 1201 83
972 832 93
972 913 83
972 981 89
977 992 94
977 594 94
977 500 84
978 454 89
979 410 79
979 1001 89
981 698 94
981 1158 94
982 1110 94
986 615 84
987 1290 94
990 899 94
992 739 94
993 579 89
994 1021 84
996 1016 84
996 1110 89
998 1106 84
999 841 89
1001 568 94
1001 885 89
1004 1136 84
1004 1147 83
1005 1125 89
1008 1273 94
1008 1134 84
1012 994 89
1014 1081 83
1020 1058 79
1020 1182 94
1021 540 94
1022 1068 89
1025 496 83
1026 1092 94
1028 1062 83
1029 917 89
1030 1176 89
1030 938 79
1030 1228 89
1032 654 83
1032 953 94
1035 558 89
1039 931 89
1041 601 83
1041 545 89
1048 1105 94
1048 474 84
1048 1175 94
1049 779 89
1049 1213 84
1052 1225 89
1052 491 104
1053 1128 93
1053 866 89
1057 892 94
1057 1177 93
1059 1336 104
1059 738 94
1066 401 94
1068 823 94
1069 558 79
1072 1129 84
1074 1252 89
1076 584 94
1078 1018 84
1080 1079 83
1081 1197 93
1083 1118 83
1083 463 84
1084 1138 84
1084 1290 94
1087 940 94
1087 1172 89
1088 669 94
1088 1101 89
1088 1037 89
1089 1136 99
1092 1341 94
1092 791 99
1094 1257 83
1095 1182 83
1097 484 89
1097 685 94
1098 564 94
1098 684 99
1098 583 83
1099 1026 83
1099 1326 89
1105 470 94
1110 1010 84
1112 1222 89
1115 425 94
1116 771 84
1119 756 94
1119 525 99
1120 790 84
1122 1029 89
1123 902 83
1123 1029 93
1124 832 84
1125 755 94
1126 1248 89
1127 576 104
1127 1060 93
1128 531 84
1130 1135 84
1133 1027 79
1134 599 93
1135 1108 94
1138 1317 84
1140 829 84
1141 1127 94
1142 557 94
1144 585 94
1144 1255 84
1150 1216 83
1154 636 94
1154 1010 89
1154 1119 84
1157 498 83
1158 1259 89
1159 1093 84
1161 411 84
1162 677 79
1165 429 79
1167 468 89
1167 1247 89
1169 899 94
1169 1286 83
1169 649 94
1175 774 94
1176 416 79
1177 839 94
1180 1252 89
1182 804 83
1182 1134 89
1186 1184 83
1188 499 94
1188 1058 83
1191 634 84
1194 688 89
1194 1021 89
1196 452 94
1197 596 83
1199 938 84
1200 652 94
1200 1012 89
1202 1231 94
1204 591 89
1205 1128 84
1205 500 84
1207 1025 104
1207 1277 83
1208 801 83
1210 1003 99
1213 1050 89
1219 1186 84
1219 438 84
1219 975 104
1220 811 84
1223 568 83
1223 761 83
1223 1327 94
1225 461 84
1226 649 89
1226 852 104
1226 1338 83
1228 1018 84
1228 1069 104
1240 1290 89
1240 1203 94
1241 634 83
1243 1176 84
1246 948 83
1247 1039 94
1248 930 94
1248 1069 104
1249 1241 84
1252 455 89
1254 505 94
1255 1186 89
1255 645 83
1256 726 79
1257 1136 84
1257 1001 94
1258 601 84
1261 976 84
1261 1038 83
1263 1248 83
1264 1042 93
1265 897 84
1266 1208 94
1268 1082 93
1273 647 104
1273 1199 94
1274 933 89
1276 889 99
1276 1292 89
1276 885 99
1276 526 93
1277 1235 83
1278 770 89
1278 594 94
1279 656 89
1279 1333 94
1283 1194 83
1286 1065 84
1286 1277 84
1288 834 83
1288 917 89
1292 529 94
1292 739 93
1292 853 94
1295 472 84
1295 1118 84
1297 563 94
1298 562 89
1304 911 94
1306 632 79
1307 1120 89
1308 779 84
1310 976 89
1310 869 89
1313 480 84
1313 609 89
1318 556 94
1322 920 84
1322 724 83
1323 1136 84
1326 1319 89
1328 640 94
1328 793 89
1330 1336 99
1332 766 89
1339 738 104
1340 545 94
1342 592 94
1342 778 89
338 425 85
367 370 90
392 419 85
393 413 85
454 438 85
473 394 75
595 359 85
602 392 79
668 332 85
673 321 80
729 356 83
800 416 85
823 365 83
833 1060 85
834 556 90
856 986 89
856 659 90
856 990 75
857 1248 79
858 870 85
859 1197 85
861 566 85
862 1022 85
863 1003 90
863 1275 85
866 793 79
871 818 85
880 1125 80
885 1059 80
888 763 85
888 948 79
890 534 80
893 584 79
893 1322 90
893 989 90
894 594 90
894 1030 85
895 541 79
933 366 90
937 373 89
990 374 89
1014 345 80
1039 365 83
1049 327 90
1068 412 85
1126 380 90
1171 336 75
1171 425 85
1188 443 85
1232 373 89
1249 370 89
1262 351 83
1281 339 75
323 48 83
323 19 83
323 44 88
324 40 83
324 46 83
326 19 78
326 10 77
327 9 88
329 54 78
331 31 83
332 14 88
333 24 87
333 51 78
333 23 83
335 44 88
335 55 78
336 59 77
338 11 77
339 2 78
341 14 77
345 8 78
345 49 88
345 20 88
345 56 73
346 48 77
346 13 77
350 40 78
353 56 78
353 4 78
354 24 78
354 12 88
355 57 87
355 5 78
357 51 88
359 49 88
360 10 88
361 38 88
362 24 77
362 6 83
364 7 73
367 30 83
369 13 98
370 59 88
370 23 78
372 25 88
373 7 83
380 2 83
381 0 93
381 22 83
382 62 88
384 24 73
384 29 83
385 40 88
386 48 77
388 49 78
388 62 83
388 22 93
390 27 78
392 37 78
392 63 88
394 8 78
396 20 98
397 7 77
399 27 93
400 35 88
401 41 78
404 43 88
405 0 77
405 35 83
406 24 77
406 62 88
406 63 83
407 42 77
409 26 88
410 2 88
410 11 83
411 11 77
412 36 77
412 40 88
412 26 78
413 56 88
416 15 78
418 42 88
419 49 78
421 52 77
422 20 77
423 42 88
423 62 88
425 44 83
425 49 78
426 24 83
426 12 83
426 61 77
427 45 77
427 23 78
432 44 78
434 43 77
434 22 83
435 22 73
437 19 88
438 54 77
439 41 77
441 9 78
441 59 83
442 53 78
444 41 83
444 61 83
444 46 73
448 48 88
449 19 83
450 13 78
452 13 78
456 3 78
457 51 88
457 7 83
458 52 98
460 40 98
460 23 83
461 24 98
461 41 83
463 8 88
467 3 83
470 23 78
473 4 98
476 35 78
476 11 88
479 27 88
479 42 83
480 2 88
481 42 83
481 61 77
482 12 98
483 5 83
485 34 88
485 4 88
487 58 83
488 62 78
489 58 78
492 38 77
493 0 88
495 23 83
498 53 78
499 56 88
499 46 93
501 42 78
501 60 88
504 0 78
505 53 77
509 40 78
512 38 78
512 47 88
512 24 78
514 46 93
517 26 83
521 27 87
522 42 78
524 39 73
525 61 77
525 45 78
526 49 83
529 8 88
530 1 77
530 46 83
532 50 78
538 63 88
540 43 88
543 18 83
543 19 78
543 21 78
544 39 88
544 42 73
544 28 78
545 56 83
546 58 77
547 60 88
550 16 88
552 40 78
554 29 77
556 24 78
556 6 88
557 62 78
559 50 83
561 8 88
561 21 88
563 56 77
563 44 78
565 35 73
565 38 77
568 62 78
570 48 83
570 34 78
570 35 83
570 37 88
572 17 78
573 37 77
574 17 93
574 13 78
575 51 78
576 40 78
576 39 98
577 29 88
579 9 88
579 52 83
580 24 88
580 22 78
582 27 78
583 14 83
583 55 88
584 47 88
586 49 88
586 22 77
586 27 78
587 62 88
588 9 77
588 38 83
594 49 78
594 15 78
595 14 87
597 12 78
598 48 88
599 13 88
602 11 88
602 54 83
603 41 83
603 29 88
604 56 78
604 9 88
604 51 77
604 13 78
608 48 83
609 4 77
611 0 83
612 19 83
612 21 77
618 42 98
621 10 78
625 0 93
625 60 83
626 47 77
629 4 88
629 53 83
629 27 73
631 40 77
632 17 77
635 18 83
638 23 78
640 57 88
645 6 88
646 63 78
647 34 83
647 30 77
648 57 78
649 42 98
649 45 88
652 31 83
653 32 87
653 8 87
653 34 78
654 52 88
655 39 78
656 60 88
657 41 88
657 35 77
657 62 78
660 59 78
660 31 77
662 10 98
663 62 98
663 47 77
664 59 88
667 10 83
668 41 78
670 57 83
670 27 78
670 28 77
671 18 83
675 19 98
675 29 88
682 46 78
682 63 78
683 15 78
686 35 83
686 58 83
686 43 78
687 1 73
688 51 78
688 20 77
688 55 83
689 48 83
689 21 78
691 26 88
694 3 88
698 40 78
698 29 77
698 15 88
701 32 88
701 18 78
701 19 83
701 20 83
703 6 88
706 3 88
706 45 87
706 31 83
707 40 78
707 41 78
707 60 77
708 17 83
710 17 77
711 4 88
711 2 83
711 3 77
712 34 83
712 31 88
712 44 77
713 32 88
713 48 93
714 49 78
714 58 83
714 37 88
715 10 83
716 39 88
716 33 77
716 46 78
719 5 78
719 6 83
720 57 78
721 15 77
723 50 93
724 27 77
724 11 83
729 7 83
736 57 78
736 50 78
736 21 78
737 56 88
737 25 78
737 31 83
742 41 77
742 3 78
742 20 88
744 42 78
744 27 78
744 1 88
747 47 83
748 26 83
748 54 88
748 38 88
749 55 93
752 33 88
752 15 78
756 0 83
758 42 78
759 26 83
759 15 83
760 50 77
760 24 77
761 4 88
761 40 73
761 16 78
761 5 77
761 63 77
765 9 88
765 53 88
766 18 88
767 25 77
769 38 88
770 3 93
770 41 83
770 26 73
772 14 77
773 57 98
777 20 83
778 32 77
778 27 78
779 11 77
779 13 78
779 59 83
782 17 83
783 55 78
785 62 88
788 58 78
790 60 83
791 8 88
791 49 77
793 38 88
795 32 77
795 41 78
795 58 83
800 51 77
802 44 83
805 29 83
806 12 77
807 34 78
809 62 93
812 15 88
814 44 83
816 48 88
816 22 78
817 50 78
817 12 88
817 23 77
818 52 88
819 24 83
822 39 88
825 28 78
826 37 77
828 15 77
828 54 88
830 45 88
897 10 78
897 6 88
898 20 83
898 38 77
899 41 78
902 53 88
903 3 77
907 60 83
908 53 77
911 28 87
912 42 88
913 43 88
913 23 77
914 20 78
915 45 83
916 4 83
916 27 98
916 20 83
917 4 77
919 34 83
919 59 77
921 57 77
921 36 98
922 42 78
922 21 78
922 7 78
925 14 77
927 25 93
927 55 77
930 24 87
931 40 78
931 45 78
932 49 78
932 36 83
932 12 88
932 39 88
933 56 77
933 30 78
935 5 78
937 59 77
937 7 78
939 40 78
940 40 83
940 54 83
942 29 78
944 30 77
945 40 77
946 14 83
946 30 88
948 2 83
948 35 88
950 24 88
950 46 88
950 0 73
954 26 77
955 41 88
959 14 83
962 40 78
962 48 77
964 18 88
964 3 78
965 50 78
965 42 77
965 13 88
966 38 77
967 1 73
967 54 77
968 42 83
968 43 88
969 33 78
969 1 83
970 23 83
972 55 83
975 52 88
975 47 83
977 18 88
977 22 88
977 55 88
978 9 78
978 34 78
979 9 88
979 44 88
982 21 83
986 56 93
987 19 88
989 52 88
991 43 78
993 38 83
997 32 93
997 12 78
997 62 83
999 26 83
1000 36 83
1000 53 88
1003 17 88
1003 19 78
1003 37 77
1004 7 83
1005 25 78
1008 42 78
1008 18 88
1009 17 77
1010 60 78
1010 22 88
1011 40 78
1011 4 78
1012 59 98
1012 45 88
1014 51 78
1015 31 88
1016 32 77
1016 29 83
1018 33 77
1018 42 88
1018 60 78
1018 38 78
1019 48 77
1019 11 77
1019 21 93
1021 41 83
1022 53 73
1022 54 88
1025 10 77
1025 63 78
1026 41 77
1026 43 88
1027 2 83
1027 47 88
1028 32 83
1031 50 77
1031 35 73
1032 1 83
1032 30 77
1032 63 77
1035 17 83
1035 18 77
1035 19 88
1036 37 83
1037 27 78
1039 12 78
1039 49 83
1041 61 88
1041 13 78
1044 41 78
1044 51 83
1044 61 78
1047 45 77
1050 3 78
1052 53 88
1052 22 78
1053 3 78
1053 26 88
1056 30 77
1056 7 83
1057 56 83
1057 33 83
1058 24 88
1058 62 78
1060 63 88
1062 56 88
1063 24 83
1065 25 88
1065 23 78
1066 22 88
1068 2 78
1069 59 78
1069 60 83
1071 42 83
1071 29 83
1072 5 73
1074 0 77
1074 43 88
1074 54 83
1076 54 83
1078 3 77
1079 58 88
1079 37 83
1082 1 88
1083 42 83
1084 55 88
1086 4 88
1086 37 83
1087 50 77
1088 13 83
1089 54 88
1092 42 77
1092 45 88
1096 40 88
1101 17 78
1101 21 88
1102 32 77
1102 61 78
1103 2 88
1103 14 78
1103 30 83
1106 58 78
1106 51 93
1106 61 88
1108 29 88
1108 6 93
1110 7 78
1111 15 83
1112 50 78
1114 2 77
1116 1 83
1118 52 88
1119 5 73
1120 26 78
1120 37 78
1121 59 88
1122 44 77
1123 50 98
1123 62 83
1124 36 77
1125 34 78
1125 46 88
1126 19 98
1126 47 88
1127 21 83
1128 48 83
1129 10 78
1129 37 83
1133 63 78
1133 52 77
1133 39 77
1134 21 88
1134 38 88
1135 59 83
1136 30 88
1137 32 88
1137 19 87
1137 61 88
1138 25 83
1138 3 78
1144 58 88
1147 14 83
1147 15 87
1150 60 83
1154 43 77
1155 50 83
1159 20 77
1160 2 73
1161 7 87
1162 63 77
1162 5 83
1163 57 77
1165 28 78
1168 23 93
1169 2 73
1169 37 83
1169 21 78
1169 60 88
1170 4 77
1170 7 88
1171 44 77
1171 38 78
1171 47 83
1172 41 78
1173 40 78
1173 26 78
1173 36 98
1175 36 88
1179 24 78
1179 51 88
1179 10 93
1179 59 88
1179 62 93
1181 9 78
1182 58 78
1182 26 77
1184 50 88
1186 34 88
1186 36 93
1186 14 78
1186 53 78
1188 42 83
1188 62 88
1191 19 83
1191 44 77
1193 10 88
1193 15 88
1195 7 88
1195 60 78
1195 55 73
1196 10 77
1199 12 93
1199 5 78
1200 10 83
1201 4 88
1203 22 78
1204 51 78
1205 39 78
1205 46 93
1205 23 88
1205 63 77
1206 59 83
1207 19 83
1208 8 88
1213 40 83
1213 35 88
1213 39 88
1214 59 93
1214 60 77
1219 44 78
1220 13 83
1221 31 83
1223 24 88
1223 15 98
1226 7 88
1226 47 78
1226 9 77
1228 44 77
1228 29 77
1231 10 88
1234 24 88
1236 40 77
1238 24 77
1238 44 73
1238 62 88
1241 41 77
1241 49 88
1243 50 77
1244 16 83
1244 8 78
1244 7 77
1247 47 83
1248 19 78
1248 31 83
1251 44 78
1251 55 78
1252 59 88
1253 43 83
1253 38 78
1254 9 78
1254 61 88
1254 23 77
1255 49 78
1256 25 77
1258 54 83
1262 35 88
1263 2 88
1263 37 77
1265 2 73
1267 16 83
1267 12 83
1268 4 98
1270 48 77
1274 32 98
1274 43 83
1275 58 98
1275 6 83
1277 36 73
1277 60 88
1278 47 88
1279 8 78
1279 48 77
1279 15 78
1280 35 78
1280 13 83
1281 12 88
1284 26 88
1285 8 88
1286 56 83
1286 18 87
1286 35 88
1287 3 88
1287 30 88
1288 1 78
1288 25 83
1291 32 83
1292 40 78
1292 47 77
1294 49 88
1294 25 88
1294 15 77
1295 42 98
1295 59 93
1295 63 83
1297 34 78
1297 62 78
1298 59 83
1299 16 78
1303 61 88
1304 21 83
1306 46 77
1307 49 77
1307 42 83
1308 3 83
1310 53 88
1312 5 78
1312 12 78
1312 50 83
1312 25 88
1313 19 88
1315 21 78
1316 31 73
1317 38 83
1318 42 88
1318 38 83
1318 7 77
1322 25 78
1322 42 93
1322 8 83
1326 23 73
1326 34 77
1326 63 77
1326 45 83
1328 13 78
1328 8 98
1329 12 78
1330 58 88
1332 59 88
1333 29 77
1336 27 88
1336 54 77
1336 46 83
1338 50 78
1338 23 77
1342 36 83
1342 15 83
324 384 85
376 407 81
432 381 81
457 366 80
612 380 89
647 396 81
688 338 86
713 372 76
806 350 86
840 1144 96
840 515 86
841 520 76
841 479 79
845 406 90
847 1280 90
847 779 96
849 1240 75
851 962 90
851 886 81
851 581 100
854 633 90
854 1269 71
872 556 75
872 753 79
872 787 80
873 1117 85
874 547 80
876 516 86
877 723 79
878 861 85
954 407 81
1000 401 85
1111 372 76
1116 338 90
1124 377 71
1140 338 86
1200 335 86
1232 386 81
1252 394 81
1327 329 86
1335 396 85
834 48 84
836 33 84
837 10 84
837 27 79
837 15 73
838 0 84
838 9 79
838 52 79
839 49 83
839 4 79
839 45 84
839 47 74
856 31 74
857 44 84
857 31 79
858 45 73
858 5 74
858 7 89
859 31 73
860 7 79
861 26 73
862 48 74
862 4 74
863 33 69
864 35 79
864 60 73
864 5 84
864 55 84
866 43 84
866 34 84
870 52 79
880 53 74
881 29 79
881 47 79
886 50 79
886 51 79
888 42 74
891 35 73
892 24 74
893 25 79
894 63 73
895 7 94
845 440 77
845 324 67
854 366 81
840 20 73
840 53 70
841 36 75
841 41 69
841 43 94
841 28 84
845 5 73
847 59 65
849 56 70
849 46 70
850 55 84
851 42 84
852 2 79
852 11 75
852 45 75
853 34 73
853 35 74
853 20 79
853 63 79
854 7 75
872 36 75
872 56 74
872 62 79
873 40 84
874 13 94
874 18 70
874 19 79
874 57 73
876 2 84
876 37 79
879 7 73
