326 562 131
345 1069 135
353 837 135
354 972 139
359 644 139
362 808 139
367 1195 143
380 1342 143
383 584 143
383 634 131
404 917 135
406 790 135
408 1197 139
416 1330 139
419 919 139
422 954 143
422 447 143
432 620 143
435 580 131
437 1216 135
438 744 135
440 1294 139
442 1008 139
444 1279 139
446 1142 143
449 1284 143
454 1000 143
468 721 131
476 1038 135
480 659 135
482 1106 139
487 959 139
512 450 139
518 1097 143
524 874 143
529 927 143
542 946 131
544 394 135
546 794 135
546 435 139
561 498 139
561 687 139
566 1271 143
572 440 143
574 693 143
580 1180 131
586 987 135
591 698 135
592 1046 139
593 1106 139
594 1074 139
595 845 143
599 399 143
602 772 143
616 698 131
620 568 135
625 1083 135
668 409 139
677 1231 139
687 761 139
694 1091 143
703 534 143
703 917 143
712 769 131
713 898 135
729 752 135
730 1219 139
759 544 139
760 447 139
763 616 143
769 546 143
775 1160 143
779 1004 131
784 1340 135
784 429 135
787 691 139
802 1337 139
802 1182 139
807 998 143
810 703 143
817 457 143
818 464 131
828 529 135
836 596 135
838 520 135
866 1192 135
870 1247 135
880 1173 139
888 687 139
893 444 143
901 1298 131
910 1307 135
912 503 135
915 552 139
920 623 139
922 561 139
923 835 143
933 664 143
944 558 143
947 1000 131
954 761 135
954 659 135
961 1112 139
965 893 139
968 1214 139
969 1202 143
970 522 143
981 870 143
989 410 131
1009 1292 135
1009 1302 135
1011 1065 139
1016 460 139
1031 418 139
1034 527 143
1039 1033 143
1039 592 143
1041 593 131
1044 990 135
1046 869 135
1048 654 139
1067 790 139
1070 444 139
1076 842 143
1089 1019 143
1094 678 143
1096 1264 131
1097 1077 135
1108 555 135
1118 392 139
1120 425 139
1123 774 139
1125 938 143
1127 1306 143
1134 558 143
1159 1278 131
1165 904 135
1176 1058 135
1184 1211 139
1195 1276 139
1202 1144 139
1207 1290 139
1214 700 143
1291 412 143
1291 1278 131
1304 452 135
1329 586 135
399 323 135
463 377 135
841 1177 131
847 879 139
854 1070 135
872 667 143
879 1091 127
1170 1048 127
1228 1296 131
1232 945 135
1234 447 139
1236 1270 139
1238 652 139
1258 670 143
1261 1322 143
1262 1228 127
1263 1191 131
1265 985 139
1312 381 135
321 53 133
326 54 133
332 48 137
336 30 137
340 31 137
345 5 125
348 41 129
353 3 129
379 15 133
384 33 133
385 54 133
398 62 137
400 60 137
406 10 137
406 25 125
410 9 129
413 9 129
426 35 133
427 28 133
433 44 133
434 33 137
438 61 137
440 12 137
446 1 125
454 38 129
458 49 129
463 14 133
464 43 133
467 55 133
479 33 137
479 34 137
483 31 137
483 55 125
489 36 129
493 10 129
498 38 133
500 10 133
500 42 133
500 31 137
522 45 137
524 48 137
526 34 125
534 37 129
541 15 129
542 33 133
542 50 133
546 57 133
554 24 137
564 57 137
564 35 137
564 15 125
570 0 129
574 37 129
586 16 133
587 57 133
590 25 133
597 28 137
599 2 137
600 40 137
603 43 125
614 15 129
626 14 129
628 34 133
629 35 133
629 37 133
631 62 137
632 48 137
634 54 137
634 30 125
635 0 129
635 4 129
640 34 133
646 3 133
647 44 133
668 0 137
670 43 137
671 52 137
671 13 125
677 34 129
685 33 129
687 5 133
688 29 133
693 14 133
696 6 137
700 36 137
713 39 137
713 42 125
720 35 129
726 6 129
729 9 133
734 27 133
734 54 133
737 20 137
745 57 137
752 53 137
753 43 125
753 46 129
755 16 129
761 49 133
767 39 133
770 43 133
778 50 137
779 4 137
792 48 137
792 40 125
816 7 129
824 62 129
827 35 133
827 44 133
832 22 129
835 43 133
857 46 133
859 6 137
861 61 125
866 18 125
885 3 129
888 16 129
889 25 129
891 63 129
894 15 133
904 27 133
919 40 141
923 44 125
927 56 129
927 58 129
931 3 133
938 57 133
940 10 133
941 7 137
950 48 137
956 41 137
958 14 125
961 19 129
967 44 129
968 63 133
970 40 133
970 50 133
971 18 137
972 7 137
979 17 137
987 44 125
989 33 129
994 56 129
994 14 133
1000 19 133
1004 44 133
1005 20 137
1009 52 137
1020 62 137
1028 42 125
1028 21 129
1029 54 129
1032 43 133
1034 29 133
1038 50 133
1044 18 137
1052 46 137
1052 23 137
1053 4 125
1057 27 129
1062 49 129
1062 60 133
1084 14 133
1114 44 133
1114 54 137
1115 40 137
1115 63 137
1116 29 125
1118 49 129
1118 40 129
1119 50 133
1128 33 133
1132 52 133
1136 26 137
1138 31 137
1139 1 137
1140 37 125
1142 19 129
1144 40 129
1150 24 133
1154 44 133
1155 46 133
1167 9 133
1177 14 137
1181 39 137
1186 7 125
1205 12 129
1205 17 129
1207 46 133
1208 24 133
1208 43 133
1280 14 133
1280 30 137
1285 52 137
1297 43 125
1298 9 129
1299 26 129
1307 12 133
1312 7 133
1319 19 133
1328 39 137
1329 13 137
1338 16 137
404 345 123
500 346 131
559 354 127
628 332 131
629 346 135
689 338 135
911 338 139
978 359 139
1065 339 139
1248 1191 123
1248 977 131
1249 1126 139
847 13 125
874 51 129
1169 52 125
1170 20 137
1216 45 137
1221 50 137
1225 59 121
1225 4 125
1240 49 133
1243 34 133
1243 45 133
1246 3 133
1256 26 137
1266 61 137
1270 41 137
1271 25 121
321 1128 89
324 384 89
324 1134 79
330 800 79
337 1340 89
338 425 89
341 956 89
342 1193 89
344 1124 79
353 501 83
355 1191 89
361 585 83
369 907 83
369 1087 83
373 1111 83
374 1091 79
376 817 89
376 407 89
379 1093 79
380 1159 79
383 966 89
385 833 89
385 1114 89
392 419 89
393 413 89
393 1158 83
396 837 79
404 964 83
412 1266 89
420 997 83
432 1238 83
433 701 89
439 1035 89
439 1220 83
440 1327 79
440 1238 89
440 1277 89
441 806 89
441 577 89
444 948 79
454 438 89
455 832 89
458 637 89
460 835 89
461 1235 89
467 1298 79
470 878 79
472 752 83
473 394 83
473 1123 83
474 1058 83
480 579 83
482 931 89
494 1260 79
494 1021 89
496 887 89
500 1050 79
502 1154 79
512 678 89
512 1159 89
512 526 83
512 952 89
516 989 89
518 765 89
520 1253 89
520 1269 79
521 1263 83
522 806 89
522 622 89
525 421 83
526 656 83
526 538 89
526 579 89
542 859 79
544 554 89
544 836 79
544 1105 89
558 427 79
558 1246 89
565 496 89
568 1161 79
579 1076 83
585 504 83
586 899 83
588 952 89
592 802 89
597 1169 83
602 392 83
603 1160 83
613 838 89
628 1154 89
631 1262 79
633 915 79
637 941 79
640 1204 89
643 712 83
643 1027 83
646 889 83
647 968 89
647 396 89
653 683 89
655 863 89
667 1078 79
669 994 83
670 710 83
671 1235 79
672 529 93
684 749 79
685 561 79
686 694 83
694 498 83
698 944 83
700 886 89
701 1065 83
715 938 89
719 1248 89
719 768 89
720 649 89
720 561 89
723 879 79
733 529 83
738 433 79
738 729 79
741 1251 83
755 628 89
758 894 79
760 825 83
761 421 83
769 1028 83
770 1008 89
770 1247 83
771 894 83
772 1291 79
772 1222 93
773 1275 89
774 1124 89
776 446 79
779 545 79
783 887 83
783 1150 83
785 480 83
788 653 89
790 1122 83
795 1338 89
800 416 89
802 1216 79
805 1123 83
807 419 79
814 932 89
815 888 89
819 1171 89
824 790 79
824 470 79
826 649 89
828 473 83
830 644 89
830 502 89
900 978 89
900 1203 89
901 1039 89
903 1178 89
911 452 79
911 1140 89
913 622 89
913 662 89
916 635 83
917 1231 89
918 603 89
927 698 89
929 840 83
930 1173 89
941 1285 79
942 970 83
945 573 89
950 1203 79
954 1106 89
954 407 89
955 1296 89
955 435 79
958 538 79
966 1075 89
970 1201 83
972 832 83
972 913 83
972 981 89
978 454 89
979 410 83
979 1001 89
993 579 89
996 1110 89
999 841 89
1000 401 89
1001 885 89
1004 1147 79
1005 1125 89
1012 994 89
1014 1081 83
1020 1058 79
1022 1068 89
1025 496 79
1028 1062 79
1029 917 89
1030 1176 89
1030 938 83
1030 1228 89
1032 654 83
1035 558 89
1039 931 89
1041 601 79
1041 545 83
1049 779 89
1052 1225 89
1053 1128 83
1053 866 89
1057 1177 83
1068 412 89
1069 558 79
1074 1252 89
1080 1079 79
1081 1197 79
1083 1118 83
1087 1172 89
1088 1101 89
1088 1037 89
1089 1136 89
1092 791 89
1094 1257 79
1095 1182 83
1097 484 89
1098 684 89
1098 583 83
1099 1026 83
1099 1326 89
1112 1222 89
1119 525 89
1122 1029 89
1123 902 79
1123 1029 79
1126 1248 89
1127 1060 79
1133 1027 83
1134 599 83
1150 1216 79
1154 1010 89
1158 1259 89
1167 468 89
1167 1247 89
1180 1252 89
1182 1134 89
1188 443 89
1194 688 89
1194 1021 89
1200 1012 89
1204 591 89
1210 1003 89
1213 1050 89
1283 1194 83
1288 834 83
1288 917 89
1292 739 83
1298 562 89
1306 632 79
1307 1120 89
1310 976 89
1310 869 89
1313 609 89
1322 724 79
1326 1319 89
1328 793 93
1330 1336 89
1332 766 89
1335 396 89
1342 778 89
432 381 85
612 380 85
833 1060 89
856 986 79
856 990 79
857 1248 79
858 870 89
859 1197 89
861 566 85
862 1022 85
863 1275 85
866 793 79
871 818 89
888 763 89
888 948 79
893 584 79
894 1030 85
895 541 79
1124 377 75
1157 498 79
1162 677 79
1165 429 83
1171 425 89
1176 416 75
1182 804 83
1186 1184 83
1188 1058 83
1197 596 83
1207 1277 83
1208 801 79
1223 568 75
1223 761 79
1226 649 89
1226 1338 79
1232 386 89
1240 1290 85
1241 634 79
1246 948 83
1256 726 83
1261 1038 83
1263 1248 83
1264 1042 75
1268 1082 75
323 48 83
323 19 83
324 40 83
324 46 83
326 10 73
331 31 83
333 24 77
333 23 83
336 59 73
338 11 77
341 14 77
345 56 77
346 48 77
346 13 73
355 57 73
362 24 77
362 6 83
364 7 73
367 30 83
373 7 83
380 2 83
381 0 83
381 22 83
384 24 77
384 29 83
386 48 73
388 62 83
388 22 83
397 7 77
399 27 83
405 0 77
405 35 87
406 24 77
406 63 83
407 42 73
410 11 83
411 11 73
412 36 73
421 52 77
422 20 77
425 44 83
426 24 83
426 12 83
426 61 73
427 45 77
434 43 77
434 22 83
435 22 77
438 54 73
439 41 73
441 59 83
444 41 87
444 61 83
444 46 73
449 19 83
457 7 83
460 23 83
461 41 83
467 3 83
479 42 83
481 42 83
481 61 73
483 5 83
487 58 83
492 38 77
495 23 83
499 46 83
505 53 77
514 46 83
517 26 83
521 27 73
524 39 77
525 61 77
526 49 83
530 1 73
530 46 83
543 18 83
544 42 73
545 56 83
546 58 73
554 29 77
559 50 83
563 56 77
565 35 77
565 38 77
570 48 83
570 35 83
573 37 77
574 17 83
579 52 83
583 14 83
586 22 73
588 9 73
588 38 83
595 14 73
602 54 83
603 41 83
604 51 73
608 48 83
609 4 77
611 0 83
612 19 83
612 21 77
625 0 83
625 60 83
626 47 77
629 53 83
629 27 73
631 40 77
632 17 77
635 18 83
647 34 83
647 30 73
652 31 83
653 32 73
653 8 73
657 35 77
660 31 77
663 47 77
667 10 77
670 57 83
670 28 77
671 18 83
686 35 83
686 58 83
687 1 73
688 20 73
688 55 83
689 48 83
698 29 73
701 19 83
701 20 83
706 45 77
706 31 83
707 60 73
708 17 83
710 17 77
711 2 83
711 3 77
712 34 83
712 44 77
713 48 83
714 58 83
715 10 83
716 33 73
719 6 83
721 15 77
723 50 83
724 27 73
724 11 83
729 7 83
737 31 83
742 41 73
747 47 83
748 26 83
749 55 83
756 0 83
759 26 83
759 15 83
760 50 73
760 24 73
761 40 77
761 5 77
761 63 77
767 25 77
770 3 83
770 41 83
770 26 77
772 14 73
777 20 83
778 32 73
779 11 73
779 59 83
782 17 83
790 60 83
791 49 77
795 32 77
795 58 83
800 51 73
802 44 77
805 29 83
806 12 77
809 62 83
814 44 83
817 23 77
819 24 83
826 37 73
828 15 73
898 20 83
898 38 73
903 3 77
907 60 83
908 53 77
911 28 77
913 23 77
915 45 83
916 4 83
916 20 83
917 4 73
919 34 83
919 59 77
921 57 73
925 14 73
927 25 83
927 55 77
930 24 73
932 36 83
933 56 77
937 59 77
940 40 83
940 54 83
944 30 77
945 40 77
946 14 83
948 2 83
950 0 73
954 26 73
959 14 83
962 48 73
965 42 77
966 38 77
967 1 77
967 54 77
968 42 83
969 1 83
970 23 83
972 55 83
975 47 83
982 21 83
986 56 83
993 38 83
997 32 87
997 62 83
999 26 83
1000 36 83
1003 37 73
1004 7 83
1009 17 77
1016 32 77
1016 29 87
1018 33 73
1019 48 73
1019 11 73
1019 21 83
1021 41 83
1022 53 77
1025 10 77
1026 41 77
1027 2 83
1028 32 83
1031 50 73
1031 35 77
1032 1 83
1032 30 77
1032 63 73
1035 17 83
1035 18 73
1036 37 83
1039 49 87
1044 51 83
1047 45 73
1056 30 77
1056 7 83
1057 56 83
1057 33 83
1063 24 83
1069 60 83
1071 42 83
1071 29 83
1072 5 73
1074 0 77
1074 54 83
1076 54 83
1078 3 77
1079 37 83
1083 42 83
1086 37 83
1087 50 73
1088 13 83
1092 42 77
1102 32 73
1103 30 83
1106 51 83
1108 6 83
1111 15 83
1114 2 73
1116 1 83
1119 5 73
1122 44 77
1123 62 83
1124 36 77
1127 21 83
1128 48 83
1129 37 83
1133 52 77
1133 39 73
1135 59 83
1137 19 77
1138 25 83
1147 14 77
1147 15 73
1150 60 83
1155 50 83
1162 5 87
1179 10 83
1179 62 83
1186 36 83
1188 42 83
1191 19 83
1199 12 83
1200 10 83
1205 46 83
1206 59 83
1207 19 83
1213 40 83
1214 59 83
1280 13 83
1286 56 83
1286 18 73
1288 25 83
1291 32 83
1292 47 73
1294 15 73
1295 59 83
1295 63 83
1298 59 83
1304 21 77
1306 46 77
1307 49 77
1307 42 83
1308 3 83
1312 50 83
1316 31 73
1317 38 83
1318 38 83
1318 7 77
1322 42 83
1322 8 83
1326 23 73
1326 34 73
1326 63 73
1326 45 83
1333 29 77
1336 54 77
1336 46 83
1338 23 77
1342 36 83
1342 15 83
324 1022 90
329 1053 80
331 432 90
336 675 90
340 629 84
341 1126 94
342 384 84
346 677 94
348 911 94
349 696 94
349 1169 90
359 540 90
364 500 76
365 1004 84
367 448 84
367 774 94
367 1000 84
367 370 90
374 983 94
380 879 94
381 540 94
382 1285 94
382 823 94
386 648 80
386 901 94
388 407 94
392 809 84
407 506 90
412 1248 80
412 744 84
412 1049 84
418 1280 80
418 792 94
425 1129 84
427 793 84
429 780 90
438 687 94
440 1034 80
441 1018 84
442 1310 84
449 1087 94
451 688 98
451 835 84
451 711 94
452 581 88
454 809 88
457 366 76
459 579 84
459 902 84
459 407 94
460 621 84
464 1092 94
464 486 94
468 585 90
473 501 94
478 433 80
478 787 84
478 1118 84
487 1050 88
488 1021 88
488 1309 94
495 1187 94
496 660 80
499 1328 90
503 953 90
504 895 90
509 491 80
509 734 84
516 711 84
532 726 94
554 1120 88
555 714 84
555 1108 84
556 1211 86
558 992 84
564 1159 86
565 460 84
567 397 94
577 454 94
583 598 88
585 874 94
591 1333 84
592 958 80
594 1294 94
595 861 90
595 359 85
597 810 84
598 894 94
599 788 84
600 994 94
600 1141 84
601 1027 86
601 927 80
613 958 84
622 600 88
622 737 80
623 573 94
623 830 94
625 1053 94
626 444 90
629 1082 80
638 1112 90
643 390 84
646 416 84
647 576 94
649 880 84
652 649 84
656 1283 88
664 978 90
667 1181 90
668 332 81
669 1339 94
670 619 84
673 321 76
673 959 80
678 538 84
678 774 94
688 338 94
703 442 94
710 914 90
712 1313 90
713 372 80
716 1327 84
716 671 84
723 778 84
723 1295 88
729 356 71
733 917 90
742 917 94
744 1313 84
748 561 76
748 1332 94
752 986 84
758 1080 84
760 880 84
760 1077 94
766 739 94
776 744 94
776 1295 94
777 1096 80
778 444 90
778 892 84
780 444 84
780 1134 94
794 755 94
794 1111 84
802 1229 84
806 810 80
806 350 90
808 413 84
815 1040 84
815 1222 84
815 678 88
823 365 71
827 755 84
828 396 84
834 556 86
841 479 71
845 440 81
849 1240 71
851 886 81
854 1269 75
856 659 98
863 1003 90
872 556 79
872 753 79
873 1117 85
877 723 79
878 861 85
880 1125 80
885 1059 84
890 534 84
893 1322 90
893 989 90
894 594 90
897 634 80
897 1070 86
902 827 90
904 784 80
907 847 94
916 691 94
918 828 90
923 1114 94
929 1047 80
932 494 84
933 1031 94
933 366 94
933 991 84
936 1150 84
937 373 81
938 854 80
940 492 84
941 878 84
947 515 88
947 390 90
953 579 80
956 556 84
962 890 84
969 667 84
977 992 90
977 594 94
977 500 84
981 698 94
981 1158 86
982 1110 90
986 615 80
987 1290 94
990 899 94
990 374 81
992 739 90
994 1021 80
996 1016 84
998 1106 88
1001 568 90
1004 1136 80
1008 1134 84
1014 345 84
1020 1182 90
1021 540 94
1026 1092 90
1032 953 90
1039 365 71
1048 1105 94
1048 474 84
1048 1175 90
1049 327 80
1052 491 94
1057 892 94
1059 1336 94
1059 738 94
1066 401 94
1068 823 94
1072 1129 80
1076 584 86
1078 1018 84
1083 463 84
1084 1138 76
1084 1290 90
1087 940 94
1088 669 94
1092 1341 94
1097 685 90
1098 564 94
1105 470 84
1110 1010 80
1111 372 80
1115 425 94
1116 338 90
1116 771 84
1119 756 94
1120 790 84
1124 832 84
1125 755 90
1126 380 90
1127 576 94
1128 531 80
1130 1135 84
1135 1108 94
1138 1317 80
1140 338 94
1140 829 84
1141 1127 94
1142 557 94
1144 585 90
1144 1255 80
1154 636 90
1169 1286 79
1188 499 94
1196 452 94
1200 652 90
1200 335 94
1207 1025 94
1219 438 80
1220 811 80
1225 461 80
1228 1018 84
1252 394 89
1252 455 89
1255 1186 89
1255 645 79
1257 1136 76
1258 601 80
1261 976 80
1265 897 84
1274 933 89
1276 889 89
1276 1292 89
1276 885 89
1276 526 79
1277 1235 71
1278 770 85
1279 656 89
1281 339 71
1286 1065 84
1286 1277 84
1292 529 94
1292 853 94
1295 472 80
1295 1118 84
1297 563 90
1304 911 90
1308 779 80
1313 480 84
1318 556 94
1322 920 84
1323 1136 84
1327 329 94
1328 640 90
1339 738 94
1340 545 94
1342 592 80
837 27 79
837 15 69
838 9 79
838 52 79
839 49 73
839 4 79
857 31 79
858 45 69
858 7 79
859 31 69
860 7 79
861 26 73
863 33 77
864 35 83
864 60 73
870 52 79
881 29 83
881 47 83
886 50 79
886 51 79
891 35 73
893 25 83
894 63 77
1154 43 69
1159 20 77
1160 2 73
1161 7 73
1162 63 77
1163 57 77
1168 23 83
1169 37 83
1171 47 83
1182 26 69
1191 44 77
1195 55 77
1196 10 77
1205 63 77
1214 60 73
1220 13 83
1221 31 83
1226 9 69
1228 44 73
1228 29 73
1236 40 73
1238 24 77
1238 44 77
1241 41 77
1243 50 77
1244 16 83
1244 7 73
1247 47 79
1256 25 69
1258 54 83
1263 37 73
1265 2 77
1267 16 83
1267 12 83
1270 48 77
331 1263 90
505 1276 86
555 1240 82
590 1277 90
689 1247 94
711 1179 76
724 1241 94
758 1273 86
811 1277 90
840 1144 90
840 515 86
841 520 76
845 324 71
845 406 90
847 1280 90
847 779 94
851 962 94
851 581 86
854 633 94
872 787 76
874 547 76
876 516 90
1008 1273 86
1049 1213 72
1154 1119 84
1159 1093 84
1161 411 84
1169 899 94
1169 649 90
1175 774 94
1177 839 84
1191 634 84
1199 938 88
1205 1128 88
1205 500 80
1219 1186 76
1219 975 94
1223 1327 94
1226 852 86
1228 1069 86
1232 373 81
1240 1203 90
1243 1176 76
1247 1039 94
1249 1241 84
1257 1001 90
1262 351 67
1266 1208 90
323 44 88
326 19 74
327 9 88
329 54 78
332 14 88
333 51 78
335 44 88
335 55 78
339 2 70
345 8 78
345 49 88
345 20 88
350 40 78
353 56 78
353 4 78
354 24 82
354 12 80
355 5 74
357 51 84
359 49 88
360 10 82
361 38 88
369 13 92
370 59 88
370 23 82
372 25 80
382 62 84
385 40 88
388 49 70
390 27 78
392 37 78
392 63 88
394 8 78
396 20 88
400 35 80
401 41 74
404 43 88
406 62 88
409 26 84
410 2 88
412 40 88
412 26 78
413 56 88
416 15 74
418 42 80
419 49 78
423 42 88
423 62 88
425 49 82
427 23 74
432 44 78
437 19 88
441 9 74
442 53 78
448 48 84
450 13 78
452 13 78
456 3 78
457 51 88
458 52 88
460 40 88
461 24 80
463 8 84
470 23 78
473 4 88
476 35 82
476 11 74
479 27 88
480 2 88
482 12 92
485 34 80
485 4 84
488 62 74
489 58 78
493 0 88
498 53 78
499 56 88
501 42 78
501 60 88
504 0 74
509 40 78
512 38 78
512 47 88
512 24 82
522 42 74
525 45 78
529 8 88
532 50 78
538 63 80
540 43 74
543 19 78
543 21 78
544 39 88
544 28 78
547 60 88
550 16 88
552 40 82
556 24 78
556 6 84
557 62 70
561 8 88
561 21 88
563 44 78
568 62 78
570 34 78
570 37 88
572 17 74
574 13 78
575 51 78
576 40 82
576 39 88
577 29 88
579 9 92
580 24 82
580 22 74
582 27 74
583 55 78
584 47 84
586 49 88
586 27 78
587 62 88
594 49 78
594 15 78
597 12 82
598 48 80
599 13 84
602 11 88
603 29 88
604 56 78
604 9 88
604 13 82
618 42 88
621 10 74
629 4 80
638 23 74
640 57 78
645 6 88
646 63 78
648 57 78
649 42 88
649 45 88
653 34 78
654 52 80
655 39 74
656 60 84
657 41 88
657 62 82
660 59 82
662 10 88
663 62 88
664 59 88
668 41 70
670 27 78
675 19 84
675 29 88
682 46 78
682 63 78
683 15 78
686 43 82
688 51 82
689 21 78
691 26 78
694 3 88
698 40 70
698 15 88
701 32 88
701 18 78
703 6 88
706 3 92
707 40 74
707 41 78
711 4 84
712 31 78
713 32 88
714 49 78
714 37 88
716 39 88
716 46 78
719 5 78
720 57 78
736 57 70
736 50 78
736 21 78
737 56 88
737 25 78
742 3 82
742 20 88
744 42 74
744 27 78
744 1 84
748 54 82
748 38 88
752 33 88
752 15 82
758 42 74
761 4 92
761 16 74
765 9 80
765 53 84
766 18 88
769 38 88
773 57 88
778 27 78
779 13 78
783 55 78
785 62 80
788 58 74
791 8 88
793 38 88
795 41 78
807 34 82
812 15 88
816 48 88
816 22 82
817 50 70
817 12 80
818 52 84
822 39 88
825 28 78
828 54 88
830 45 88
834 48 84
836 33 84
837 10 80
838 0 84
839 45 84
839 47 74
840 20 69
841 36 79
841 41 73
845 5 73
847 59 77
852 2 75
852 11 75
852 45 79
853 34 73
853 20 83
853 63 83
854 7 83
856 31 74
857 44 84
858 5 70
862 48 74
862 4 78
864 5 80
864 55 84
866 43 84
866 34 84
872 36 87
872 62 87
874 19 75
874 57 69
876 37 79
879 7 69
880 53 74
888 42 74
892 24 74
895 7 84
897 10 78
897 6 80
899 41 70
902 53 84
912 42 88
913 43 88
914 20 78
916 27 88
921 36 88
922 42 78
922 21 74
922 7 78
931 40 78
931 45 78
932 49 82
932 12 88
932 39 88
933 30 82
935 5 74
937 7 74
939 40 78
942 29 78
946 30 88
948 35 88
950 24 88
950 46 88
955 41 78
962 40 78
964 18 80
964 3 74
965 50 78
965 13 88
968 43 88
969 33 82
975 52 92
977 18 74
977 22 92
977 55 80
978 9 74
978 34 78
979 9 88
979 44 88
987 19 88
989 52 88
991 43 78
997 12 78
1000 53 80
1003 17 84
1003 19 74
1005 25 78
1008 42 82
1008 18 82
1010 60 74
1010 22 88
1011 40 78
1011 4 74
1012 59 88
1012 45 84
1014 51 78
1015 31 88
1018 42 88
1018 60 78
1018 38 78
1022 54 88
1025 63 74
1026 43 80
1027 47 84
1035 19 82
1037 27 82
1039 12 74
1041 61 88
1041 13 78
1044 41 78
1044 61 74
1050 3 78
1052 53 88
1052 22 78
1053 3 78
1053 26 88
1058 24 88
1058 62 82
1060 63 88
1062 56 80
1065 25 84
1065 23 78
1066 22 88
1068 2 74
1069 59 78
1074 43 88
1079 58 88
1082 1 88
1084 55 80
1086 4 84
1089 54 88
1092 45 88
1096 40 74
1101 17 78
1101 21 88
1102 61 78
1103 2 78
1103 14 74
1106 58 78
1106 61 84
1108 29 88
1110 7 82
1112 50 74
1118 52 88
1120 26 78
1120 37 78
1121 59 80
1123 50 88
1125 34 74
1125 46 84
1126 19 88
1126 47 88
1129 10 78
1133 63 78
1134 21 88
1134 38 80
1136 30 84
1137 32 88
1137 61 88
1138 3 74
1144 58 88
1169 2 73
1170 4 73
1171 44 73
1179 51 88
1179 59 88
1184 50 88
1186 34 80
1188 62 84
1193 15 84
1195 7 88
1201 4 88
1205 23 88
1208 8 88
1213 35 88
1213 39 88
1219 44 70
1226 47 74
1244 8 74
1248 31 83
1253 43 83
1254 23 73
1274 43 75
1275 6 79
1277 36 73
1279 48 77
1280 35 78
1281 12 78
1284 26 88
1285 8 88
1286 35 88
1287 3 88
1287 30 80
1288 1 70
1292 40 78
1294 49 88
1294 25 78
1295 42 88
1297 34 78
1297 62 78
1299 16 78
1303 61 80
1310 53 88
1312 5 74
1312 12 82
1312 25 88
1313 19 88
1315 21 82
1318 42 74
1322 25 74
1328 13 78
1328 8 84
1329 12 78
1330 58 78
1332 59 88
1336 27 88
1338 50 78
854 366 73
940 1225 86
1171 336 63
1202 1231 94
1248 930 82
1248 1069 94
1249 370 81
1254 505 94
1273 647 94
1273 1199 90
1278 594 82
1279 1333 90
840 53 74
841 43 80
841 28 76
849 56 74
849 46 66
850 55 74
851 42 92
853 35 70
872 56 70
873 40 84
874 13 84
874 18 74
876 2 74
1165 28 70
1169 60 80
1170 7 84
1173 36 80
1175 36 88
1179 24 78
1181 9 82
1182 58 74
1186 14 78
1186 53 78
1193 10 78
1195 60 78
1199 5 78
1203 22 78
1204 51 78
1205 39 82
1223 24 88
1223 15 88
1226 7 88
1231 10 88
1234 24 88
1238 62 84
1241 49 84
1248 19 70
1251 44 78
1251 55 78
1252 59 78
1253 38 78
1254 9 78
1255 49 82
1262 35 80
1263 2 88
1268 4 88
1279 8 70
1279 15 78
1169 21 74
1171 38 78
1172 41 78
1173 40 82
1173 26 74
1254 61 84
1274 32 84
1275 58 88
1277 60 84
1278 47 88
