326 562 131
345 1069 143
353 837 143
354 972 143
359 644 143
362 808 143
367 1195 143
380 1342 143
383 584 131
383 634 143
404 917 143
406 790 143
408 1197 143
416 1330 143
419 919 143
422 954 143
422 447 131
432 620 143
435 580 143
437 1216 143
438 744 143
440 1294 143
442 1008 143
444 1279 143
446 1142 131
449 1284 143
454 1000 143
468 721 143
476 1038 143
480 659 143
482 1106 143
487 959 143
512 450 131
518 1097 143
524 874 143
529 927 143
542 946 143
544 394 143
546 794 143
546 435 143
561 498 131
561 687 143
566 1271 143
572 440 143
574 693 143
580 1180 143
586 987 143
591 698 143
592 1046 131
593 1106 143
594 1074 143
595 845 143
599 399 143
602 772 143
616 698 143
620 568 143
625 1083 131
668 409 143
677 1231 143
687 761 143
694 1091 143
703 534 143
703 917 143
712 769 143
713 898 131
729 752 143
730 1219 143
759 544 143
760 447 143
763 616 143
769 546 143
775 1160 143
779 1004 131
784 1340 143
784 429 143
787 691 143
802 1337 143
802 1182 143
807 998 143
810 703 143
817 457 131
818 464 143
828 529 143
836 596 139
838 520 139
866 1192 139
870 1247 139
880 1173 143
888 687 131
893 444 139
901 1298 139
910 1307 143
912 503 143
915 552 143
920 623 143
922 561 147
923 835 131
933 664 143
944 558 143
947 1000 143
954 761 143
954 659 143
961 1112 143
965 893 143
968 1214 131
969 1202 143
970 522 143
981 870 143
989 410 143
1009 1292 143
1009 1302 143
1011 1065 143
1016 460 131
1031 418 143
1034 527 143
1039 1033 143
1039 592 143
1041 593 143
1044 990 143
1046 869 143
1048 654 131
1067 790 143
1070 444 143
1076 842 143
1089 1019 143
1094 678 143
1096 1264 143
1097 1077 143
1108 555 131
1118 392 143
1120 425 143
1123 774 143
1125 938 143
1127 1306 143
1134 558 143
1228 1296 139
1232 945 131
1234 447 139
1236 1270 143
1238 652 143
1258 670 143
1261 1322 143
1262 1228 143
1263 1191 143
1265 985 131
1291 412 143
1291 1278 143
1304 452 143
1329 586 143
463 377 139
841 1177 139
847 879 143
854 1070 127
872 667 135
879 1091 139
1159 1278 135
1165 904 143
1176 1058 143
1184 1211 143
1195 1276 147
1202 1144 127
1207 1290 143
1214 700 143
1248 1191 135
1248 977 143
1249 1126 143
1312 381 139
321 53 137
326 54 125
332 48 137
336 30 137
340 31 137
345 5 137
348 41 137
353 3 137
379 15 137
384 33 125
385 54 137
398 62 137
400 60 137
406 10 137
406 25 137
410 9 137
413 9 137
426 35 125
427 28 137
433 44 137
434 33 137
438 61 137
440 12 137
446 1 137
454 38 137
458 49 125
463 14 137
464 43 137
467 55 137
479 33 137
479 34 137
483 31 137
483 55 137
489 36 125
493 10 137
498 38 137
500 10 137
500 42 137
500 31 137
522 45 137
524 48 137
526 34 125
534 37 137
541 15 137
542 33 137
542 50 137
546 57 137
554 24 137
564 57 137
564 35 125
564 15 137
570 0 137
574 37 137
586 16 137
587 57 137
590 25 137
597 28 137
599 2 125
600 40 137
603 43 137
614 15 137
626 14 137
628 34 137
629 35 137
629 37 137
631 62 125
632 48 137
634 54 137
634 30 137
635 0 137
635 4 137
640 34 137
646 3 137
647 44 125
668 0 137
670 43 137
671 52 137
671 13 137
677 34 137
685 33 137
687 5 137
688 29 125
693 14 137
696 6 137
700 36 137
713 39 137
713 42 137
720 35 137
726 6 137
729 9 125
734 27 137
734 54 137
737 20 137
745 57 137
752 53 137
753 43 137
753 46 137
755 16 125
761 49 137
767 39 137
770 43 137
778 50 137
779 4 137
792 48 137
792 40 137
816 7 125
824 62 137
827 35 137
827 44 137
832 22 133
835 43 133
857 46 133
859 6 137
861 61 125
866 18 133
885 3 133
888 16 133
889 25 133
891 63 133
894 15 133
904 27 141
919 40 125
923 44 137
927 56 137
927 58 137
931 3 137
938 57 137
940 10 137
941 7 137
950 48 125
956 41 137
958 14 137
961 19 137
967 44 137
968 63 137
970 40 137
970 50 137
971 18 125
972 7 137
979 17 137
987 44 137
989 33 137
994 56 137
994 14 137
1000 19 137
1004 44 125
1005 20 137
1009 52 137
1020 62 137
1028 42 137
1028 21 137
1029 54 137
1032 43 137
1034 29 125
1038 50 137
1044 18 137
1052 46 137
1052 23 137
1053 4 137
1057 27 137
1062 49 137
1062 60 125
1084 14 137
1114 44 137
1114 54 137
1115 40 137
1115 63 137
1116 29 137
1118 49 137
1118 40 125
1119 50 137
1128 33 137
1132 52 137
1136 26 137
1138 31 137
1139 1 137
1140 37 137
1142 19 125
1144 40 137
1150 24 137
1216 45 133
1221 50 137
1225 59 137
1225 4 137
1240 49 137
1243 34 125
1243 45 133
1246 3 137
1256 26 137
1266 61 137
1270 41 137
1271 25 137
1280 14 137
1280 30 125
1285 52 137
1297 43 137
1298 9 137
1299 26 137
1307 12 137
1312 7 137
1319 19 137
1328 39 125
1329 13 137
1338 16 137
399 323 139
404 345 135
500 346 139
559 354 135
628 332 139
629 346 123
689 338 135
911 338 139
978 359 135
1065 339 139
1170 1048 143
847 13 133
874 51 137
1154 44 121
1155 46 137
1167 9 137
1177 14 137
1181 39 137
1186 7 137
1205 12 137
1205 17 137
1207 46 121
1208 24 137
1208 43 137
321 1128 89
324 384 89
324 1134 79
330 800 83
337 1340 89
338 425 89
341 956 89
342 1193 89
344 1124 79
353 501 83
355 1191 89
361 585 83
369 907 83
369 1087 79
373 1111 83
374 1091 83
376 817 89
376 407 89
379 1093 83
380 1159 83
383 966 89
385 833 89
385 1114 89
392 419 89
393 413 89
393 1158 79
396 837 83
404 964 83
412 1266 89
420 997 79
432 1238 83
433 701 89
439 1035 89
439 1220 83
440 1327 83
440 1238 89
440 1277 89
441 806 89
441 577 89
444 948 79
454 438 89
455 832 89
458 637 89
460 835 89
461 1235 89
467 1298 79
470 878 83
472 752 79
473 394 83
473 1123 83
474 1058 83
480 579 83
482 931 89
494 1260 79
494 1021 89
496 887 93
500 1050 83
502 1154 83
512 678 89
512 1159 89
512 526 83
512 952 89
516 989 89
518 765 89
520 1253 89
520 1269 79
521 1263 83
522 806 89
522 622 93
525 421 79
526 656 83
526 538 89
526 579 89
542 859 83
544 554 89
544 836 83
544 1105 89
558 427 79
558 1246 89
565 496 89
568 1161 79
579 1076 83
585 504 83
586 899 83
588 952 89
592 802 89
597 1169 79
602 392 83
603 1160 83
613 838 89
628 1154 89
631 1262 83
633 915 83
637 941 79
640 1204 89
643 712 83
643 1027 83
646 889 83
647 968 89
647 396 89
653 683 89
655 863 89
667 1078 79
669 994 83
670 710 83
671 1235 79
672 529 93
684 749 83
685 561 83
686 694 79
694 498 83
698 944 83
700 886 89
701 1065 83
715 938 89
719 1248 89
719 768 89
720 649 89
720 561 89
723 879 79
733 529 79
738 433 83
738 729 83
741 1251 83
755 628 89
758 894 79
760 825 83
761 421 83
769 1028 83
770 1008 89
770 1247 83
771 894 83
772 1291 83
772 1222 89
773 1275 89
774 1124 89
776 446 79
779 545 83
783 887 83
783 1150 83
785 480 83
788 653 89
790 1122 79
795 1338 89
800 416 89
802 1216 79
805 1123 83
807 419 83
814 932 93
815 888 89
819 1171 89
824 790 79
824 470 83
826 649 89
828 473 83
830 644 89
830 502 89
856 986 79
856 990 79
857 1248 79
866 793 79
888 948 79
893 584 79
895 541 79
900 978 89
900 1203 89
901 1039 89
903 1178 89
911 452 79
911 1140 89
913 622 89
913 662 89
916 635 83
917 1231 89
918 603 89
927 698 89
929 840 79
930 1173 93
941 1285 79
942 970 83
945 573 93
950 1203 79
954 1106 89
954 407 89
955 1296 89
955 435 83
958 538 83
966 1075 89
970 1201 83
972 832 79
972 913 79
972 981 89
978 454 89
979 410 83
979 1001 93
993 579 93
996 1110 89
999 841 89
1000 401 89
1001 885 89
1004 1147 79
1005 1125 89
1012 994 89
1014 1081 83
1020 1058 83
1022 1068 89
1025 496 79
1028 1062 83
1029 917 93
1030 1176 89
1030 938 83
1030 1228 89
1032 654 83
1035 558 89
1039 931 89
1041 601 79
1041 545 83
1049 779 89
1052 1225 89
1053 1128 83
1053 866 89
1057 1177 79
1068 412 89
1069 558 83
1074 1252 89
1080 1079 83
1081 1197 83
1083 1118 83
1087 1172 89
1088 1101 89
1088 1037 89
1089 1136 89
1092 791 89
1094 1257 79
1095 1182 83
1097 484 89
1098 684 93
1098 583 79
1099 1026 83
1099 1326 89
1112 1222 89
1119 525 89
1122 1029 89
1123 902 83
1123 1029 83
1126 1248 89
1127 1060 79
1133 1027 79
1134 599 83
1150 1216 83
1226 649 89
1232 386 93
1240 1290 93
1274 933 89
1276 889 89
1276 1292 89
1276 885 89
1278 770 89
1279 656 89
1283 1194 79
1288 834 83
1288 917 89
1292 739 79
1298 562 93
1306 632 83
1307 1120 89
1310 976 89
1310 869 89
1313 609 89
1322 724 79
1326 1319 89
1328 793 89
1330 1336 89
1332 766 93
1335 396 89
1342 778 89
1169 52 129
1170 20 125
432 381 85
612 380 85
823 365 75
833 1060 85
841 479 75
849 1240 75
854 1269 75
858 870 89
859 1197 85
861 566 85
862 1022 85
863 1275 85
871 818 85
872 556 79
872 753 83
877 723 75
888 763 85
894 1030 89
937 373 85
990 374 85
1039 365 75
1124 377 79
1154 1010 89
1157 498 79
1158 1259 89
1162 677 79
1165 429 83
1167 468 89
1167 1247 89
1176 416 83
1180 1252 89
1182 804 79
1182 1134 93
1186 1184 79
1188 443 93
1188 1058 83
1194 688 89
1194 1021 89
1197 596 83
1200 1012 85
1204 591 89
1207 1277 79
1208 801 83
1210 1003 89
1213 1050 89
1223 568 83
1223 761 83
1226 1338 75
1232 373 85
1241 634 79
1246 948 83
1252 394 93
1252 455 89
1255 1186 89
1256 726 83
1261 1038 75
1263 1248 83
1264 1042 83
1268 1082 83
1276 526 83
1277 1235 79
323 48 83
323 19 83
324 40 83
324 46 83
326 10 73
331 31 83
333 24 77
333 23 87
336 59 77
338 11 77
341 14 73
345 56 77
346 48 77
346 13 73
355 57 77
362 24 77
362 6 83
364 7 77
367 30 83
373 7 83
380 2 83
381 0 83
381 22 83
384 24 73
384 29 83
386 48 77
388 62 83
388 22 83
397 7 73
399 27 83
405 0 77
405 35 83
406 24 77
406 63 83
407 42 73
410 11 83
411 11 77
412 36 77
421 52 77
422 20 77
425 44 83
426 24 83
426 12 83
426 61 73
427 45 77
434 43 77
434 22 83
435 22 77
438 54 77
439 41 77
441 59 83
444 41 83
444 61 83
444 46 73
449 19 83
457 7 83
460 23 83
461 41 87
467 3 83
479 42 83
481 42 83
481 61 73
483 5 83
487 58 83
492 38 77
495 23 83
499 46 83
505 53 73
514 46 83
517 26 83
521 27 77
524 39 77
525 61 77
526 49 83
530 1 73
530 46 83
543 18 83
544 42 77
545 56 83
546 58 77
554 29 77
559 50 83
563 56 73
565 35 73
565 38 77
570 48 83
570 35 87
573 37 77
574 17 83
579 52 83
583 14 83
586 22 73
588 9 77
588 38 83
595 14 77
602 54 83
603 41 83
604 51 77
608 48 83
609 4 73
611 0 87
612 19 83
612 21 77
625 0 83
625 60 83
626 47 77
629 53 83
629 27 73
631 40 77
632 17 77
635 18 83
647 34 83
647 30 77
652 31 83
653 32 73
653 8 77
657 35 73
660 31 77
663 47 77
667 10 77
670 57 87
670 28 77
671 18 83
686 35 83
686 58 83
687 1 73
688 20 77
688 55 83
689 48 83
698 29 77
701 19 83
701 20 83
706 45 73
706 31 87
707 60 77
708 17 83
710 17 77
711 2 83
711 3 73
712 34 83
712 44 77
713 48 83
714 58 83
715 10 83
716 33 77
719 6 83
721 15 73
723 50 83
724 27 77
724 11 83
729 7 83
737 31 83
742 41 77
747 47 83
748 26 83
749 55 83
756 0 83
759 26 87
759 15 83
760 50 73
760 24 77
761 40 77
761 5 73
761 63 77
767 25 77
770 3 83
770 41 83
770 26 77
772 14 73
777 20 83
778 32 73
779 11 77
779 59 83
782 17 83
790 60 83
791 49 77
795 32 77
795 58 87
800 51 73
802 44 77
805 29 83
806 12 77
809 62 83
814 44 83
817 23 73
819 24 83
826 37 73
828 15 77
837 15 73
839 49 73
858 45 73
859 31 73
861 26 73
863 33 73
864 60 73
891 35 73
894 63 73
898 20 83
898 38 73
903 3 77
907 60 83
908 53 77
911 28 73
913 23 73
915 45 87
916 4 87
916 20 83
917 4 77
919 34 83
919 59 77
921 57 73
925 14 77
927 25 83
927 55 77
930 24 77
932 36 83
933 56 77
937 59 73
940 40 83
940 54 83
944 30 73
945 40 77
946 14 83
948 2 87
950 0 77
954 26 77
959 14 83
962 48 73
965 42 77
966 38 77
967 1 73
967 54 77
968 42 83
969 1 83
970 23 83
972 55 83
975 47 83
982 21 83
986 56 87
993 38 83
997 32 83
997 62 87
999 26 83
1000 36 83
1003 37 73
1004 7 83
1009 17 77
1016 32 77
1016 29 83
1018 33 77
1019 48 73
1019 11 77
1019 21 83
1021 41 83
1022 53 77
1025 10 77
1026 41 77
1027 2 83
1028 32 83
1031 50 73
1031 35 77
1032 1 83
1032 30 77
1032 63 77
1035 17 83
1035 18 77
1036 37 83
1039 49 83
1044 51 87
1047 45 73
1056 30 77
1056 7 83
1057 56 83
1057 33 83
1063 24 83
1069 60 83
1071 42 83
1071 29 83
1072 5 73
1074 0 77
1074 54 87
1076 54 83
1078 3 73
1079 37 83
1083 42 83
1086 37 83
1087 50 77
1088 13 83
1092 42 77
1102 32 77
1103 30 83
1106 51 83
1108 6 87
1111 15 83
1114 2 73
1116 1 83
1119 5 77
1122 44 77
1123 62 83
1124 36 73
1127 21 83
1128 48 83
1129 37 83
1133 52 77
1133 39 77
1135 59 83
1137 19 73
1138 25 83
1147 14 77
1147 15 77
1150 60 83
1220 13 83
1221 31 83
1244 16 83
1247 47 83
1258 54 83
1267 16 83
1267 12 83
1274 43 83
1275 6 83
1280 13 83
1286 56 83
1286 18 73
1288 25 83
1291 32 83
1292 47 77
1294 15 77
1295 59 83
1295 63 87
1298 59 83
1304 21 73
1306 46 77
1307 49 77
1307 42 83
1308 3 83
1312 50 83
1316 31 77
1317 38 83
1318 38 83
1318 7 73
1322 42 83
1322 8 87
1326 23 73
1326 34 77
1326 63 77
1326 45 83
1333 29 73
1336 54 77
1336 46 83
1338 23 77
1342 36 83
1342 15 83
324 1022 90
329 1053 88
331 432 90
331 1263 94
336 675 94
340 629 80
341 1126 94
342 384 88
346 677 94
348 911 94
349 696 90
359 540 94
364 500 88
365 1004 88
367 448 88
367 774 94
367 1000 88
367 370 98
374 983 94
380 879 86
381 540 94
382 1285 94
382 823 94
386 648 88
386 901 94
388 407 94
392 809 84
407 506 94
412 1248 80
412 744 88
412 1049 88
418 1280 88
418 792 94
425 1129 88
427 793 84
429 780 90
438 687 94
440 1034 88
441 1018 88
442 1310 80
449 1087 94
451 688 94
451 835 84
451 711 94
452 581 88
454 809 88
457 366 88
459 579 88
459 902 88
459 407 98
460 621 84
464 1092 94
464 486 94
468 585 94
473 501 94
478 433 80
478 787 88
478 1118 88
487 1050 84
488 1021 88
488 1309 94
496 660 88
499 1328 94
503 953 94
504 895 94
505 1276 94
509 491 84
509 734 88
516 711 80
532 726 94
554 1120 88
555 1240 94
555 714 88
555 1108 88
558 992 84
565 460 88
567 397 94
577 454 94
583 598 88
585 874 94
590 1277 94
591 1333 88
592 958 76
594 1294 90
595 861 94
595 359 85
597 810 88
598 894 94
599 788 88
600 994 94
600 1141 84
601 1027 94
601 927 88
613 958 88
622 600 88
622 737 88
623 573 94
623 830 94
625 1053 94
626 444 94
629 1082 76
638 1112 94
643 390 88
646 416 88
647 576 94
649 880 88
652 649 84
656 1283 88
664 978 90
668 332 85
669 1339 94
670 619 88
673 321 88
673 959 80
678 538 84
678 774 94
688 338 94
689 1247 90
703 442 94
710 914 94
712 1313 94
713 372 88
716 1327 84
716 671 88
723 778 88
723 1295 88
724 1241 94
729 356 71
733 917 94
742 917 94
744 1313 76
748 561 88
748 1332 94
752 986 88
758 1080 88
758 1273 94
760 880 88
760 1077 94
766 739 90
776 744 94
776 1295 94
777 1096 88
778 444 90
778 892 88
780 444 88
780 1134 98
794 755 94
794 1111 76
802 1229 80
806 810 88
806 350 94
808 413 88
811 1277 94
815 1040 88
815 1222 80
815 678 88
827 755 88
828 396 80
834 556 86
845 440 85
851 886 81
856 659 94
863 1003 90
873 1117 85
878 861 85
880 1125 84
885 1059 84
890 534 84
893 1322 98
893 989 94
894 594 86
897 634 84
897 1070 94
902 827 94
904 784 88
907 847 94
916 691 94
918 828 98
923 1114 94
929 1047 84
932 494 88
933 1031 94
933 366 94
933 991 80
936 1150 88
938 854 88
940 1225 86
940 492 88
941 878 88
947 515 88
947 390 94
953 579 88
956 556 88
962 890 80
969 667 84
977 992 94
977 594 94
977 500 88
981 698 94
982 1110 94
986 615 88
987 1290 94
990 899 86
992 739 94
994 1021 88
996 1016 88
998 1106 88
1001 568 94
1004 1136 88
1008 1273 98
1008 1134 76
1014 345 88
1021 540 94
1026 1092 94
1032 953 94
1048 1105 94
1048 474 88
1049 327 88
1052 491 86
1057 892 94
1059 1336 94
1059 738 94
1066 401 94
1068 823 94
1072 1129 88
1076 584 94
1078 1018 84
1083 463 88
1084 1138 88
1084 1290 94
1087 940 94
1088 669 94
1092 1341 94
1097 685 94
1098 564 86
1105 470 80
1110 1010 88
1111 372 88
1115 425 94
1116 338 94
1116 771 88
1119 756 94
1120 790 84
1124 832 88
1125 755 94
1126 380 94
1127 576 94
1128 531 88
1130 1135 88
1135 1108 94
1138 1317 76
1140 338 94
1140 829 88
1141 1127 94
1142 557 94
1144 585 94
1144 1255 84
1169 1286 79
1171 425 81
1219 438 84
1219 975 90
1220 811 88
1223 1327 94
1225 461 88
1226 852 94
1228 1018 88
1228 1069 94
1247 1039 94
1249 370 81
1255 645 79
1257 1136 88
1257 1001 94
1258 601 88
1261 976 88
1265 897 84
1273 647 90
1278 594 94
1279 1333 94
1281 339 75
1286 1065 88
1286 1277 84
1292 529 94
1292 853 90
1295 472 80
1295 1118 88
1297 563 94
1304 911 94
1308 779 88
1313 480 88
1318 556 94
1322 920 84
1323 1136 88
1327 329 94
1328 640 94
1339 738 94
1340 545 90
1342 592 88
837 27 87
838 9 79
838 52 79
839 4 79
840 20 69
841 41 73
845 5 73
847 59 73
853 34 77
857 31 79
858 7 79
860 7 79
864 35 79
870 52 79
874 57 73
879 7 73
881 29 83
881 47 83
886 50 79
886 51 79
893 25 79
1154 43 73
1155 50 83
1159 20 73
1160 2 77
1161 7 73
1162 63 73
1162 5 83
1163 57 77
1179 10 83
1179 62 87
1182 26 77
1186 36 87
1188 42 79
1191 19 83
1191 44 73
1195 55 77
1196 10 77
1199 12 83
1200 10 83
1205 46 83
1205 63 69
1206 59 83
1207 19 83
1213 40 87
1214 59 83
1214 60 73
1226 9 77
1228 44 77
1228 29 69
1236 40 77
1238 24 77
1238 44 77
1241 41 73
1243 50 77
1244 7 77
1248 31 83
1253 43 79
1256 25 77
1263 37 77
1265 2 77
1270 48 77
1277 36 77
1279 48 73
349 1169 90
495 1187 82
556 1211 86
667 1181 90
711 1179 88
840 1144 86
840 515 86
841 520 84
845 324 75
845 406 86
847 1280 86
847 779 86
851 962 86
851 581 86
854 633 90
854 366 85
872 787 88
874 547 80
876 516 90
1020 1182 86
1048 1175 90
1154 636 94
1154 1119 88
1159 1093 88
1161 411 80
1177 839 80
1188 499 94
1191 634 88
1196 452 94
1199 938 88
1200 652 94
1200 335 94
1202 1231 90
1205 1128 80
1205 500 88
1207 1025 94
1219 1186 84
1240 1203 90
1243 1176 88
1248 930 94
1248 1069 90
1249 1241 72
1254 505 94
1262 351 75
1266 1208 90
1273 1199 86
323 44 84
326 19 82
327 9 88
329 54 78
332 14 88
333 51 82
335 44 88
335 55 82
339 2 82
345 8 82
345 49 88
345 20 88
350 40 70
353 56 82
353 4 82
354 24 82
354 12 88
355 5 82
357 51 92
359 49 80
360 10 82
361 38 88
369 13 88
370 59 88
370 23 82
372 25 88
382 62 88
385 40 88
388 49 78
390 27 74
392 37 82
392 63 88
394 8 82
396 20 88
400 35 88
401 41 78
404 43 88
406 62 88
409 26 88
410 2 88
412 40 88
412 26 82
413 56 88
416 15 78
418 42 88
419 49 82
423 42 88
423 62 88
425 49 82
427 23 74
432 44 82
437 19 80
441 9 82
442 53 82
448 48 88
450 13 82
452 13 82
456 3 82
457 51 88
458 52 88
460 40 88
461 24 84
463 8 88
470 23 82
473 4 88
476 35 74
476 11 82
479 27 80
480 2 88
482 12 88
485 34 88
485 4 88
488 62 82
489 58 82
493 0 88
498 53 78
499 56 88
501 42 82
501 60 88
504 0 82
509 40 82
512 38 74
512 47 88
512 24 78
522 42 82
525 45 82
529 8 88
532 50 82
538 63 88
540 43 82
543 19 82
543 21 78
544 39 88
544 28 74
547 60 88
550 16 88
552 40 82
556 24 82
556 6 88
557 62 78
561 8 88
561 21 88
563 44 82
568 62 82
570 34 82
570 37 88
572 17 82
574 13 70
575 51 82
576 40 82
576 39 88
577 29 88
579 9 88
580 24 82
580 22 82
582 27 78
583 55 82
584 47 88
586 49 88
586 27 82
587 62 88
594 49 74
594 15 82
597 12 78
598 48 88
599 13 88
602 11 88
603 29 88
604 56 82
604 9 88
604 13 82
618 42 80
621 10 82
629 4 88
638 23 82
640 57 82
645 6 88
646 63 74
648 57 82
649 42 80
649 45 88
653 34 82
654 52 88
655 39 82
656 60 88
657 41 88
657 62 82
660 59 78
662 10 88
663 62 88
664 59 88
668 41 82
670 27 82
675 19 88
675 29 88
682 46 70
682 63 82
683 15 82
686 43 82
688 51 82
689 21 82
691 26 82
694 3 88
698 40 78
698 15 88
701 32 88
701 18 74
703 6 88
706 3 88
707 40 82
707 41 82
711 4 80
712 31 82
713 32 88
714 49 82
714 37 88
716 39 88
716 46 82
719 5 82
720 57 78
736 57 74
736 50 82
736 21 82
737 56 88
737 25 82
742 3 82
742 20 88
744 42 78
744 27 82
744 1 88
748 54 82
748 38 88
752 33 88
752 15 74
758 42 82
761 4 80
761 16 82
765 9 88
765 53 88
766 18 88
769 38 88
773 57 88
778 27 82
779 13 78
783 55 82
785 62 88
788 58 82
791 8 88
793 38 88
795 41 82
807 34 74
812 15 80
816 48 88
816 22 82
817 50 82
817 12 88
818 52 88
822 39 88
825 28 82
828 54 80
830 45 88
834 48 84
836 33 84
837 10 84
838 0 84
839 45 84
839 47 82
841 36 75
852 2 75
852 11 75
852 45 79
853 20 79
853 63 79
854 7 83
856 31 82
857 44 84
858 5 78
862 48 78
862 4 70
864 5 84
864 55 84
866 43 84
866 34 84
872 36 75
872 62 79
874 19 79
876 37 79
880 53 78
888 42 78
892 24 78
895 7 88
897 10 78
897 6 88
899 41 82
902 53 84
912 42 88
913 43 88
914 20 82
916 27 92
921 36 88
922 42 78
922 21 74
922 7 82
931 40 82
931 45 82
932 49 82
932 12 92
932 39 84
933 30 82
935 5 82
937 7 82
939 40 74
942 29 82
946 30 88
948 35 88
950 24 88
950 46 88
955 41 78
962 40 82
964 18 88
964 3 82
965 50 82
965 13 92
968 43 88
969 33 78
975 52 88
977 18 82
977 22 88
977 55 88
978 9 74
978 34 82
979 9 84
979 44 88
987 19 88
989 52 84
991 43 82
997 12 82
1000 53 88
1003 17 88
1003 19 78
1005 25 82
1008 42 82
1008 18 82
1010 60 74
1010 22 88
1011 40 82
1011 4 82
1012 59 84
1012 45 88
1014 51 82
1015 31 88
1018 42 88
1018 60 82
1018 38 82
1022 54 92
1025 63 78
1026 43 88
1027 47 88
1035 19 82
1037 27 74
1039 12 82
1041 61 88
1041 13 82
1044 41 78
1044 61 82
1050 3 82
1052 53 84
1052 22 82
1053 3 82
1053 26 88
1058 24 88
1058 62 70
1060 63 88
1062 56 88
1065 25 88
1065 23 82
1066 22 88
1068 2 82
1069 59 82
1074 43 84
1079 58 88
1082 1 88
1084 55 84
1086 4 88
1089 54 88
1092 45 88
1096 40 82
1101 17 78
1101 21 88
1102 61 82
1103 2 82
1103 14 74
1106 58 82
1106 61 88
1108 29 88
1110 7 78
1112 50 82
1118 52 88
1120 26 82
1120 37 82
1121 59 88
1123 50 88
1125 34 82
1125 46 84
1126 19 88
1126 47 88
1129 10 82
1133 63 74
1134 21 88
1134 38 88
1136 30 88
1137 32 84
1137 61 88
1138 3 82
1144 58 88
1168 23 83
1169 2 73
1169 37 83
1170 4 77
1171 44 69
1171 47 83
1219 44 78
1223 24 88
1223 15 88
1226 7 88
1226 47 82
1231 10 88
1234 24 84
1238 62 80
1241 49 88
1244 8 82
1254 23 77
1262 35 88
1263 2 88
1268 4 88
1274 32 84
1275 58 84
1277 60 88
1278 47 88
1279 8 82
1279 15 82
1280 35 82
1281 12 82
1284 26 84
1285 8 88
1286 35 84
1287 3 88
1287 30 88
1288 1 82
1292 40 82
1294 49 92
1294 25 78
1295 42 88
1297 34 74
1297 62 82
1299 16 82
1303 61 88
1310 53 88
1312 5 82
1312 12 78
1312 25 88
1313 19 84
1315 21 82
1318 42 82
1322 25 82
1328 13 74
1328 8 88
1329 12 78
1330 58 82
1332 59 88
1336 27 88
1338 50 82
564 1159 90
981 1158 90
1049 1213 88
1169 899 82
1169 649 94
1171 336 75
1175 774 90
840 53 74
841 43 80
841 28 84
849 56 74
849 46 66
850 55 74
851 42 84
853 35 78
872 56 78
873 40 84
874 13 92
874 18 82
876 2 74
1165 28 74
1179 24 82
1179 51 84
1179 59 88
1181 9 74
1182 58 82
1184 50 88
1186 34 88
1186 14 74
1186 53 82
1188 62 88
1193 10 82
1193 15 88
1195 7 88
1195 60 82
1199 5 74
1201 4 88
1203 22 82
1204 51 74
1205 39 82
1205 23 88
1208 8 88
1213 35 88
1213 39 80
1248 19 74
1251 44 82
1251 55 82
1252 59 82
1253 38 82
1254 9 82
1254 61 88
1255 49 66
1169 21 70
1169 60 88
1170 7 88
1171 38 82
1172 41 82
1173 40 82
1173 26 82
1173 36 84
1175 36 88
