320 411 83
321 17 73
321 63 87
321 61 92
321 1341 98
322 0 82
322 562 99
322 607 98
323 0 102
323 24 82
323 34 102
323 11 92
327 31 87
327 7 92
327 45 98
327 535 100
328 22 83
329 824 88
329 1321 88
329 18 147
329 51 92
329 47 88
331 49 97
332 19 141
334 41 141
334 340 89
335 890 147
335 1027 104
336 0 82
336 11 82
336 53 82
336 990 147
336 415 157
337 1090 83
338 58 79
338 852 75
338 398 104
338 526 118
338 63 87
340 1156 143
342 8 93
342 606 95
343 56 102
343 12 77
343 934 98
344 499 103
344 37 82
344 61 92
346 20 84
347 32 92
347 976 93
349 569 98
350 56 87
350 376 103
350 46 92
350 775 80
351 1040 83
351 969 147
351 674 88
351 1261 147
354 24 92
354 964 83
354 22 93
355 2 156
355 356 104
355 40 151
355 951 83
355 55 87
355 26 88
356 47 97
357 25 98
357 1292 103
357 575 147
359 1200 147
359 19 87
360 12 92
360 1182 158
360 55 82
361 28 151
367 22 83
367 55 83
368 51 133
368 34 147
368 459 99
368 446 103
369 34 83
369 12 77
369 706 83
370 40 93
370 1145 89
370 1037 98
370 902 88
372 1036 88
373 1135 84
374 50 102
374 23 83
374 479 94
374 1334 103
374 7 87
375 484 157
375 886 94
376 18 69
376 1310 93
376 1231 94
377 17 78
377 1133 153
378 33 78
379 57 92
379 583 93
380 649 88
380 4 92
380 1079 94
382 453 108
382 990 153
385 11 97
385 793 157
385 43 82
385 993 93
386 24 97
386 1172 93
386 13 87
386 621 98
387 9 102
387 1257 104
388 475 133
389 59 92
389 1279 147
389 965 83
389 573 93
392 610 104
392 31 102
392 1301 93
392 30 87
392 23 87
393 0 97
393 1056 113
393 1242 83
393 991 83
394 1292 79
394 988 98
394 1326 98
394 1 141
396 821 93
396 677 147
396 6 141
396 1069 90
397 397 104
397 38 141
397 55 97
398 18 87
399 32 98
400 320 93
401 673 93
401 58 151
401 60 82
402 896 147
402 32 107
402 1014 103
402 24 82
403 0 87
403 16 87
403 913 93
403 19 92
403 21 97
403 1270 108
405 59 92
405 879 98
406 702 93
407 1103 83
407 1325 99
407 479 83
407 31 92
408 51 151
408 53 102
408 38 77
409 39 87
410 392 98
410 573 88
410 45 151
410 61 77
411 44 97
411 60 141
412 42 137
413 1280 93
414 2 87
414 1211 83
414 42 87
415 688 93
415 33 107
415 642 103
415 1277 83
416 35 141
416 517 93
419 24 97
419 39 97
419 7 102
421 9 82
421 3 78
421 47 77
424 1 87
424 493 83
424 909 153
426 3 87
429 424 98
429 42 141
429 838 108
430 50 92
430 582 98
430 63 102
431 1050 147
431 1334 88
434 43 112
434 51 97
434 589 157
436 42 92
436 886 89
436 7 141
437 0 97
437 35 87
437 6 102
437 55 141
437 58 82
437 26 93
438 696 93
438 437 98
438 1 87
438 365 93
438 375 147
439 630 99
443 52 82
443 23 92
444 659 88
444 1166 83
445 24 151
445 25 92
445 1059 99
446 9 141
447 1179 88
451 48 141
451 777 93
453 1304 93
453 11 112
453 37 92
455 609 94
455 30 103
456 1 141
456 691 84
457 46 92
457 1039 84
458 35 73
458 918 93
459 752 104
459 56 166
459 1242 75
459 1100 83
459 493 98
460 46 77
462 1289 153
462 1233 94
462 51 78
462 26 78
462 7 92
463 8 102
464 904 103
464 599 88
464 4 93
464 702 99
464 55 82
467 45 87
468 18 88
468 28 92
468 38 137
469 44 93
469 12 77
471 850 93
471 859 93
471 13 73
472 60 137
472 12 107
472 30 88
474 5 84
475 40 73
476 658 88
476 775 79
477 650 98
478 1269 143
478 12 92
478 13 87
478 54 137
478 47 151
479 888 108
479 508 93
479 1262 83
479 639 108
480 369 108
480 37 147
481 604 98
481 5 92
481 47 77
482 0 87
482 35 117
482 828 157
482 1004 94
482 20 107
482 1301 83
482 380 103
483 928 157
483 1132 103
483 335 93
484 33 87
484 36 87
484 22 102
484 1222 103
484 918 80
485 14 82
488 725 147
489 34 93
489 655 93
491 5 102
491 29 97
492 864 89
492 1160 88
493 625 93
493 562 98
493 438 98
494 563 83
495 59 92
495 398 94
497 62 92
497 7 162
499 16 93
499 59 73
499 27 151
499 13 73
501 44 137
502 868 98
504 1010 88
504 31 92
504 36 92
504 15 143
505 1264 131
505 61 84
508 4 82
508 669 99
508 975 85
509 1249 139
509 675 93
509 1236 145
509 13 151
510 9 87
510 658 100
510 57 139
511 781 75
511 23 87
512 40 83
512 673 83
512 51 97
513 63 141
514 1064 147
514 338 83
514 36 97
514 46 77
517 715 103
517 22 141
518 322 88
518 55 141
519 37 87
519 62 151
519 861 98
521 707 93
522 48 92
522 1090 93
522 1143 98
522 44 78
522 31 102
523 13 77
524 40 92
524 41 87
524 42 141
524 862 94
524 895 147
526 779 98
526 674 104
526 51 141
527 587 103
527 518 104
528 1009 157
528 55 87
528 1219 108
528 31 87
529 581 93
530 424 93
530 977 93
530 989 147
530 55 102
531 15 151
533 36 98
533 933 128
534 4 87
534 1191 98
535 1073 83
537 475 99
537 22 92
538 519 99
540 60 102
540 621 98
540 718 93
540 415 93
541 34 102
541 3 151
541 516 88
541 933 147
541 8 92
541 1143 98
542 33 82
542 3 92
542 20 82
542 53 92
542 1223 153
543 17 97
545 905 147
545 757 88
545 909 98
545 373 94
546 35 87
547 17 97
547 810 157
547 27 137
548 888 98
548 59 92
548 1069 98
549 43 77
549 7 87
551 1246 123
551 63 92
553 11 77
553 36 151
553 38 87
553 14 92
554 954 93
554 379 98
554 30 92
556 480 153
556 978 98
556 1279 88
557 40 73
557 0 82
557 602 103
557 447 84
558 41 92
558 34 156
558 35 87
558 23 97
559 48 87
559 340 88
560 30 102
562 18 97
562 34 92
563 56 92
563 1 82
563 33 88
565 40 87
565 33 77
565 386 98
565 62 82
565 913 94
566 61 83
566 6 102
566 1061 93
567 1265 104
567 500 93
567 917 88
567 1133 83
569 0 92
569 393 93
569 10 151
569 13 82
569 5 77
570 0 77
570 323 147
570 28 92
571 523 103
571 573 98
571 430 108
573 1085 108
575 6 87
576 1267 79
576 1205 103
576 21 92
578 11 102
578 948 108
578 7 82
579 424 123
579 1163 83
579 1310 103
580 40 92
580 5 156
580 38 92
580 29 92
581 45 92
581 902 90
582 1051 103
582 60 151
583 3 141
583 1241 88
583 954 93
583 27 77
584 1193 98
584 19 151
584 31 97
585 984 93
586 408 157
586 40 151
586 342 168
586 46 87
587 4 97
587 1167 88
589 1028 153
589 45 151
593 664 157
595 810 108
595 701 103
596 1120 100
596 482 108
596 39 92
596 62 92
596 55 107
597 1322 103
598 360 83
598 18 98
598 19 77
598 52 88
598 1218 143
599 8 92
599 516 143
599 22 77
600 731 162
601 1180 157
601 21 97
601 838 147
601 45 77
602 690 157
603 7 82
604 1 82
604 718 83
604 1201 88
605 8 87
605 33 102
605 59 141
605 908 83
606 52 87
606 46 77
608 394 83
608 15 82
609 58 87
609 651 93
609 444 88
609 37 141
610 3 77
612 8 77
612 818 98
612 59 87
614 21 87
614 815 108
616 56 97
616 49 92
616 42 82
616 5 97
617 42 77
618 32 83
618 10 82
618 21 92
619 1256 108
619 28 82
619 62 102
619 935 157
620 11 97
620 12 102
620 1277 88
621 888 88
621 39 88
621 1075 83
621 542 103
621 1175 104
622 1322 93
623 34 87
623 35 87
623 6 102
623 39 87
623 334 88
623 15 92
624 916 83
624 14 151
624 1255 98
625 517 98
626 32 151
626 475 168
626 6 87
626 63 107
627 61 82
628 45 92
628 61 141
629 47 93
630 8 82
631 27 92
631 1155 93
632 43 87
632 21 107
633 59 82
633 573 98
634 1288 157
634 906 88
634 1027 94
634 54 92
636 624 153
637 60 107
637 693 88
639 1120 88
639 62 151
639 54 156
640 1040 147
640 4 92
641 41 87
641 900 83
642 997 157
642 54 141
643 31 77
644 4 82
644 1294 93
646 920 88
646 28 161
646 902 83
646 47 92
647 20 97
647 12 92
647 367 98
648 694 143
649 24 82
649 26 82
649 28 92
649 62 87
650 946 98
650 43 102
651 16 151
652 995 98
652 783 98
653 1226 88
653 1302 83
654 644 88
655 321 147
655 26 87
655 34 102
655 21 137
655 47 143
656 969 88
656 844 93
657 1153 98
657 2 97
657 965 157
657 16 87
657 1129 83
657 976 93
657 21 151
657 1116 83
658 451 93
659 11 141
659 52 141
659 39 141
660 425 157
660 1317 88
660 33 156
661 1310 103
661 47 77
662 57 107
662 53 92
663 35 141
663 4 92
663 29 103
663 31 87
664 1268 89
664 60 82
666 728 93
667 918 104
668 4 77
669 672 93
669 30 82
669 38 141
669 1015 153
670 58 97
670 4 77
670 22 82
671 570 89
672 1092 88
672 1053 104
672 407 93
674 419 103
674 523 103
674 60 87
674 1245 98
675 920 104
675 427 98
675 966 98
675 727 88
676 24 87
676 38 78
676 940 158
676 1310 147
676 1134 88
677 336 84
677 3 87
677 671 94
679 407 83
681 904 147
681 1012 172
681 1287 93
682 54 93
688 33 87
688 10 141
688 546 157
688 23 151
689 20 87
689 43 77
689 1060 98
689 681 98
691 41 87
691 885 98
693 858 98
693 940 84
693 13 92
693 30 77
694 49 102
694 29 176
694 54 92
694 663 93
695 632 103
695 47 92
696 1304 93
696 510 103
697 645 94
697 21 87
698 52 82
698 53 77
700 1211 147
700 990 98
700 1327 93
701 469 98
702 1208 83
702 12 87
702 1220 98
704 56 107
704 978 103
704 1242 157
706 16 87
706 332 143
706 1070 84
707 48 88
707 712 147
707 59 77
709 40 82
709 32 87
709 31 151
711 39 77
712 13 151
713 1072 103
713 1102 147
714 546 162
714 51 77
714 13 92
715 11 87
715 1237 149
716 1137 147
716 3 87
717 1000 157
717 9 152
717 823 108
718 9 87
718 1125 88
718 989 84
719 29 97
720 15 92
720 663 103
722 924 84
722 31 77
723 16 92
723 42 78
723 500 88
727 16 112
727 36 83
727 37 141
727 62 97
728 57 94
728 906 103
728 54 87
728 39 92
729 41 87
729 25 87
730 1337 157
730 322 162
731 18 92
731 660 157
731 50 82
734 1 87
734 22 87
734 7 107
735 706 108
735 51 88
736 602 143
739 857 108
742 16 156
742 57 82
743 1186 147
743 39 87
746 7 87
746 31 102
747 8 151
747 19 83
748 4 97
748 38 141
750 14 97
751 17 151
751 977 123
751 20 87
751 951 98
752 905 147
752 811 157
752 709 147
753 1162 98
754 805 149
755 19 82
755 40 87
755 979 147
755 748 83
757 1242 147
757 908 108
757 543 88
758 1096 147
758 689 94
758 0 141
759 39 102
759 500 98
759 29 82
759 975 88
760 57 82
760 49 82
760 31 77
761 897 93
761 18 87
761 20 82
761 337 162
761 55 87
763 25 92
763 17 92
763 1113 83
764 31 87
764 1 77
764 2 151
764 19 87
764 575 88
765 482 89
765 1092 98
768 49 77
768 35 77
768 982 143
768 23 87
770 36 78
770 838 83
770 406 93
770 23 97
770 58 97
770 30 156
772 56 166
772 33 141
774 41 83
774 51 87
774 35 87
775 1339 80
775 37 133
775 23 83
777 35 73
778 43 97
779 0 78
779 837 90
779 327 103
779 10 141
779 47 151
779 21 137
779 889 94
779 59 141
780 1174 157
781 49 92
781 4 92
782 840 153
782 50 88
782 29 83
782 62 78
784 2 92
784 55 92
785 30 87
786 62 92
787 1188 89
787 20 92
788 424 99
788 3 102
792 40 102
792 1004 103
793 1242 88
793 988 103
793 53 92
795 400 123
795 57 80
795 36 102
797 1105 143
797 1051 79
797 4 82
797 342 98
798 31 151
799 557 83
801 61 82
801 46 151
801 31 77
802 41 83
802 1227 83
802 972 147
802 1101 88
802 403 104
802 23 92
803 56 87
803 19 83
803 1197 98
803 447 84
804 41 151
806 2 137
806 35 87
806 676 143
806 10 102
806 367 104
806 42 87
808 1120 93
808 392 98
808 712 98
808 854 147
808 1211 94
808 63 88
809 1276 100
810 890 75
810 3 73
810 60 133
811 9 82
812 25 73
812 42 97
813 1000 88
813 701 83
813 799 85
815 18 151
816 672 94
816 1297 147
816 55 152
817 0 87
818 41 151
819 563 83
819 1162 153
819 59 98
819 731 147
819 55 92
821 1 141
821 26 92
821 957 98
821 1222 98
823 437 93
823 831 98
824 21 77
826 12 141
826 1175 90
827 657 113
827 10 97
827 1052 108
828 474 93
828 700 147
828 1229 75
828 590 149
831 960 135
831 53 141
832 597 94
833 23 137
834 954 88
834 3 87
834 13 92
834 46 87
834 1277 89
836 565 108
836 983 98
837 16 77
837 27 92
837 982 88
838 320 88
838 57 147
838 1298 98
838 3 77
838 6 87
840 43 77
840 1211 93
840 54 82
842 438 84
844 479 88
845 34 92
845 22 77
847 896 103
849 609 104
849 26 87
849 54 141
850 33 102
851 15 88
852 834 88
852 58 141
852 935 103
853 984 103
853 11 87
853 1038 93
853 806 88
854 962 98
854 36 137
854 14 92
854 31 82
855 23 87
855 49 92
855 1098 147
855 467 98
855 783 83
857 882 153
857 55 92
857 610 103
857 671 98
858 1007 103
859 778 88
859 12 97
859 31 151
861 939 83
861 47 151
862 24 92
863 55 77
863 31 92
864 16 151
864 34 87
864 2 102
864 62 97
864 911 93
865 1039 93
865 57 87
865 55 92
865 36 82
865 655 98
867 49 141
867 914 103
867 350 93
867 39 87
868 55 137
868 573 98
868 7 92
869 1216 103
869 36 87
869 40 147
869 41 87
869 48 87
869 1107 93
869 23 82
869 57 92
869 58 151
869 62 87
870 1082 98
871 56 141
871 21 102
872 898 80
872 55 87
873 626 108
873 13 77
873 22 107
876 682 153
876 476 162
876 583 147
878 58 92
879 48 151
879 38 77
880 672 133
880 17 107
880 890 108
880 725 93
882 60 141
882 1235 93
882 932 147
882 735 83
883 792 83
884 870 89
885 1304 100
885 732 103
885 1299 94
885 660 103
886 26 92
886 867 93
887 712 93
887 31 133
887 47 82
888 427 98
889 466 147
889 570 99
889 895 93
890 26 82
890 1178 108
891 32 166
891 10 83
891 804 83
892 1106 98
892 50 92
893 40 82
893 52 88
894 869 88
895 50 92
896 1227 88
897 888 162
897 379 93
898 1218 89
899 1124 119
900 53 87
901 931 162
902 547 93
904 41 141
904 1113 93
905 488 84
905 35 87
905 13 82
905 30 137
906 411 94
906 37 82
906 6 87
907 32 97
907 750 98
907 52 92
907 965 133
907 22 92
908 58 151
908 908 157
909 16 87
909 1 87
910 18 92
910 27 87
910 444 84
910 38 141
910 1062 103
911 865 103
912 377 98
912 794 83
912 355 98
912 50 102
913 792 147
914 616 143
915 406 98
916 1026 157
917 590 98
919 337 153
919 835 108
919 1036 89
919 1086 147
919 38 141
920 23 92
921 464 83
921 980 88
922 21 156
922 1038 108
923 38 87
924 1004 83
924 46 92
924 47 82
924 29 141
924 59 92
924 61 88
925 512 103
927 1160 103
928 32 92
928 41 97
929 345 84
929 2 102
930 1 97
930 1186 98
930 51 92
932 37 77
933 1256 93
933 32 97
933 30 143
934 52 97
934 34 87
934 4 87
934 717 98
935 26 92
938 1241 88
939 8 92
939 521 93
940 370 83
940 492 88
940 10 151
943 27 97
943 892 93
943 655 93
944 53 141
945 344 93
945 50 87
946 1 77
946 50 87
946 3 87
946 405 83
948 1169 147
952 37 87
952 847 98
952 19 97
952 58 122
952 28 88
952 62 156
954 8 97
954 47 137
957 35 97
957 668 172
957 357 108
958 43 77
958 5 151
960 466 83
960 821 83
961 595 157
962 568 147
962 419 103
962 20 137
962 62 73
962 639 84
963 426 89
964 1272 95
964 29 82
965 13 147
965 1271 89
966 4 141
966 21 92
966 502 94
967 582 93
967 9 102
967 17 102
967 441 147
967 26 77
967 510 84
968 60 87
969 32 92
969 9 83
969 10 78
969 894 85
969 8 97
970 9 77
970 42 92
970 13 83
970 46 83
971 1288 108
971 9 92
971 27 83
971 1289 88
972 754 83
972 1334 147
974 1236 85
974 1060 157
974 982 149
975 32 87
975 55 83
976 1186 133
976 4 97
976 1193 79
976 15 102
976 1330 118
976 41 151
976 55 92
976 25 73
976 63 97
977 40 93
977 1116 89
978 57 88
978 1202 98
978 412 98
978 1250 143
979 961 103
979 346 89
979 434 157
979 917 157
980 32 102
980 657 103
980 22 88
980 409 84
981 28 102
981 60 87
981 23 141
982 986 83
982 1061 93
982 31 137
983 840 88
983 1284 103
984 697 158
984 17 82
984 919 84
985 25 93
985 650 89
985 59 73
985 50 97
986 46 88
987 40 92
987 681 108
987 29 88
989 521 79
989 2 147
989 37 88
990 33 98
990 1196 93
990 1324 103
991 0 98
991 26 97
991 541 83
991 39 87
992 42 83
993 0 93
993 12 93
995 2 92
995 37 83
995 31 83
996 1338 90
996 550 88
996 62 88
996 5 97
997 58 98
998 1177 93
998 27 151
998 372 93
998 63 137
999 15 141
1000 26 151
1000 915 172
1000 1197 96
1001 558 98
1001 719 93
1002 1146 90
1002 20 82
1004 974 83
1004 58 84
1004 707 94
1004 902 89
1004 54 92
1005 768 85
1005 1263 135
1006 13 102
1006 46 92
1007 18 74
1007 700 79
1009 634 89
1009 710 98
1010 512 83
1010 43 83
1010 8 82
1010 41 141
1010 811 83
1010 989 149
1012 26 87
1012 1293 84
1013 11 92
1014 33 92
1014 53 162
1014 57 87
1015 37 83
1015 8 87
1015 1167 108
1015 1105 93
1015 951 89
1015 924 98
1016 884 147
1016 61 83
1018 14 141
1019 48 133
1019 1050 93
1019 1030 83
1020 472 83
1020 964 104
1020 378 98
1020 868 172
1020 38 77
1022 641 83
1022 8 87
1022 400 123
1022 18 88
1022 602 98
1022 61 87
1023 2 151
1023 60 97
1026 1 77
1026 63 92
1026 1245 83
1026 37 87
1027 32 87
1029 755 93
1029 62 87
1030 539 108
1030 21 92
1030 46 141
1032 1225 104
1032 34 141
1032 1133 93
1032 1006 93
1032 527 93
1033 676 88
1035 15 97
1036 1139 94
1036 5 92
1037 2 92
1038 1297 157
1038 27 87
1040 1177 108
1040 604 143
1040 53 83
1040 21 82
1043 1185 103
1043 1027 108
1046 1240 83
1046 1079 93
1047 938 83
1047 6 77
1048 27 137
1048 29 97
1049 24 151
1049 29 102
1050 62 141
1051 656 98
1051 12 97
1051 365 83
1052 674 93
1053 24 102
1054 438 147
1056 6 97
1057 1261 88
1059 811 103
1059 1261 89
1059 29 151
1060 12 151
1061 4 82
1061 50 83
1061 12 87
1061 965 93
1063 921 98
1063 340 93
1063 501 182
1063 1223 93
1064 634 93
1064 3 92
1064 30 97
1065 531 83
1066 560 157
1066 891 103
1066 11 156
1068 40 92
1068 1032 98
1068 966 104
1068 6 82
1070 582 98
1070 718 103
1070 18 92
1070 725 93
1070 25 102
1070 62 97
1070 895 98
1072 8 98
1072 10 82
1072 37 77
1072 334 93
1073 45 117
1074 26 87
1074 429 147
1074 622 98
1075 27 141
1075 509 113
1075 5 77
1075 1198 93
1075 605 103
1076 37 77
1076 854 108
1076 575 88
1079 505 93
1079 22 77
1079 1 141
1080 0 97
1080 58 92
1080 19 112
1080 21 112
1080 1189 118
1082 792 93
1082 59 77
1083 889 147
1083 778 88
1083 787 93
1083 54 97
1085 1091 157
1085 411 98
1086 16 117
1086 12 98
1086 30 87
1089 24 88
1089 52 92
1089 1134 113
1090 41 92
1090 1230 83
1090 382 84
1091 33 92
1091 36 151
1091 30 102
1092 1140 153
1093 972 83
1096 3 87
1098 755 93
1098 46 92
1098 22 92
1100 550 88
1101 754 88
1101 27 92
1101 13 147
1101 698 93
1102 651 98
1102 501 98
1102 14 77
1103 10 77
1104 640 93
1104 57 92
1104 755 93
1105 17 92
1105 4 82
1105 933 93
1106 1 97
1106 851 88
1106 646 79
1106 854 147
1107 57 92
1108 879 103
1110 57 141
1111 985 93
1111 47 82
1112 649 93
1112 36 87
1113 12 137
1113 38 102
1113 516 93
1113 54 82
1113 774 94
1116 1341 98
1117 28 77
1117 531 88
1117 1004 113
1117 6 92
1118 50 92
1118 1221 93
1118 821 83
1120 44 87
1122 1 92
1123 16 77
1123 1 141
1123 50 88
1123 5 87
1124 35 102
1124 46 77
1124 471 167
1125 57 87
1125 1172 98
1125 37 87
1126 784 93
1126 1301 147
1130 60 141
1130 45 82
1132 0 87
1133 12 82
1133 1286 162
1134 415 83
1134 1279 143
1135 28 87
1135 871 147
1137 1192 83
1137 3 143
1139 32 87
1139 40 87
1139 26 87
1139 21 92
1139 6 87
1140 35 92
1140 30 92
1141 10 82
1141 1116 93
1142 1179 93
1142 933 88
1142 61 87
1143 50 166
1143 677 162
1143 63 82
1145 12 102
1145 18 87
1145 4 87
1145 42 102
1145 446 153
1146 17 102
1147 32 97
1147 58 82
1149 376 93
1149 62 77
1151 18 77
1152 664 147
1152 25 151
1154 1112 93
1154 12 87
1154 798 153
1155 550 147
1156 1040 98
1156 47 88
1160 393 83
1160 1249 98
1161 61 151
1161 62 92
1163 593 88
1163 19 87
1163 430 93
1164 1258 88
1164 915 93
1164 911 147
1164 6 77
1164 1039 93
1166 51 77
1166 754 83
1166 15 141
1166 37 77
1166 55 107
1167 833 99
1167 495 98
1168 462 88
1168 702 94
1168 1207 108
1169 388 93
1169 53 141
1169 15 102
1171 1080 103
1171 58 92
1171 797 147
1171 981 98
1172 41 82
1173 0 97
1174 570 147
1174 19 102
1175 1237 88
1176 481 83
1176 1069 157
1177 40 97
1177 10 137
1178 1030 98
1179 673 88
1179 10 77
1180 37 77
1180 458 147
1180 47 137
1180 54 102
1180 828 88
1180 62 97
1181 2 87
1181 483 162
1181 39 141
1182 847 143
1182 29 92
1182 1047 98
1183 857 83
1183 804 88
1183 45 141
1183 1110 94
1183 49 92
1185 41 87
1186 1098 157
1187 10 151
1188 11 87
1188 33 141
1188 19 147
1188 334 83
1189 25 87
1189 1234 93
1189 7 97
1189 813 93
1189 511 172
1191 563 147
1191 349 88
1191 46 151
1191 575 143
1192 1 102
1192 890 98
1192 46 141
1192 497 108
1193 970 147
1193 10 87
1193 1030 157
1194 17 82
1194 735 94
1196 40 77
1196 1218 108
1196 43 92
1196 20 141
1196 55 87
1197 49 92
1197 7 92
1199 560 157
1200 46 83
1201 34 151
1201 35 82
1204 21 97
1204 365 93
1204 45 88
1205 40 77
1205 334 98
1205 1007 98
1206 25 87
1206 970 88
1206 460 103
1207 16 77
1207 33 82
1208 43 147
1208 23 87
1209 1169 108
1210 1205 88
1210 1061 83
1211 41 92
1211 3 107
1211 29 87
1211 5 87
1212 1315 104
1212 781 104
1212 657 104
1212 24 141
1212 411 98
1212 1023 103
1213 59 151
1216 779 94
1216 1230 83
1218 19 87
1218 1308 93
1219 57 73
1219 1082 143
1219 1059 83
1219 50 82
1220 42 156
1220 614 103
1221 16 92
1221 41 151
1221 58 92
1221 59 87
1221 662 94
1222 320 147
1222 441 157
1222 25 82
1223 1310 93
1225 35 77
1225 495 83
1225 399 108
1226 1 88
1226 2 102
1227 617 83
1227 375 88
1227 39 82
1229 16 87
1229 48 82
1229 1189 172
1229 45 82
1230 385 93
1230 10 97
1230 22 102
1230 47 87
1231 1304 98
1231 49 82
1231 38 87
1231 25 97
1233 27 77
1233 11 82
1233 374 108
1233 22 77
1234 53 151
1234 45 141
1235 22 87
1236 1105 103
1236 18 141
1236 675 88
1236 20 141
1236 60 157
1239 60 77
1239 6 87
1240 51 82
1240 55 162
1241 29 151
1242 13 87
1242 55 92
1243 402 84
1243 34 77
1245 52 92
1245 44 97
1245 21 77
1245 38 82
1246 583 113
1248 53 147
1249 33 77
1249 468 93
1249 407 94
1250 976 98
1250 1101 103
1250 6 141
1251 9 92
1251 1154 93
1251 835 88
1251 813 147
1251 703 103
1252 56 102
1252 35 151
1252 11 87
1252 37 92
1254 0 97
1254 1089 84
1254 908 108
1254 849 99
1254 1243 88
1254 476 93
1254 1117 108
1256 1004 83
1256 51 87
1256 436 84
1256 29 82
1257 25 82
1257 60 87
1257 45 151
1257 1142 147
1258 1198 123
1259 1082 157
1259 54 97
1261 616 147
1261 27 92
1262 16 141
1262 802 104
1262 12 88
1262 1206 147
1262 775 118
1263 834 93
1264 26 92
1264 60 92
1265 55 92
1265 709 93
1265 751 93
1266 54 77
1267 49 137
1267 2 141
1267 459 108
1268 27 87
1268 14 141
1269 20 87
1269 851 79
1269 519 93
1269 1180 83
1269 63 87
1270 0 107
1271 652 88
1272 34 98
1272 52 82
1272 15 151
1274 892 93
1276 1208 98
1276 58 92
1276 26 87
1276 46 87
1276 1335 98
1277 58 92
1277 18 87
1277 414 93
1278 48 92
1278 25 98
1278 684 98
1278 873 104
1279 1 141
1279 19 151
1279 60 83
1279 57 147
1280 727 149
1280 403 93
1280 53 147
1280 54 102
1280 25 137
1280 24 82
1280 505 147
1280 30 77
1280 63 102
1283 1332 83
1283 445 98
1283 6 92
1284 8 102
1284 59 141
1285 1152 157
1285 3 92
1286 777 153
1286 23 77
1287 56 151
1287 26 77
1288 28 166
1288 38 141
1288 1103 83
1289 57 77
1289 979 147
1292 52 77
1293 736 88
1293 657 98
1293 1264 93
1293 38 77
1294 595 147
1294 1285 88
1294 54 137
1294 39 151
1295 33 92
1295 53 97
1296 8 151
1296 1167 98
1297 42 141
1297 39 77
1298 39 141
1299 468 157
1299 20 77
1299 805 98
1299 46 92
1301 51 102
1302 41 97
1302 30 87
1303 16 92
1303 867 103
1304 31 77
1308 1155 108
1310 802 157
1310 37 92
1310 894 88
1311 19 141
1311 4 82
1312 8 82
1312 43 137
1313 753 89
1315 417 147
1315 965 103
1317 541 103
1317 1317 108
1318 1241 79
1318 693 123
1319 32 92
1319 5 92
1321 1007 108
1322 697 157
1322 995 147
1322 20 92
1322 917 84
1322 46 102
1323 1064 98
1323 41 147
1323 43 151
1323 29 92
1324 42 102
1324 1174 93
1325 1230 98
1327 425 103
1327 595 93
1328 56 141
1330 44 92
1331 12 87
1331 52 82
1331 45 82
1331 342 83
1331 63 87
1332 48 77
1332 53 82
1332 1069 83
1332 991 93
1334 14 87
1335 42 82
1335 508 83
1337 648 98
1337 672 157
1337 42 102
1337 44 141
1338 710 88
1338 37 92
1338 502 93
1338 53 92
1339 1080 88
1339 1310 98
1339 14 92
1341 764 79
1341 12 141
1341 526 147
