112 413 144
146 417 121
146 93 150
175 462 154
260 100 129
387 35 123
387 407 134
387 138 169
391 309 133
412 470 144
450 448 154
451 438 135
85 311 127
89 1 144
90 275 123
90 459 172
91 35 139
93 36 148
95 36 152
96 221 144
99 38 133
118 38 127
119 36 119
120 135 158
127 38 132
143 490 139
163 188 148
165 303 137
170 480 144
181 399 168
184 471 137
212 436 132
227 35 163
228 132 142
247 136 137
247 488 138
248 273 162
254 452 142
260 395 183
286 101 127
342 10 117
344 243 156
347 283 142
354 422 132
361 484 131
385 19 142
387 256 117
412 38 133
413 35 127
415 190 142
416 36 133
418 35 137
420 3 152
420 38 143
420 273 127
424 93 117
433 215 123
442 35 127
443 193 127
449 36 158
462 218 152
470 33 152
485 448 173
83 11 125
85 10 162
85 83 141
87 10 135
88 162 152
88 5 131
88 40 140
90 34 117
91 11 131
92 2 140
93 90 117
95 32 146
95 2 115
99 87 117
102 473 141
109 279 175
124 13 152
125 13 141
126 32 115
127 13 142
128 39 141
139 480 135
146 249 115
146 127 161
151 19 155
155 3 142
163 205 131
166 18 155
167 210 137
168 13 156
169 209 150
169 5 132
170 10 171
175 13 150
182 458 130
189 133 144
189 267 135
206 32 140
215 3 121
217 103 140
219 307 125
221 38 156
226 31 125
227 34 115
228 37 146
229 5 180
229 39 115
229 19 146
231 171 125
234 213 150
243 10 121
244 329 115
244 89 140
244 282 141
246 162 125
248 255 130
254 34 121
258 261 150
264 197 115
276 35 131
279 268 135
286 456 150
305 216 119
308 141 155
314 218 150
314 394 156
315 38 155
315 188 130
317 1 121
317 141 125
319 3 115
330 419 154
336 141 175
342 6 160
342 24 129
346 365 125
348 20 125
352 37 144
354 10 150
358 357 135
360 88 129
362 33 140
365 33 125
365 458 139
373 172 115
376 39 150
383 0 134
386 27 140
401 193 150
405 407 134
412 5 125
412 18 140
413 18 141
415 324 125
417 32 140
417 37 176
418 360 115
419 146 115
420 37 131
430 491 135
436 170 130
438 361 136
443 144 115
445 22 130
446 13 146
449 334 140
470 34 140
470 249 121
479 1 175
482 35 140
483 1 171
483 132 160
484 3 145
84 8 132
87 17 113
88 24 140
96 27 144
113 4 148
127 9 140
127 25 154
130 6 123
131 16 125
135 227 152
141 2 138
141 205 113
152 31 127
162 6 123
163 27 140
166 9 144
170 21 168
171 12 140
181 14 134
188 211 113
189 354 163
194 223 129
196 32 138
199 19 123
213 31 129
216 211 133
217 34 113
221 37 129
224 25 138
229 21 148
232 39 119
232 10 113
232 339 128
235 40 119
238 2 138
241 176 113
244 6 139
244 25 123
246 6 153
246 153 129
251 4 133
251 25 123
260 16 144
262 22 163
274 203 153
276 289 129
276 357 123
282 10 138
293 3 117
299 1 123
305 32 123
305 40 129
305 10 138
306 260 148
306 39 139
308 39 123
311 19 148
317 288 119
324 137 158
329 38 115
333 19 129
341 2 153
348 26 148
352 6 127
375 318 128
386 30 113
394 11 127
395 175 138
405 19 123
407 167 119
407 13 128
413 17 138
413 318 132
416 17 123
417 385 123
418 152 134
422 19 128
423 352 123
431 32 144
443 14 113
444 27 133
446 159 134
447 17 148
452 13 128
455 352 139
460 181 138
460 255 138
463 25 179
469 155 138
470 4 148
470 156 149
471 6 113
473 293 123
479 299 129
481 5 153
481 31 113
483 39 169
484 146 128
485 22 163
486 322 129
486 172 133
491 330 148
90 373 165
109 20 151
118 26 153
133 386 125
135 321 126
135 20 151
135 25 132
139 317 131
143 30 111
153 389 152
153 8 136
157 16 128
163 26 127
191 24 136
193 315 146
194 25 142
203 15 161
217 317 126
231 15 117
249 15 131
261 15 146
265 155 127
266 20 126
272 6 121
273 389 127
281 16 121
285 368 111
288 9 127
289 4 111
292 34 121
292 2 150
297 40 136
299 2 146
299 11 127
299 22 146
306 0 111
308 16 132
308 314 111
309 9 126
312 9 152
312 14 111
314 313 131
324 258 125
324 207 111
324 86 123
331 5 132
333 24 121
334 8 123
341 17 127
355 28 146
361 30 111
362 24 125
392 25 131
395 27 121
413 15 117
431 6 121
432 26 136
434 28 117
438 15 136
451 26 181
452 12 127
454 8 111
455 386 126
458 12 117
465 7 126
475 0 111
477 235 117
477 25 136
483 14 131
485 384 127
486 12 131
488 368 121
489 9 127
489 17 146
89 29 109
110 28 125
150 29 119
172 29 156
182 26 138
295 237 119
296 16 119
303 30 125
325 8 154
326 24 111
329 391 115
331 12 119
336 7 146
343 224 84
344 466 89
344 94 99
344 223 84
346 243 84
383 448 79
383 93 99
384 433 79
390 417 94
395 26 144
452 28 134
477 23 133
84 469 82
86 231 92
87 417 89
95 226 84
99 224 82
100 419 89
100 412 99
101 433 97
112 447 83
116 437 94
118 467 117
118 469 74
125 442 94
128 93 81
130 444 84
131 417 109
146 446 82
150 462 79
176 98 79
176 255 107
181 412 119
202 436 87
203 443 107
204 449 97
206 432 87
208 469 77
210 438 97
218 29 138
226 171 82
229 466 77
247 420 109
248 413 87
249 465 97
251 469 119
252 444 92
255 415 77
260 412 86
260 117 67
260 92 71
261 251 84
294 15 127
295 26 111
323 7 132
323 376 107
329 23 123
342 219 96
343 394 72
343 274 67
343 279 91
344 488 102
348 475 102
348 196 77
348 272 84
348 248 99
349 35 107
349 279 82
350 273 96
350 311 71
352 470 112
355 415 82
376 433 122
380 99 97
383 83 82
383 409 71
384 305 71
385 220 112
385 273 77
385 188 117
386 334 107
386 303 77
387 393 84
387 490 67
388 484 102
390 429 87
391 311 72
392 29 161
394 29 127
416 244 82
418 224 84
442 84 82
446 118 86
448 443 94
463 451 87
466 451 97
467 465 96
468 417 107
83 35 90
83 488 87
83 392 95
83 117 107
84 394 102
84 303 75
84 473 102
85 339 82
85 279 115
87 388 82
87 137 96
87 303 65
89 139 82
89 188 91
91 394 65
92 166 117
93 197 102
96 3 79
98 423 102
99 35 82
99 151 82
99 408 87
100 128 89
101 36 65
101 172 88
101 408 102
103 420 82
103 467 87
109 415 117
113 482 105
113 402 77
117 87 89
118 424 80
119 428 81
119 220 77
119 190 100
120 217 77
122 141 87
122 38 120
124 430 87
125 35 82
125 150 82
126 35 67
126 262 96
127 456 115
128 168 99
128 17 92
130 167 115
130 491 87
130 16 117
130 185 80
132 438 120
133 100 85
134 417 90
135 468 95
137 172 70
141 251 85
144 38 75
144 234 102
144 3 87
145 429 76
146 35 82
146 184 85
150 258 84
150 243 74
151 33 65
151 333 99
151 146 103
151 90 105
152 112 77
156 448 87
156 415 72
163 35 112
163 133 82
166 473 75
167 38 67
168 3 72
168 33 90
168 195 107
169 166 82
170 479 100
171 385 92
172 17 82
172 110 70
174 107 91
175 226 74
175 486 95
176 36 67
176 262 87
176 455 79
182 439 85
184 412 74
185 471 80
185 87 80
189 88 85
191 463 70
196 118 75
198 224 70
204 262 79
204 409 65
205 87 100
205 453 70
207 35 92
208 33 104
208 402 85
208 303 84
208 281 80
209 458 80
209 407 85
210 33 89
210 1 72
210 279 65
210 120 95
211 483 100
211 36 85
213 462 77
220 449 75
224 489 80
226 453 97
226 182 90
226 189 85
227 454 92
228 395 80
228 38 79
229 455 82
231 35 95
237 443 104
242 33 87
242 3 95
242 232 115
242 141 117
244 33 75
244 36 75
244 344 90
244 190 70
246 402 75
247 0 99
247 33 85
247 36 70
247 38 122
248 1 85
248 268 120
249 36 84
249 38 85
251 35 95
251 453 97
252 33 105
252 275 100
254 481 89
254 430 65
254 472 100
254 313 107
254 221 79
256 303 95
257 1 67
257 131 105
258 38 95
258 134 87
258 401 79
260 479 85
265 118 77
265 255 105
268 150 80
273 261 107
277 467 80
279 462 65
289 413 80
295 29 115
306 99 85
307 174 80
308 231 74
309 470 69
317 120 87
318 444 90
333 120 75
334 418 87
340 118 85
342 34 94
343 2 95
344 37 72
344 6 120
346 37 90
347 5 90
349 37 95
349 248 85
349 31 90
350 16 87
355 321 130
355 35 100
355 396 82
357 112 115
358 484 70
358 307 72
360 1 85
361 35 75
361 133 85
362 462 87
363 116 87
367 112 95
368 413 75
370 434 72
372 460 74
373 403 85
375 1 107
376 109 85
376 144 115
378 1 70
378 35 85
380 254 85
386 18 95
387 322 90
388 1 90
388 34 89
388 5 80
388 10 90
389 170 65
389 5 90
391 152 92
391 255 75
392 446 95
393 439 79
394 257 90
394 470 120
396 416 87
405 448 95
407 418 67
409 413 82
412 36 85
412 262 90
412 277 87
413 163 105
415 33 95
417 336 72
417 17 80
418 14 80
419 33 92
419 14 90
420 189 75
420 459 97
423 150 70
423 118 79
430 466 81
432 489 95
433 33 110
433 422 72
433 266 94
434 4 70
434 232 105
434 238 70
434 17 90
436 188 122
438 388 80
438 16 105
439 477 87
439 454 85
439 428 85
444 35 97
444 188 95
445 1 80
445 485 92
446 6 84
446 456 95
447 38 92
448 33 89
450 195 100
450 488 67
451 384 105
454 450 90
455 131 85
456 443 85
459 122 80
460 448 81
462 36 90
463 110 95
465 343 80
465 185 70
468 394 75
468 107 86
469 1 99
471 402 85
471 396 72
477 434 84
479 98 110
484 415 77
486 92 79
486 470 85
488 415 81
490 86 80
491 229 70
84 4 82
84 328 63
84 40 80
84 25 95
85 40 85
86 352 75
86 10 74
86 3 88
87 111 80
88 39 85
88 19 78
89 389 72
90 372 105
91 208 93
92 34 100
92 202 95
93 169 73
93 5 85
94 40 65
94 34 88
94 31 90
95 37 70
96 32 73
96 6 120
99 5 65
99 90 93
103 3 84
103 184 75
109 35 108
110 35 85
110 216 120
110 221 73
110 190 79
111 17 130
111 219 83
111 485 79
111 38 95
112 388 78
112 9 72
112 4 76
112 31 83
113 6 82
116 22 80
116 19 93
116 14 91
116 358 85
118 18 98
118 341 110
119 34 105
119 11 98
119 339 75
120 31 105
120 13 63
122 18 115
124 39 74
124 6 88
125 16 97
125 254 110
126 10 103
126 6 105
127 152 72
128 0 78
128 5 70
130 34 85
130 324 73
130 8 91
130 18 85
130 31 80
131 216 80
131 18 85
131 19 70
132 348 68
133 0 68
133 268 82
133 14 78
134 423 75
134 107 93
134 276 118
134 472 90
135 489 72
136 313 88
137 281 95
138 136 108
138 17 88
139 14 80
141 33 98
144 2 73
144 291 70
145 289 88
145 11 74
145 244 65
146 11 108
146 3 105
150 34 115
150 286 98
150 223 69
151 11 94
152 1 108
152 36 95
153 163 90
154 136 83
155 347 120
156 103 75
156 393 68
156 109 75
157 394 94
157 429 73
157 306 95
162 10 75
165 37 83
165 19 84
166 323 65
166 31 85
167 289 75
167 5 90
167 282 73
169 256 85
170 5 95
171 32 102
171 221 97
174 16 82
174 22 68
174 15 105
175 0 90
175 3 88
176 2 70
176 5 105
181 3 98
181 8 92
184 472 108
184 403 77
188 0 93
188 456 79
188 137 92
188 268 73
188 303 95
188 273 118
189 382 68
190 86 130
191 96 103
191 3 87
194 4 93
194 453 103
194 137 83
194 172 105
195 33 88
196 4 88
196 350 130
197 14 68
199 311 88
199 399 70
202 25 78
203 3 78
203 9 70
203 243 83
203 84 77
203 220 70
204 5 85
204 10 88
205 39 68
206 11 73
207 32 73
207 257 108
207 13 93
207 85 108
207 223 73
208 8 72
208 10 103
208 18 78
208 338 73
208 22 73
209 11 113
210 157 103
211 294 73
211 39 83
212 391 83
212 14 93
213 1 65
215 455 88
215 428 93
216 0 95
216 17 93
217 1 68
217 3 107
218 185 88
219 312 113
219 483 105
221 33 73
223 10 113
224 13 89
226 169 83
226 143 83
228 34 105
228 299 103
229 2 73
229 89 100
229 26 103
231 257 82
231 32 95
231 39 83
231 221 88
234 489 69
236 9 78
237 94 88
242 1 103
244 30 83
246 322 85
246 7 82
247 5 78
247 39 93
247 11 80
247 22 83
247 357 63
248 10 80
249 89 67
251 167 83
251 18 90
252 323 73
252 26 78
255 1 117
255 22 87
255 285 94
255 30 78
256 216 87
256 39 72
257 19 90
258 11 123
258 341 115
258 249 85
258 37 98
260 352 77
261 6 115
264 489 82
267 279 83
268 107 80
272 1 63
272 36 72
273 38 79
273 316 93
274 423 79
274 238 108
274 274 78
275 8 68
275 306 69
277 38 67
281 490 73
281 215 79
282 33 83
283 490 70
285 33 93
285 252 72
286 1 79
286 423 90
286 16 88
286 350 80
286 197 80
289 111 83
289 94 80
291 395 100
291 459 78
292 417 88
293 117 67
296 444 88
303 35 98
305 0 78
305 482 68
305 188 82
307 3 100
311 33 73
313 454 108
313 199 97
313 268 88
314 38 88
314 423 95
314 490 83
314 103 72
317 218 95
319 273 73
321 321 88
324 94 77
331 420 77
333 17 115
334 33 70
336 137 103
338 480 75
338 124 90
339 472 108
339 110 65
339 311 84
340 136 102
340 38 110
341 33 85
341 427 63
341 90 76
342 14 83
343 347 63
343 156 67
344 4 83
344 20 108
346 202 80
346 23 70
346 362 95
347 391 73
348 0 73
348 13 95
348 27 108
350 30 78
352 376 88
352 5 68
354 163 83
354 22 93
355 32 83
355 4 95
355 5 93
355 11 80
355 209 73
355 19 73
355 22 92
357 318 70
358 322 83
358 10 88
358 31 78
360 37 98
360 39 78
360 357 83
362 239 113
365 194 98
365 213 102
367 14 88
367 308 78
369 195 73
369 429 83
369 94 88
369 117 120
370 35 63
373 336 78
373 151 77
375 157 70
376 37 73
378 37 85
382 202 103
382 157 73
382 343 78
383 207 85
384 7 74
385 9 63
388 12 77
388 13 103
388 14 83
388 153 83
390 312 108
390 17 73
391 8 83
391 21 88
392 1 73
392 193 103
392 311 92
393 396 88
393 460 103
394 36 77
394 485 88
394 136 73
394 217 98
395 111 82
395 14 78
396 3 98
396 38 83
399 481 78
399 196 67
401 17 78
402 1 92
402 127 88
403 427 78
403 36 95
405 38 90
407 3 80
407 38 78
408 424 75
408 146 93
408 307 110
408 184 85
409 3 104
412 10 88
412 175 97
412 166 83
413 40 88
413 22 105
413 23 78
415 226 93
415 338 75
416 329 72
417 181 73
417 23 82
418 5 123
419 18 83
420 11 93
420 375 78
420 181 82
422 472 78
422 429 80
423 137 88
423 16 113
424 193 93
427 475 77
427 136 90
427 220 84
427 315 78
428 343 88
430 401 75
431 36 68
431 390 103
431 454 75
431 38 73
432 1 123
432 34 100
432 261 87
432 18 93
432 246 73
434 39 83
434 22 72
434 23 90
434 31 85
436 11 93
438 13 73
438 333 63
439 157 123
439 26 80
442 22 83
443 5 88
443 8 78
443 22 97
444 18 80
444 22 90
445 5 83
446 10 78
447 7 93
447 22 78
448 32 77
448 2 70
448 31 73
449 32 87
449 31 120
450 203 73
450 18 82
450 22 88
451 2 83
451 18 78
452 311 103
452 218 67
453 344 90
453 268 70
454 307 92
455 38 82
455 479 120
456 1 83
458 217 77
460 454 105
460 107 78
460 182 73
462 11 79
462 340 67
462 30 95
463 1 128
463 168 73
463 10 73
463 220 80
465 32 73
465 34 92
465 11 89
466 1 78
466 23 78
467 2 83
467 10 88
467 208 75
468 2 98
469 32 83
473 17 93
475 4 87
475 8 82
475 477 113
477 1 70
477 386 88
477 35 103
477 36 80
479 198 63
479 172 90
479 313 88
480 3 88
480 38 78
480 85 115
481 3 83
481 38 93
481 454 73
481 175 117
481 473 83
482 455 87
482 144 98
484 35 70
484 135 83
484 184 78
489 454 75
490 305 69
490 3 83
491 3 73
491 35 87
84 0 91
84 208 83
85 0 71
85 236 73
88 347 77
88 383 67
89 20 83
92 17 63
95 7 99
98 29 86
98 14 88
99 12 108
101 29 91
102 8 130
102 26 118
103 11 66
103 16 114
103 18 76
103 382 70
107 5 63
107 223 71
109 326 77
109 283 73
110 0 94
110 361 87
113 27 86
117 21 93
118 12 75
120 349 98
125 8 81
128 9 67
132 32 71
133 40 91
134 25 83
134 7 76
136 10 83
136 37 81
137 18 86
139 340 106
141 10 76
141 204 128
144 25 81
145 236 106
145 152 108
150 314 71
151 23 70
152 2 82
152 155 113
153 10 83
153 40 68
154 23 96
155 5 68
156 11 88
156 39 72
157 154 76
157 26 88
163 17 73
167 32 98
167 31 88
168 382 81
172 316 108
175 21 118
181 9 81
182 372 66
185 37 71
185 9 111
185 5 76
188 32 80
189 40 73
189 401 86
190 261 81
190 15 81
194 11 110
195 32 85
195 18 83
197 380 66
198 169 116
199 15 85
202 27 61
203 4 75
203 157 71
205 23 78
206 14 85
207 322 86
207 25 65
209 13 68
210 16 116
213 34 101
213 5 71
216 40 75
216 88 73
217 23 66
218 26 76
219 32 81
220 40 90
221 209 76
221 86 83
226 16 106
227 391 65
227 8 82
228 7 111
228 9 88
228 347 73
228 157 81
231 384 75
232 13 81
232 22 101
234 2 76
235 2 71
235 10 73
235 171 93
236 39 101
236 31 86
237 293 76
237 376 66
238 40 83
238 216 90
239 168 96
239 22 96
242 6 83
242 21 91
242 154 71
246 32 78
256 17 96
256 207 83
258 21 80
261 0 91
261 21 70
264 32 76
264 23 66
265 0 103
265 261 83
265 19 70
266 2 103
266 34 86
267 40 76
267 144 73
267 37 81
268 323 61
268 18 88
272 31 71
273 34 91
273 326 98
274 32 65
274 2 91
275 204 73
276 1 76
277 37 96
277 209 75
277 10 77
277 39 81
281 18 66
281 202 81
283 144 106
283 405 76
283 37 86
285 9 80
285 17 84
285 23 103
286 6 101
286 22 81
286 26 103
286 283 82
289 39 63
289 8 100
290 31 96
291 2 103
291 4 78
291 326 91
292 17 86
294 3 65
295 393 71
297 3 71
297 407 93
298 393 81
298 139 70
298 213 83
299 3 101
303 18 63
305 37 71
305 152 86
306 30 76
307 401 88
307 31 83
308 31 65
309 32 81
309 13 61
311 211 83
313 37 81
313 8 86
314 32 70
315 37 98
315 13 116
315 145 65
316 40 70
316 25 68
316 205 100
317 7 66
317 11 106
318 22 66
321 34 88
321 11 111
321 19 126
322 38 91
323 36 81
323 392 78
324 36 108
324 182 71
325 124 88
325 3 86
325 36 108
326 35 83
326 311 67
326 239 76
326 277 103
328 1 73
329 489 71
329 90 85
330 139 77
330 460 68
330 317 88
331 195 88
331 422 76
333 1 86
333 11 88
334 34 73
334 293 82
334 6 123
334 26 88
334 31 71
336 34 68
338 10 75
338 11 73
338 221 83
340 0 76
341 19 73
343 12 76
347 30 71
350 29 76
352 317 71
355 232 71
355 368 76
355 21 111
355 25 71
357 14 75
360 6 106
360 14 81
361 363 66
361 13 86
361 207 93
367 2 65
367 39 96
367 409 121
368 288 71
368 11 71
369 9 103
370 19 76
372 4 86
373 7 101
375 0 91
376 342 106
378 6 71
380 27 91
382 7 91
383 15 80
385 12 96
386 378 81
386 28 116
387 12 78
389 373 81
393 32 81
393 8 80
393 18 76
394 172 65
395 0 86
395 17 68
395 19 71
399 39 103
401 9 86
401 209 75
401 25 76
402 102 101
403 4 66
405 32 77
405 11 73
405 153 83
407 32 66
407 16 99
407 290 73
408 32 72
408 333 73
409 6 111
409 333 78
412 24 91
413 4 126
418 17 71
420 20 71
420 21 88
420 25 81
423 174 73
423 84 96
424 11 101
427 5 76
427 340 85
428 291 103
428 13 73
428 109 98
429 88 85
429 170 91
430 2 91
431 40 83
431 37 91
433 27 77
433 319 81
442 16 71
442 4 96
443 24 71
444 344 73
445 8 83
446 2 76
447 369 71
447 9 65
449 348 71
450 4 96
451 4 81
451 318 73
452 326 86
452 215 80
453 8 103
454 11 76
455 11 106
455 15 83
455 176 116
455 285 63
456 37 96
459 11 77
460 40 116
462 2 78
463 241 75
466 236 86
466 12 100
466 24 71
467 20 81
467 25 77
468 367 70
468 312 81
469 24 78
470 386 81
472 257 96
472 10 76
472 299 81
472 90 83
473 37 81
473 168 81
473 23 88
473 378 81
475 3 111
475 39 70
477 37 93
477 11 111
477 5 71
480 2 110
480 11 78
480 283 105
481 128 87
481 40 81
482 39 86
482 207 63
482 372 81
482 30 80
484 34 96
484 39 81
485 9 88
485 30 76
486 10 75
486 34 71
486 18 88
486 221 108
488 218 111
488 7 91
488 334 71
489 10 108
489 39 86
83 30 88
84 15 81
96 15 71
96 26 79
98 26 71
107 16 63
107 21 74
107 30 78
109 32 91
110 24 70
113 29 74
130 24 101
132 155 84
133 363 79
133 27 73
135 8 94
135 29 99
137 0 81
139 153 69
141 27 75
144 7 94
145 15 69
152 24 85
154 210 86
154 21 79
156 4 106
157 8 85
157 9 81
159 152 69
165 15 71
165 28 94
182 16 98
184 20 89
185 370 79
189 0 59
190 25 90
191 0 73
191 206 84
195 315 74
196 29 91
197 20 69
199 32 74
199 385 69
199 24 73
202 28 94
204 26 69
205 26 73
212 319 73
213 8 59
215 7 84
216 16 79
216 21 84
218 27 63
218 207 101
219 21 99
221 20 76
221 152 69
224 28 86
226 24 74
227 30 84
229 12 124
232 2 84
232 29 81
234 9 65
234 25 81
235 31 94
236 362 89
237 4 94
237 342 93
238 232 74
238 156 81
241 27 59
241 235 88
241 29 68
241 7 109
252 360 68
262 2 76
264 25 59
265 207 84
266 12 94
266 14 71
267 4 75
273 385 114
273 159 84
273 315 83
275 12 75
276 21 59
276 325 84
277 16 85
277 17 79
279 29 84
279 21 64
281 6 91
281 17 100
281 21 89
283 27 75
285 206 74
285 25 89
286 20 101
289 27 86
290 362 81
290 30 74
291 23 82
292 18 84
292 341 59
293 4 99
294 39 75
294 18 94
294 19 76
294 244 124
295 37 74
295 176 90
296 10 73
296 37 74
297 34 90
297 333 59
298 40 69
298 174 65
299 37 111
299 408 74
299 155 74
303 4 73
308 24 79
308 27 104
309 8 73
309 27 61
311 27 89
311 31 86
312 8 69
313 14 94
314 157 73
314 20 75
315 12 69
316 24 75
317 4 79
319 152 94
321 31 126
322 37 74
322 40 74
322 22 75
322 409 86
323 171 79
323 11 65
323 175 69
324 2 69
324 394 76
324 16 82
324 22 116
326 170 81
326 204 79
326 30 76
328 2 91
329 26 76
330 9 84
330 15 76
330 39 76
331 6 74
334 14 65
339 31 76
341 363 74
349 29 79
361 15 83
363 15 74
365 27 78
368 14 63
368 21 89
370 2 94
370 14 89
370 26 64
393 2 74
393 21 84
395 21 84
402 7 66
402 155 81
405 16 59
407 363 71
408 8 65
409 21 80
409 27 76
412 30 63
417 30 71
423 31 84
424 13 74
424 17 79
427 156 104
431 209 101
437 12 84
437 23 63
449 26 83
451 30 71
452 27 90
453 12 89
454 29 89
456 14 69
459 0 98
460 0 59
460 16 83
463 28 91
463 26 94
467 26 116
469 288 89
472 21 79
473 7 84
473 25 69
475 6 75
480 16 83
480 346 71
482 27 89
483 16 73
490 25 71
93 27 82
101 20 82
107 23 87
113 20 87
135 24 82
139 358 76
153 358 124
165 27 64
185 375 67
185 15 71
185 28 81
193 291 82
195 23 67
212 23 71
215 28 74
218 15 67
218 24 97
234 23 67
235 12 89
238 28 69
246 29 73
251 27 87
258 20 97
265 354 72
268 28 67
272 26 99
276 12 116
285 28 82
288 7 67
292 6 77
297 12 77
298 154 67
299 20 87
299 21 67
299 27 79
303 372 87
305 373 57
309 24 124
312 23 69
313 30 61
318 23 87
319 23 57
321 26 67
321 30 61
322 21 71
323 20 87
323 29 107
324 0 92
325 14 63
328 8 104
330 7 112
333 373 67
341 24 84
362 12 62
368 7 102
378 29 112
393 373 77
393 28 77
401 23 102
403 26 71
407 12 68
422 26 73
422 30 71
424 28 57
427 15 76
428 12 77
428 24 74
431 30 92
432 29 77
433 29 67
439 29 76
448 27 76
453 26 79
454 7 67
455 7 73
462 29 72
480 355 93
482 15 67
486 28 69
136 29 65
138 27 80
154 27 95
157 29 75
190 29 75
191 27 60
193 29 69
238 29 80
268 29 85
281 27 84
285 29 69
288 27 60
289 29 112
292 30 75
296 24 82
316 29 85
317 29 75
321 29 90
326 23 75
326 26 77
427 27 104
430 29 75
