112 413 129
146 417 125
175 462 127
412 470 129
450 448 119
451 438 123
85 311 125
90 275 129
90 459 127
91 35 123
93 36 133
95 36 127
96 221 117
99 38 123
118 38 127
119 36 125
120 135 117
127 38 123
143 490 137
146 93 129
163 188 127
165 303 125
170 480 127
181 399 137
184 471 117
212 436 131
227 35 125
228 132 129
247 136 117
247 488 127
248 273 127
254 452 127
260 100 127
260 395 119
412 38 125
413 35 137
415 190 127
416 36 123
418 35 125
420 38 127
420 273 117
433 215 133
442 35 125
443 193 139
449 36 127
462 218 123
470 33 125
485 448 127
83 11 115
85 10 125
85 83 125
87 10 127
88 162 115
88 5 123
88 40 127
89 1 123
90 34 125
91 11 123
93 90 137
99 87 141
102 473 115
109 279 123
124 13 125
125 13 127
127 13 117
128 39 121
139 480 135
146 249 131
146 127 125
151 19 123
163 205 125
166 18 137
167 210 115
168 13 123
169 209 129
169 5 125
170 10 115
175 13 133
182 458 123
189 133 127
189 267 115
219 307 131
221 38 123
226 31 125
227 34 115
228 37 119
229 5 135
229 39 137
229 19 115
231 171 137
234 213 125
243 10 137
244 329 115
244 89 135
244 282 135
246 162 129
248 255 115
254 34 123
258 261 129
264 197 127
276 35 115
279 268 121
305 216 125
308 141 127
314 218 125
314 394 119
315 38 123
315 188 127
317 141 115
330 419 123
336 141 123
387 35 125
387 138 125
391 309 125
401 193 135
412 5 127
412 18 125
413 18 133
415 324 123
417 37 125
418 360 115
419 146 123
420 3 123
420 37 125
424 93 115
430 491 125
436 170 127
438 361 129
443 144 125
445 22 125
446 13 125
449 334 127
470 34 115
470 249 137
482 35 123
483 132 127
84 8 113
87 17 125
88 24 121
95 32 123
96 27 113
113 4 123
126 32 131
127 9 137
127 25 115
130 6 131
131 16 127
135 227 129
141 205 123
152 31 131
155 3 119
162 6 137
163 27 123
166 9 123
170 21 125
171 12 125
181 14 113
188 211 121
189 354 125
194 223 129
199 19 123
213 31 117
215 3 121
216 211 127
217 34 123
221 37 117
224 25 123
229 21 135
232 39 113
232 10 133
232 339 123
235 40 125
241 176 113
244 6 123
244 25 123
246 6 137
246 153 113
251 4 123
251 25 123
260 16 129
262 22 113
274 203 131
276 289 123
276 357 127
286 101 113
286 456 125
305 40 123
305 10 125
306 260 113
306 39 133
308 39 123
311 19 125
317 288 123
317 1 119
319 3 131
324 137 123
329 38 113
333 19 131
342 10 123
344 243 133
347 283 113
354 422 123
361 484 123
385 19 127
387 256 117
387 407 121
394 11 131
395 175 127
405 19 113
405 407 121
407 167 123
407 13 125
413 17 113
413 318 123
416 17 127
417 32 123
417 385 113
418 152 123
422 19 123
423 352 127
443 14 123
444 27 121
446 159 125
447 17 139
452 13 113
455 352 121
460 181 125
460 255 139
463 25 113
469 155 135
470 4 125
470 156 127
471 6 113
473 293 121
479 1 121
479 299 125
481 5 113
481 31 119
483 1 121
483 39 135
484 146 113
484 3 117
485 22 123
486 322 123
486 172 123
491 330 127
90 373 135
92 2 121
95 2 111
109 20 113
118 26 135
133 386 139
135 321 111
135 20 121
135 25 121
139 317 127
143 30 111
153 389 125
153 8 123
157 16 127
163 26 111
191 24 115
193 315 125
194 25 133
196 32 121
217 103 115
217 317 125
231 15 127
249 15 111
261 15 135
265 155 123
266 20 133
272 6 111
273 389 125
281 16 125
282 10 123
292 34 111
293 3 125
297 40 121
299 1 121
299 11 121
299 22 117
305 32 119
306 0 125
308 16 111
308 314 121
309 9 123
312 9 125
312 14 111
314 313 125
324 258 123
324 207 125
324 86 111
331 5 119
333 24 121
334 8 133
341 17 111
342 6 123
342 24 119
346 365 139
348 20 111
352 37 119
354 10 121
358 357 127
360 88 115
362 33 119
365 33 119
365 458 131
373 172 125
376 39 131
383 0 123
386 27 125
392 25 121
395 27 119
413 15 125
431 32 121
431 6 111
432 26 135
434 28 133
438 15 127
451 26 121
452 12 119
454 8 123
455 386 139
458 12 121
465 7 119
475 0 123
477 235 127
477 25 111
483 14 125
485 384 127
486 12 125
488 368 121
489 9 121
489 17 125
89 29 125
110 28 119
141 2 113
150 29 135
172 29 129
182 26 109
206 32 127
238 2 127
285 368 123
288 9 109
289 4 119
295 237 123
296 16 135
303 30 109
325 8 131
326 24 125
329 391 127
331 12 109
336 7 129
341 2 119
348 26 137
352 6 109
375 318 123
386 30 127
395 26 127
452 28 109
477 23 119
84 469 76
87 417 89
100 128 72
100 419 71
101 172 72
101 433 79
112 447 79
117 87 74
118 469 72
125 442 71
128 168 74
128 93 69
150 258 84
150 462 87
150 243 82
151 146 74
175 226 74
203 15 117
218 29 119
226 171 72
229 466 79
247 420 77
248 413 79
249 465 77
252 444 76
255 415 79
260 412 72
260 117 67
260 92 79
261 251 82
292 2 107
294 15 129
295 26 111
299 2 115
323 7 115
323 376 133
329 23 111
355 28 123
361 30 123
362 24 115
392 29 109
394 29 133
442 84 76
446 118 76
463 451 77
466 451 76
467 465 76
83 35 69
83 488 87
83 392 77
84 4 72
84 394 87
84 303 71
84 473 85
85 339 84
87 388 82
87 137 71
87 303 71
89 389 70
89 139 74
89 188 71
91 394 77
93 197 81
96 3 67
101 36 79
103 420 70
103 467 89
112 388 72
112 9 80
112 4 70
113 6 70
113 402 67
116 14 72
119 428 71
119 220 77
119 190 89
120 217 79
122 141 91
122 38 75
124 430 89
125 16 70
126 35 81
126 262 73
127 152 70
128 0 70
130 8 70
130 491 79
130 185 76
132 438 77
135 468 74
137 172 70
141 251 70
144 38 75
144 3 84
145 429 84
146 184 79
151 33 71
151 333 74
156 448 74
156 415 74
163 35 77
166 473 89
167 38 67
168 3 70
170 479 77
171 385 82
172 110 74
174 16 72
174 107 70
175 486 76
176 36 75
176 262 89
176 455 71
176 98 75
181 8 70
182 439 75
184 412 84
185 87 80
189 88 70
191 463 80
198 224 80
213 462 77
220 449 87
224 489 74
226 453 69
226 189 79
228 395 78
228 38 65
231 35 75
237 443 84
242 33 77
242 3 74
244 33 77
244 36 65
244 344 70
244 190 76
247 0 70
247 33 89
247 36 70
247 38 85
248 1 65
249 36 76
249 38 77
251 35 74
251 453 85
252 275 71
254 481 74
254 430 67
254 472 79
254 221 71
256 303 80
257 1 77
258 134 77
258 401 69
260 479 77
268 150 72
277 467 88
279 462 69
295 29 119
307 174 70
308 231 70
309 470 69
333 120 67
334 418 85
341 90 72
343 224 80
344 466 77
344 223 80
346 243 84
348 248 70
383 448 79
383 83 74
384 433 89
390 417 84
392 446 75
393 439 65
394 470 75
396 416 70
402 127 70
405 448 75
407 418 69
408 146 72
412 36 75
412 277 70
415 33 77
417 336 72
418 14 72
419 33 65
420 189 79
420 459 75
423 150 70
423 118 67
430 466 71
432 489 77
433 33 77
433 422 74
433 266 76
434 4 74
434 232 70
434 238 80
436 188 79
438 388 70
439 477 77
439 454 75
439 428 79
444 35 69
445 1 74
446 6 72
446 456 70
448 33 74
450 488 71
451 384 84
455 131 80
456 443 75
459 122 70
460 448 65
465 343 72
465 185 78
468 394 85
468 107 65
469 1 84
471 396 84
477 434 86
484 415 69
486 92 75
486 470 77
488 415 69
490 86 74
491 229 70
83 117 82
84 328 67
84 25 70
85 40 74
86 352 73
86 10 68
86 231 90
88 39 72
90 372 86
91 208 77
92 202 77
92 166 80
93 169 89
93 5 79
94 40 69
94 31 82
95 226 80
95 37 68
95 7 70
99 224 92
99 5 69
99 151 86
99 408 77
99 90 75
100 412 84
101 408 85
103 3 72
103 16 80
103 184 77
103 382 68
109 35 74
110 0 68
110 35 73
110 216 87
110 221 63
110 190 69
111 219 77
111 485 65
111 38 77
112 31 73
116 22 72
116 19 77
116 358 89
116 437 80
118 18 75
118 467 80
118 341 87
119 34 77
119 339 75
120 31 78
120 13 69
124 39 72
125 150 80
125 254 93
128 5 72
130 34 77
130 324 63
130 167 80
130 18 87
130 444 82
130 31 78
131 417 86
131 18 87
131 19 74
132 348 68
133 0 68
133 100 85
133 268 72
134 423 63
134 107 72
134 276 85
135 489 68
137 281 87
138 136 75
138 17 68
141 33 83
144 291 72
145 289 63
145 11 68
145 244 73
146 11 77
146 446 84
150 286 75
150 223 75
151 11 69
151 23 68
151 90 80
152 36 75
152 112 87
154 136 72
155 347 78
156 393 72
156 109 65
157 394 74
157 429 85
157 306 72
162 10 69
165 37 75
165 19 74
166 323 63
166 31 68
167 289 77
167 5 74
167 282 77
169 256 63
169 166 80
170 5 77
171 32 65
174 22 74
176 2 72
176 255 86
181 412 80
184 472 69
184 403 63
188 0 68
188 456 67
188 137 69
188 268 79
188 273 75
189 382 68
191 3 75
194 4 78
194 137 77
196 4 68
196 118 75
196 350 88
197 14 68
199 399 84
202 436 73
203 443 90
204 449 90
205 87 82
206 432 77
208 469 71
210 438 78
210 120 78
212 391 78
213 1 65
216 0 70
216 17 68
217 1 72
217 3 72
218 185 63
221 33 85
224 13 69
226 169 77
226 143 77
229 89 89
229 26 82
231 257 73
231 39 69
234 489 63
236 9 68
244 30 70
246 322 77
246 7 68
246 402 83
247 39 77
247 22 68
247 357 63
249 89 81
251 167 79
251 469 90
252 323 67
252 26 78
255 22 63
255 285 69
255 30 68
256 216 86
256 39 68
257 131 82
258 249 73
258 37 82
260 352 73
264 489 68
265 118 75
267 279 74
268 107 63
272 1 75
272 36 68
273 38 67
273 316 68
274 423 63
274 238 70
275 8 78
275 306 69
277 38 67
281 490 69
281 215 75
285 252 68
293 117 75
303 35 75
305 0 68
305 482 74
305 188 82
306 99 73
311 33 75
313 454 75
313 199 82
314 38 68
314 423 75
314 490 73
314 103 74
317 120 75
317 218 85
319 273 63
324 94 65
329 90 72
331 420 73
334 33 68
336 137 72
338 480 69
339 472 79
339 110 65
339 311 82
340 136 63
340 118 73
340 38 75
341 33 74
341 427 69
342 219 73
343 394 82
343 274 73
343 279 73
344 6 80
344 488 77
344 94 77
348 475 79
348 196 89
348 272 72
349 35 86
349 279 79
350 16 72
350 273 67
350 311 69
352 470 75
355 415 78
357 112 92
376 144 84
376 433 75
380 254 68
383 409 67
383 93 77
384 305 73
385 220 77
385 273 63
385 188 78
386 334 72
386 303 89
387 393 76
387 490 69
388 1 88
388 484 78
390 429 79
391 311 72
391 152 68
392 193 75
392 311 69
393 8 68
393 396 67
393 460 73
394 36 63
394 136 77
394 217 77
395 111 63
395 17 68
396 38 83
399 481 73
399 196 69
402 1 65
403 4 68
403 36 72
405 153 70
407 3 84
407 38 72
407 16 68
408 424 63
408 307 77
408 184 77
409 3 65
412 175 63
412 166 81
413 40 68
413 163 84
413 23 68
415 226 81
415 338 75
416 244 86
416 329 72
417 181 63
417 23 68
418 224 80
419 18 76
420 375 68
420 181 71
422 472 68
423 137 69
424 193 87
427 475 63
427 220 69
428 343 78
430 401 73
431 36 74
431 390 82
431 454 67
431 38 75
432 34 83
432 261 83
432 18 74
432 246 89
434 39 87
434 22 68
434 31 75
436 11 85
438 13 75
438 333 63
439 26 70
442 22 79
443 5 68
443 22 72
445 5 77
446 10 72
447 7 70
447 22 69
448 32 73
448 2 72
448 443 84
448 31 67
449 32 65
449 31 73
450 203 77
450 18 72
450 22 79
451 18 74
452 218 69
453 344 78
453 268 72
454 307 82
455 38 84
455 479 77
456 1 63
458 217 79
460 107 72
460 182 81
462 11 69
462 340 63
462 30 78
463 168 71
463 10 77
465 34 69
465 11 63
466 23 70
467 2 63
467 208 79
468 417 78
468 2 72
471 402 83
473 17 78
475 4 70
475 8 68
477 1 72
477 386 80
477 36 68
479 98 75
479 198 73
480 3 72
481 3 65
481 454 75
481 473 83
482 455 67
484 35 82
484 135 77
484 184 69
489 454 75
490 305 63
491 3 75
491 35 72
84 0 75
84 208 72
85 0 81
85 236 71
85 279 78
86 3 82
87 111 84
88 347 83
88 383 73
89 20 70
92 17 73
96 32 73
96 6 82
98 29 78
98 14 81
98 423 82
99 35 82
99 12 75
101 29 80
102 26 78
103 11 70
107 5 63
107 30 66
107 223 71
109 326 65
109 283 85
109 415 86
110 361 61
113 482 78
113 27 79
113 29 66
118 424 84
118 12 69
120 349 79
124 6 94
125 35 78
125 8 77
126 6 76
127 456 80
128 9 69
128 17 96
130 16 94
131 216 76
133 40 70
134 417 80
134 25 76
134 7 66
136 10 75
136 37 73
139 340 71
141 204 87
144 234 80
144 25 83
145 236 77
145 152 75
146 35 78
146 3 84
150 314 87
152 1 73
152 2 80
153 163 78
153 10 82
153 40 66
155 5 80
156 11 67
156 39 72
157 26 94
163 133 76
163 17 81
168 33 82
168 195 96
168 382 81
171 221 80
172 17 88
172 316 79
175 0 78
175 3 80
181 3 82
181 9 77
182 372 66
185 37 71
185 471 80
185 5 70
188 32 70
189 40 75
190 261 71
190 86 90
190 15 76
191 96 84
194 11 77
194 172 80
195 32 73
195 18 67
197 380 66
198 169 77
199 15 66
203 3 76
203 9 66
204 262 77
204 409 65
205 453 84
207 35 74
208 33 66
208 8 76
208 402 67
208 303 71
208 281 70
209 458 65
210 33 61
210 1 74
210 279 81
210 157 80
211 483 73
211 36 73
213 5 71
216 40 67
216 88 77
217 23 66
218 26 76
220 40 67
221 209 71
221 86 77
226 16 77
226 182 76
227 454 82
227 391 73
227 8 61
228 9 69
228 347 91
228 157 75
229 455 84
231 384 71
231 32 81
231 221 82
232 13 83
234 2 70
235 10 75
235 171 75
236 31 76
237 293 72
237 376 66
237 94 80
238 40 73
239 168 75
239 22 75
242 6 85
242 1 80
242 232 84
242 141 76
242 21 75
242 154 69
248 268 80
252 33 84
254 313 84
255 1 78
256 17 77
256 207 66
258 38 76
258 341 84
258 21 70
261 0 75
261 21 80
261 6 76
264 32 73
264 23 68
265 261 77
265 19 66
265 255 82
267 144 77
267 37 71
268 323 65
272 31 83
273 34 73
273 326 83
273 261 78
274 32 71
275 204 69
277 37 71
277 209 61
277 10 67
277 39 67
281 18 68
281 202 77
282 33 73
283 490 70
285 33 70
285 9 70
285 17 78
286 1 61
286 350 76
286 197 70
289 413 78
289 111 61
289 94 90
291 395 83
294 3 71
295 393 65
297 407 70
298 393 71
298 139 70
298 213 75
299 3 66
303 18 61
305 37 81
306 30 82
307 3 71
307 31 73
308 31 61
309 32 70
309 13 67
311 211 77
313 37 70
314 32 80
315 37 65
315 13 75
315 145 61
316 40 66
316 25 68
316 205 69
317 7 76
317 11 73
318 444 78
318 22 80
322 38 81
323 36 73
323 392 70
324 36 72
324 182 71
324 16 66
325 3 63
325 36 73
326 35 75
326 311 61
326 277 72
329 489 85
330 139 61
330 460 68
331 6 66
334 34 67
334 293 67
334 26 88
334 31 67
336 34 70
338 10 61
338 11 83
338 124 84
338 221 68
341 19 73
342 34 67
343 2 80
344 37 74
346 37 76
346 23 76
347 5 86
349 37 75
349 248 79
349 31 79
350 30 66
355 321 76
355 35 85
355 4 80
355 396 70
357 318 66
358 484 70
358 307 84
360 1 70
361 35 65
361 133 75
362 462 84
363 116 70
367 112 80
368 413 69
369 94 86
369 117 86
370 434 70
372 460 84
373 336 76
375 1 66
375 157 66
376 109 74
378 1 84
378 35 75
380 99 73
384 7 66
386 18 75
387 322 69
388 34 71
388 5 70
388 10 76
389 170 71
389 5 90
391 255 83
392 1 71
393 18 66
394 257 76
394 172 69
395 19 61
396 3 71
399 39 76
401 209 69
401 25 68
402 7 80
405 32 73
405 11 61
407 32 80
407 290 77
408 32 72
408 333 73
409 413 78
412 262 84
412 24 73
413 4 71
417 17 76
418 17 81
419 14 82
420 20 67
420 25 85
423 174 71
423 84 79
427 5 70
427 340 67
428 291 75
428 13 73
429 88 61
429 170 77
430 2 80
431 40 73
431 37 81
432 1 82
433 27 61
433 319 79
434 17 80
438 16 84
439 157 84
442 16 79
442 4 71
443 8 80
443 24 65
444 344 81
444 188 82
445 8 85
445 485 84
447 38 84
447 369 71
447 9 69
449 348 91
450 195 80
450 4 85
451 4 75
451 318 79
452 326 70
452 215 66
454 450 76
455 11 73
455 15 66
455 176 77
455 285 71
456 37 73
459 11 67
460 40 83
462 36 78
463 1 82
463 110 73
463 241 61
463 220 78
465 32 73
466 1 80
466 236 71
466 12 61
466 24 73
467 20 73
467 25 67
468 367 66
468 312 85
469 32 73
469 24 70
469 288 80
470 386 79
472 257 71
472 10 71
472 299 66
472 90 77
473 37 71
473 168 77
473 378 66
475 39 72
477 37 71
477 5 67
479 172 76
480 2 61
480 11 67
480 85 92
480 283 70
481 128 61
481 40 75
481 175 80
482 207 69
482 144 84
482 372 66
482 30 76
484 39 67
485 30 88
486 10 61
486 34 75
486 221 66
488 7 66
488 334 69
489 10 66
490 3 71
83 30 59
84 40 78
84 15 87
88 19 78
92 34 76
94 34 78
96 15 77
96 26 81
98 26 69
101 20 80
102 8 82
107 16 71
110 24 70
111 17 74
113 20 86
119 11 82
122 18 86
126 10 82
132 32 79
132 155 67
133 363 73
133 14 82
133 27 67
134 472 82
135 8 73
135 29 76
136 313 80
137 0 75
139 14 78
139 153 73
141 27 67
144 2 69
144 7 77
145 15 59
150 34 88
152 24 63
152 155 86
154 210 80
154 21 71
156 4 73
156 103 71
157 8 61
157 9 75
157 154 78
159 152 73
165 15 73
165 28 90
167 32 76
174 15 74
176 5 78
182 16 69
184 20 73
185 9 82
185 370 73
188 303 74
189 0 59
190 25 65
191 0 79
191 206 70
193 291 80
194 453 82
195 33 78
195 315 69
196 29 64
197 20 59
199 385 71
199 311 76
199 24 63
202 25 64
203 243 69
203 84 63
203 220 74
204 5 68
204 10 65
205 23 64
205 39 72
206 11 69
207 257 79
207 322 76
207 13 69
207 85 87
207 223 79
208 10 80
208 18 68
208 338 81
208 22 85
209 11 82
209 407 73
211 294 71
211 39 73
212 14 74
212 319 59
213 8 69
215 455 80
215 428 78
216 16 77
218 27 67
218 207 78
219 312 84
219 32 69
219 483 86
221 20 78
221 152 73
223 10 82
224 28 84
227 30 71
228 34 88
228 7 82
228 299 82
229 2 69
229 12 78
232 29 64
234 9 69
234 25 83
236 362 85
237 4 83
237 342 59
238 232 71
238 216 74
238 156 75
241 27 67
241 235 59
241 29 66
246 32 80
247 5 74
247 11 78
248 10 82
251 18 80
252 360 72
257 19 78
258 11 92
258 20 78
264 25 65
265 0 80
265 207 84
266 12 75
266 14 77
267 4 59
273 385 77
273 159 67
273 315 69
274 274 78
275 12 61
276 1 74
276 21 65
277 16 69
277 17 77
279 29 78
279 21 68
281 6 69
281 17 69
283 144 75
283 405 90
283 37 63
286 6 74
286 423 76
286 16 84
286 22 75
286 26 78
286 283 59
289 39 75
289 8 76
290 30 78
290 31 69
291 4 90
291 326 64
291 459 82
291 23 68
292 417 78
292 341 59
294 39 65
294 18 75
294 244 77
295 37 68
295 176 59
296 10 75
296 444 78
296 37 66
297 34 75
297 3 81
297 333 59
298 40 75
298 174 69
303 4 67
305 152 84
308 24 69
308 27 75
309 8 67
309 27 67
311 27 73
312 8 73
313 8 82
313 268 78
313 14 77
314 157 67
314 20 59
315 12 67
316 24 65
317 4 77
319 152 79
321 321 86
322 37 68
322 40 68
322 22 65
323 171 67
323 11 75
323 175 75
324 22 85
325 124 84
326 170 73
326 204 75
326 30 80
328 1 71
329 26 74
330 39 78
333 1 80
333 17 82
334 6 80
334 14 59
340 0 82
341 363 76
342 14 77
343 347 59
343 156 67
344 4 77
344 20 75
346 202 80
346 362 72
347 391 79
348 0 59
348 13 88
348 27 87
350 29 68
352 376 78
352 5 82
354 163 75
354 22 75
355 5 74
355 11 78
355 209 73
355 19 69
355 22 79
358 322 73
358 10 74
358 31 59
360 37 74
360 39 82
360 357 87
362 239 76
365 194 71
365 213 79
367 14 74
367 308 90
367 409 78
369 9 64
369 195 73
369 429 75
370 35 77
373 151 67
373 403 71
373 7 74
376 37 73
378 37 82
382 202 64
382 157 67
382 343 75
383 207 74
385 9 63
388 12 67
388 13 76
388 14 77
388 153 77
390 312 73
390 17 77
391 8 75
391 21 82
393 32 79
394 485 90
395 0 74
395 14 88
401 17 78
401 9 92
402 155 73
402 102 74
403 427 76
405 38 88
405 16 69
407 363 77
408 8 67
409 6 82
409 333 76
409 21 59
409 27 69
412 10 78
412 30 81
413 22 82
417 30 71
418 5 92
420 11 84
422 429 78
423 16 82
424 17 73
427 136 88
427 315 74
427 156 75
428 109 80
431 209 74
434 23 82
437 12 86
437 23 79
444 18 80
444 22 78
446 2 82
449 26 71
451 2 69
451 30 83
452 311 78
452 27 67
453 8 74
453 12 85
454 29 74
456 14 73
459 0 67
460 0 67
460 454 78
460 16 79
462 2 76
463 28 68
463 26 83
467 10 80
467 26 77
472 21 73
473 25 73
475 3 82
475 6 59
475 477 76
477 35 88
479 313 92
480 38 82
480 16 69
480 346 71
481 38 86
482 27 73
483 16 69
485 9 80
488 218 80
490 25 71
93 27 76
103 18 72
107 23 75
109 32 74
117 21 76
130 24 82
137 18 78
139 358 72
141 10 74
153 358 76
154 23 78
165 27 72
175 21 74
185 375 69
185 15 57
185 28 65
195 23 67
199 32 76
202 27 75
203 4 57
203 157 69
206 14 67
207 32 69
207 25 61
209 13 82
210 16 77
212 23 77
213 34 82
215 28 72
215 7 80
218 15 67
226 24 78
232 2 82
232 22 86
234 23 71
235 2 69
235 12 78
236 39 72
238 28 71
241 7 78
246 29 69
251 27 70
262 2 80
265 354 62
266 2 67
266 34 84
267 40 88
268 18 80
268 28 77
272 26 77
274 2 69
276 12 68
276 325 72
283 27 67
285 206 68
285 23 86
285 25 82
286 20 71
289 27 65
290 362 77
292 6 77
292 17 72
293 4 80
297 12 73
298 154 75
299 20 71
299 21 69
299 408 90
299 155 78
299 27 57
303 372 75
305 373 69
312 23 71
313 30 69
318 23 75
319 23 57
321 34 72
321 11 86
321 19 80
321 26 69
321 30 57
322 21 63
322 409 74
323 20 66
323 29 76
324 0 65
325 14 67
326 239 84
328 8 71
330 9 88
330 317 80
331 195 76
331 422 80
333 11 74
333 373 77
343 12 66
347 30 75
352 317 67
355 32 81
355 232 77
355 368 80
355 21 72
355 25 67
357 14 57
360 6 75
360 14 77
361 363 72
361 13 86
361 207 82
363 15 66
367 2 61
367 39 77
368 288 73
368 11 73
370 2 76
370 19 78
370 26 72
372 4 65
375 0 71
376 342 67
378 6 75
380 27 73
382 7 75
383 15 71
385 12 80
386 378 89
386 28 75
387 12 72
389 373 71
393 2 72
393 373 75
393 28 71
401 23 83
403 26 57
407 12 62
420 21 82
422 26 79
422 30 69
424 11 88
424 13 74
424 28 65
427 15 57
428 12 68
431 30 75
432 29 69
433 29 71
439 29 57
448 27 76
453 26 77
454 7 71
454 11 76
455 7 65
462 29 67
473 7 78
473 23 80
477 11 76
480 355 76
482 39 88
482 15 67
484 34 80
486 18 86
486 28 71
489 39 78
107 21 74
135 24 74
136 29 85
138 27 74
154 27 86
157 29 65
167 31 70
189 401 82
190 29 85
191 27 68
193 29 77
202 28 80
204 26 77
205 26 55
216 21 70
218 24 76
219 21 74
238 29 79
268 29 83
281 21 76
281 27 84
285 28 70
288 7 63
291 2 67
292 18 80
292 30 79
294 19 84
299 37 84
307 401 92
309 24 78
316 29 73
317 29 75
321 29 79
324 2 75
326 23 71
326 26 75
328 2 67
330 7 78
330 15 70
341 24 74
349 29 69
361 15 69
365 27 65
368 14 65
368 21 68
370 14 75
393 21 70
395 21 74
427 27 68
428 24 88
430 29 75
235 31 72
285 29 65
288 27 58
289 29 71
296 24 68
311 31 74
321 31 82
324 394 78
339 31 78
362 12 64
368 7 71
378 29 71
423 31 68
