85 83 174
88 162 147
93 90 129
99 87 177
146 93 164
146 127 127
84 8 142
89 1 180
90 373 152
112 413 165
113 4 142
118 26 175
127 9 162
130 6 150
143 30 127
146 417 150
146 249 177
153 389 160
162 6 152
163 205 206
163 26 127
166 9 150
167 210 187
169 209 181
175 462 162
231 171 195
244 89 152
246 162 155
260 100 177
286 101 175
342 6 177
344 243 160
347 283 157
348 26 160
360 88 167
373 172 145
383 0 177
386 30 180
387 256 142
387 407 150
407 167 152
417 385 135
419 146 167
436 170 135
443 144 177
85 311 133
87 17 165
89 29 163
90 275 140
90 459 143
91 35 130
92 2 198
93 36 125
95 32 143
95 36 180
95 2 153
96 27 165
96 221 159
99 38 175
118 38 158
119 36 170
120 135 193
126 32 175
127 38 168
127 25 165
131 16 188
133 386 140
143 490 183
150 29 140
153 8 143
155 3 185
163 27 136
163 188 135
165 303 193
170 480 130
171 12 164
172 29 160
181 14 198
181 399 180
241 176 183
244 6 130
244 282 158
246 6 185
246 153 163
248 255 140
251 4 148
258 261 170
273 389 158
288 9 175
289 4 158
324 86 155
329 391 178
334 8 165
346 365 178
348 20 150
352 6 173
358 357 115
361 30 178
386 27 135
387 35 133
387 138 140
391 309 173
395 175 155
405 407 153
412 470 185
418 360 186
418 152 140
420 3 173
424 93 115
432 26 138
438 361 150
446 159 138
449 334 190
450 448 208
451 438 150
451 26 183
455 386 125
460 181 183
469 155 165
470 4 148
470 249 160
470 156 148
471 6 130
484 146 173
485 384 135
486 172 138
85 10 148
87 10 156
88 5 143
88 40 201
88 24 148
90 34 146
102 473 168
109 20 181
109 279 153
124 13 152
125 13 163
127 13 197
128 39 158
135 227 161
141 205 138
151 19 166
157 16 168
166 18 166
168 13 158
169 5 161
170 10 173
175 13 137
182 26 173
184 471 156
188 211 178
189 354 139
194 223 168
206 32 181
212 436 183
215 3 191
216 211 148
217 103 151
224 25 158
227 35 141
228 132 143
232 339 166
244 329 183
244 25 171
247 136 138
247 488 206
248 273 153
251 25 196
254 452 188
260 395 146
260 16 138
265 155 131
272 6 163
274 203 137
276 289 138
276 357 134
285 368 153
286 456 146
303 30 178
306 0 181
306 260 123
309 9 161
312 9 148
317 288 141
317 1 153
319 3 176
323 376 123
324 258 146
324 207 163
325 8 161
330 419 163
336 141 216
336 7 163
341 2 156
341 17 158
342 10 146
342 24 153
354 422 181
361 484 188
375 318 206
385 19 138
395 26 171
412 38 153
413 35 146
413 17 123
413 318 171
415 324 158
415 190 156
416 17 158
416 36 171
417 32 188
418 35 181
420 38 133
420 273 191
423 352 128
431 6 171
433 215 138
442 35 146
443 14 123
444 27 164
447 17 158
449 36 191
454 8 163
455 352 134
460 255 163
462 218 142
463 25 188
465 7 156
470 33 173
475 0 181
479 1 183
483 1 156
484 3 138
485 448 136
489 9 138
89 389 101
93 169 136
99 90 126
100 128 86
101 172 101
110 28 170
112 388 101
117 87 86
120 349 101
128 168 111
135 321 165
135 20 146
135 25 154
139 480 131
139 317 189
141 2 161
151 146 86
152 31 169
168 382 106
170 21 115
176 98 91
182 458 165
189 133 156
189 267 169
193 315 186
194 25 164
196 32 171
203 15 169
217 317 146
218 29 144
219 307 171
221 38 174
226 31 156
227 34 154
228 37 141
229 5 164
229 39 151
229 19 134
231 15 181
234 213 195
238 2 171
243 10 159
249 15 146
254 34 179
261 15 121
266 20 139
276 35 156
279 268 139
281 16 181
282 10 184
293 3 186
295 26 129
299 1 171
305 32 154
305 216 136
308 141 169
308 16 171
308 314 134
312 14 136
314 313 159
314 218 176
314 394 154
315 38 141
315 188 174
317 141 126
323 7 184
324 137 176
329 38 199
331 12 166
333 19 184
333 24 136
344 94 126
347 391 126
352 37 160
354 10 161
355 28 134
362 33 156
365 33 169
365 458 156
376 39 184
383 83 116
383 93 136
392 25 170
392 29 146
394 29 189
395 27 126
405 19 204
407 13 166
412 5 129
412 18 151
413 15 154
413 18 181
417 37 154
420 37 111
430 491 129
431 32 166
434 28 164
438 15 131
445 22 139
446 13 151
452 12 140
458 12 186
470 34 184
477 235 161
477 25 164
482 35 141
483 132 154
483 14 126
486 322 179
486 12 136
488 368 154
489 17 121
491 330 159
83 11 124
84 0 104
84 4 99
84 208 124
84 469 109
85 0 144
85 339 99
87 417 89
91 11 179
96 26 134
98 26 79
99 408 114
101 433 134
101 408 89
103 382 94
112 9 84
112 4 74
113 6 109
118 341 109
118 469 109
119 339 134
125 8 124
125 254 114
127 152 114
128 0 89
130 8 89
144 291 109
144 3 114
145 152 124
150 258 109
150 462 99
150 243 124
150 286 89
151 333 84
152 112 79
167 289 114
167 282 79
168 3 109
172 110 89
174 107 124
175 226 89
181 8 94
181 9 109
191 24 148
199 19 164
207 85 134
213 31 129
217 34 157
221 37 154
226 169 144
226 171 124
226 143 109
228 347 124
229 21 134
229 89 99
232 39 169
232 10 157
235 40 129
244 344 114
251 167 89
262 22 154
283 144 114
292 2 144
295 237 147
295 29 159
296 16 152
299 2 109
305 40 182
305 10 169
306 39 142
308 39 144
311 19 172
326 24 164
329 23 162
331 5 154
340 118 79
341 90 89
344 4 114
344 466 114
347 30 124
348 248 89
349 248 89
350 30 109
354 163 124
362 24 148
376 342 124
380 99 89
382 202 74
383 448 134
383 207 99
384 433 109
386 334 89
386 378 89
388 153 109
389 373 124
390 417 104
391 8 134
391 152 74
391 255 104
402 127 99
408 146 94
422 19 138
438 388 119
442 84 124
443 193 159
444 344 134
446 118 114
449 348 124
452 13 124
452 28 129
465 343 84
470 386 79
473 293 119
477 23 172
479 299 124
481 5 177
481 31 179
483 39 167
485 22 204
83 488 102
83 392 77
83 117 127
84 394 112
84 473 132
84 25 87
86 352 97
87 388 112
88 347 77
88 383 71
89 139 87
89 20 102
92 166 117
95 7 87
96 32 97
99 151 112
103 3 102
103 420 117
103 467 132
107 30 87
109 283 97
110 0 107
113 29 97
116 14 82
116 358 132
119 190 97
122 141 132
122 38 97
124 430 112
125 16 97
125 150 132
128 93 112
130 167 111
130 491 112
130 185 97
132 348 97
133 100 112
137 172 87
144 2 77
144 38 122
144 7 122
144 25 112
145 236 122
145 429 72
146 184 112
150 314 132
151 90 117
152 1 112
156 448 102
156 4 122
156 103 132
156 415 97
157 9 132
159 152 112
163 35 87
163 17 122
165 27 82
166 473 97
169 166 117
170 479 107
171 385 92
172 316 107
174 16 82
175 486 107
176 2 97
176 262 87
185 87 132
189 88 97
189 382 92
196 118 97
198 169 112
202 436 97
203 9 102
204 26 132
206 432 87
207 257 132
207 223 87
208 8 107
208 338 122
209 407 87
210 1 117
210 438 87
212 391 122
216 88 102
221 86 77
228 157 77
229 466 112
235 171 122
239 168 97
242 3 97
242 6 107
244 30 102
246 402 107
247 0 102
247 420 97
248 413 112
249 465 97
252 360 97
252 444 82
255 30 107
255 415 112
256 207 112
260 412 97
261 0 77
261 251 102
264 197 175
265 118 87
267 144 97
268 150 72
273 385 122
285 9 82
285 206 82
285 252 122
290 30 97
292 34 176
294 15 147
297 40 160
299 22 192
306 99 112
307 174 82
317 120 77
323 175 102
326 170 87
329 90 97
333 373 132
334 418 122
342 14 97
343 2 72
343 394 92
343 12 112
343 347 67
344 488 132
344 20 132
346 362 97
348 475 97
348 272 107
349 35 122
349 29 97
350 16 122
350 29 107
352 470 102
355 4 107
360 1 97
360 6 102
361 207 97
363 116 82
367 112 112
373 403 122
375 0 87
375 1 87
375 157 102
376 109 97
376 433 112
378 1 97
378 6 122
380 254 97
382 7 87
382 343 87
384 7 97
386 303 87
387 393 102
388 14 107
389 170 96
390 312 122
390 429 122
390 17 122
391 311 82
401 193 165
402 155 97
403 4 117
405 448 112
405 153 102
407 3 112
407 290 122
408 333 87
413 4 87
415 226 87
415 338 97
417 336 92
420 375 112
423 150 107
423 174 102
429 170 77
432 246 132
434 4 102
439 26 107
442 4 102
445 8 132
445 1 107
446 6 122
450 4 122
451 4 132
451 30 77
455 131 112
455 176 112
459 122 107
463 451 87
463 110 107
463 26 132
466 451 92
467 465 97
467 26 112
469 1 92
471 402 102
472 90 87
473 168 122
479 98 107
490 86 122
83 30 95
84 15 110
85 40 120
86 10 70
86 3 115
86 231 129
87 111 105
88 39 70
90 372 144
91 208 95
92 202 99
93 5 100
94 31 105
95 226 115
95 37 85
96 3 79
96 6 95
96 15 110
99 224 115
100 419 114
100 412 90
103 16 90
103 184 85
109 35 95
110 35 115
111 38 100
112 447 114
112 31 110
113 402 104
116 22 85
116 19 110
116 437 120
118 18 130
118 467 105
119 34 110
120 31 95
124 39 100
124 6 105
125 442 89
126 6 90
128 5 100
128 9 95
130 34 120
130 18 120
130 444 135
130 31 90
131 417 100
131 18 140
131 19 95
132 438 85
133 0 95
134 107 80
135 8 110
135 468 85
137 0 75
139 340 110
139 153 75
141 251 120
145 289 79
145 244 80
146 3 100
146 446 90
150 223 79
151 23 80
152 2 100
152 36 100
153 163 115
154 136 110
155 347 84
156 393 95
157 394 85
157 429 85
157 306 90
157 29 100
165 37 85
165 15 130
165 19 95
166 31 115
167 5 85
169 256 89
170 5 110
174 22 120
175 0 105
175 3 105
176 255 119
181 3 105
181 412 109
182 372 105
182 439 110
184 412 110
188 0 100
191 206 70
191 463 85
194 4 85
196 4 80
197 380 100
198 224 80
202 25 85
203 84 89
203 220 105
205 87 105
205 453 130
207 32 95
207 35 110
208 33 110
208 281 90
210 16 130
210 120 105
211 483 85
211 36 120
213 462 85
216 0 90
217 1 85
217 3 95
218 26 90
220 449 120
221 152 95
224 489 95
226 16 85
226 189 85
227 391 85
228 395 100
229 2 140
231 384 75
231 35 95
231 32 120
236 9 110
237 4 110
237 376 85
237 443 115
238 156 110
242 33 120
244 33 130
244 190 130
246 7 95
247 33 120
247 36 95
247 38 105
249 89 90
249 36 120
249 38 130
251 35 80
251 453 85
251 27 70
254 481 115
254 472 120
256 216 85
256 17 95
256 303 90
257 131 115
258 134 130
260 117 124
260 92 85
260 479 100
265 354 130
265 261 95
272 26 95
275 8 80
277 467 105
281 6 120
282 33 110
283 490 85
285 33 100
285 17 80
286 20 95
286 350 125
288 27 95
289 29 105
289 94 140
290 362 110
291 2 105
291 395 110
291 326 95
303 372 110
305 0 85
307 3 95
308 231 100
312 8 110
314 103 95
319 152 110
326 26 115
328 8 105
328 1 130
331 6 90
333 120 84
334 33 85
336 137 80
338 124 90
338 221 85
339 472 130
339 311 105
340 38 95
341 33 70
343 224 120
343 156 69
344 37 85
344 6 120
344 223 104
346 202 140
346 243 99
346 23 70
348 0 90
348 27 75
349 37 130
355 32 110
355 35 85
355 232 85
355 396 70
357 112 105
357 318 105
358 322 85
358 484 70
358 307 70
360 14 100
360 357 120
361 133 110
361 363 105
362 462 105
369 9 80
370 434 95
370 26 85
372 460 95
373 151 65
376 144 125
378 35 85
378 29 130
382 157 75
383 409 94
385 9 114
386 18 120
386 28 85
388 1 130
388 5 85
392 1 95
392 446 120
393 8 130
393 373 140
394 11 163
394 470 85
396 416 115
396 3 75
402 7 90
403 36 90
407 32 100
407 38 95
407 363 130
407 12 105
407 16 85
408 32 95
408 307 130
408 184 120
412 36 120
412 175 90
412 277 80
412 166 85
413 163 140
415 33 85
416 329 95
417 181 79
418 14 95
420 25 95
420 189 95
420 459 75
420 181 79
427 156 120
428 291 85
431 30 85
432 489 85
433 33 120
433 422 120
433 266 120
433 319 105
434 232 100
434 238 105
436 188 110
439 477 140
439 454 130
439 428 105
442 16 85
446 456 120
447 7 100
448 33 95
448 2 80
451 384 80
451 2 120
451 318 95
453 26 105
456 443 85
460 107 85
463 168 69
465 32 115
465 185 110
467 20 110
468 2 120
468 394 130
468 367 100
468 312 95
469 32 100
471 396 110
473 378 85
475 4 90
475 8 80
477 1 95
477 434 80
480 3 100
480 283 80
482 372 105
482 30 120
486 470 85
490 3 100
491 229 90
83 35 112
84 328 103
84 303 87
85 236 67
85 279 78
87 137 83
87 303 63
89 188 93
91 394 82
92 17 108
93 197 122
93 27 102
98 29 113
98 14 102
98 423 78
99 35 107
99 12 93
101 36 88
101 20 93
101 29 113
102 8 92
102 26 138
107 23 108
107 223 77
109 415 118
110 361 83
110 24 68
113 482 137
113 20 138
113 27 95
118 424 127
118 12 98
119 428 67
119 220 118
120 217 112
125 35 128
126 35 108
126 262 88
127 456 117
128 17 103
130 324 77
130 16 113
131 216 117
132 32 108
133 363 138
133 268 128
134 276 93
134 25 68
134 7 103
135 489 118
136 29 103
137 281 108
138 136 113
138 17 68
141 33 83
144 234 117
146 35 118
151 33 77
152 155 118
153 358 127
153 10 103
153 40 93
154 210 123
155 5 108
156 109 88
156 39 103
157 8 83
157 154 113
157 26 127
163 133 103
166 323 77
167 32 142
167 38 83
168 33 122
168 195 93
171 32 83
171 221 123
172 17 128
176 36 87
176 455 107
184 20 103
185 370 108
188 32 98
188 273 108
190 29 128
190 86 98
191 96 103
191 27 128
194 137 103
194 172 78
196 350 103
196 29 83
197 14 108
199 385 78
199 399 98
203 3 107
203 4 73
203 243 67
203 443 88
203 157 78
204 449 97
204 5 88
204 409 67
205 26 107
205 23 88
205 39 93
208 18 98
208 402 67
208 469 73
208 22 93
209 13 83
210 157 98
211 294 118
211 39 93
216 16 103
216 17 88
219 32 98
221 33 83
221 20 93
227 8 97
227 30 78
228 9 73
229 26 98
231 257 92
232 29 68
234 2 93
234 25 138
235 2 113
235 12 108
236 362 113
237 342 87
237 94 78
241 29 93
242 1 123
242 154 82
247 39 118
247 22 93
247 357 83
248 1 77
251 469 113
252 26 128
255 1 123
255 285 87
256 39 93
257 1 78
258 341 117
258 249 92
258 37 83
260 352 108
261 6 92
264 489 93
266 2 93
266 14 73
267 279 113
268 29 138
272 36 108
273 326 103
273 316 103
274 2 113
274 238 98
276 12 93
277 17 83
283 405 123
286 1 103
286 6 98
286 22 118
286 26 103
286 283 98
289 8 123
289 413 88
289 111 67
290 31 108
291 4 102
291 23 103
292 6 83
292 30 108
294 244 103
297 3 108
297 407 83
299 3 93
299 11 146
303 35 103
305 482 83
305 188 88
309 32 88
311 33 118
313 454 73
313 14 98
314 32 88
314 38 98
314 423 108
314 490 93
315 145 102
316 25 93
316 29 108
317 7 83
317 29 108
321 29 98
322 38 93
323 171 98
323 36 118
323 392 103
323 20 103
324 2 108
324 36 103
324 182 108
324 16 103
324 94 83
325 124 103
325 36 118
326 35 93
326 277 108
328 2 108
329 489 108
330 460 118
333 1 113
334 6 123
334 26 122
336 34 78
339 110 82
340 0 113
341 19 118
342 219 78
343 274 98
343 279 102
348 196 93
349 279 92
350 273 88
350 311 77
352 376 123
352 5 88
354 22 128
355 209 73
355 415 123
360 39 83
362 12 83
368 7 103
369 429 118
369 94 78
369 117 138
370 14 93
372 4 63
373 336 118
376 37 118
378 37 83
380 27 128
384 305 92
385 220 108
385 12 78
385 273 98
387 322 77
387 490 108
387 12 93
388 484 118
388 12 108
393 32 83
393 460 128
394 136 118
394 172 92
395 17 83
396 38 108
401 25 68
402 1 112
402 102 98
403 26 92
407 418 108
408 8 97
409 3 73
409 6 93
409 333 113
409 413 78
412 24 108
412 30 108
413 40 68
413 23 93
416 244 107
417 23 83
417 30 88
418 224 118
419 18 88
422 472 88
423 84 98
423 118 92
424 17 93
427 27 93
428 12 83
428 343 78
429 88 87
430 2 93
430 401 93
430 29 108
431 36 93
431 390 127
431 38 103
432 1 128
432 34 83
432 261 102
432 18 78
434 39 108
434 22 98
434 31 83
438 333 88
439 157 93
443 5 68
443 8 117
443 22 83
445 5 98
446 10 78
447 9 92
448 443 98
449 26 102
449 31 93
450 203 73
450 18 83
451 18 83
452 326 98
452 215 83
453 344 123
453 268 68
454 7 83
454 307 93
454 29 108
455 38 93
455 479 108
456 14 103
462 340 77
462 30 93
463 1 78
463 28 93
463 10 138
466 1 138
466 23 118
466 24 103
467 208 73
468 417 93
468 107 108
469 24 113
469 288 107
473 17 93
473 25 73
477 386 93
477 36 83
479 172 108
480 85 103
480 346 112
481 128 63
481 454 118
481 175 78
481 473 128
482 144 103
484 35 103
484 135 83
486 92 73
486 221 93
488 7 108
489 454 93
490 25 108
491 35 68
84 40 96
88 19 116
92 34 140
94 40 71
94 34 130
99 5 61
107 16 105
109 32 96
109 326 100
110 216 111
110 221 76
110 190 71
111 17 126
111 219 136
111 485 100
119 11 101
120 13 96
122 18 126
130 24 120
132 155 91
133 40 91
134 417 111
136 10 91
136 37 91
139 358 86
141 204 91
145 11 101
145 15 106
146 11 120
150 34 111
154 27 80
154 21 71
162 10 110
165 28 136
167 31 125
174 15 121
176 5 136
184 403 91
185 9 125
185 375 61
185 471 131
185 5 96
189 0 85
189 40 71
190 261 75
190 15 91
191 0 80
191 3 101
193 291 76
199 15 126
202 27 78
204 262 71
206 14 105
207 322 111
207 25 90
208 303 86
209 458 75
210 33 86
210 279 65
213 1 90
213 8 96
217 23 91
218 207 140
221 209 86
226 453 96
227 454 76
228 38 95
228 7 111
229 455 80
229 12 105
231 221 96
234 9 76
234 23 101
235 10 126
236 31 101
237 293 81
238 28 106
238 40 126
239 22 106
242 232 111
242 141 91
242 21 96
244 36 71
246 32 121
246 322 95
246 29 85
248 268 116
252 33 91
252 323 100
252 275 86
254 430 86
254 313 101
254 221 96
258 38 111
258 401 86
258 20 116
258 21 101
261 21 76
264 23 101
265 0 121
265 207 90
265 19 91
265 255 130
267 4 96
267 37 81
268 107 96
268 28 116
272 1 101
272 31 126
273 34 81
273 159 100
273 261 101
275 204 81
276 1 95
277 37 101
277 209 96
279 462 95
281 18 91
281 202 81
283 27 81
285 25 80
285 29 116
286 423 136
286 16 91
286 197 111
288 7 71
289 27 98
291 459 126
293 117 75
295 176 90
298 393 81
298 139 116
298 174 90
299 20 106
303 4 101
305 37 91
305 152 91
305 373 101
306 30 105
307 31 116
308 24 126
308 27 126
309 8 95
309 470 86
311 27 116
311 211 91
312 23 126
313 37 111
313 8 101
313 30 86
314 157 65
316 40 81
316 205 81
317 4 86
318 444 126
318 22 126
318 23 106
321 26 80
321 30 86
322 37 111
322 40 86
322 409 116
324 0 75
324 22 116
325 3 95
326 204 91
326 23 126
326 30 111
329 26 101
330 9 111
330 39 96
331 420 71
333 17 80
334 14 81
338 480 75
340 136 76
341 427 75
341 363 86
342 34 85
346 37 76
347 5 115
348 13 101
349 31 106
352 317 106
355 321 125
355 368 111
355 25 75
357 14 91
361 35 100
363 15 86
367 39 111
367 409 96
368 288 110
368 413 86
373 7 105
383 15 116
388 34 120
388 13 106
389 5 140
393 18 66
393 439 81
393 28 91
394 257 90
395 0 111
395 111 75
399 39 66
401 9 140
401 209 96
401 23 81
403 427 91
405 32 75
405 38 121
405 16 91
408 424 91
409 27 98
412 262 101
417 17 120
418 17 86
419 33 105
419 14 101
420 20 75
422 26 81
422 30 85
427 5 86
427 340 80
428 109 86
430 466 110
431 40 81
431 209 100
431 37 71
432 29 96
433 27 81
433 29 90
434 17 146
437 12 105
438 16 101
439 29 100
444 35 71
445 485 105
446 2 86
447 38 125
447 369 106
448 32 95
448 27 131
449 32 110
450 195 111
450 488 90
453 8 76
454 450 115
455 15 66
455 285 81
456 1 71
456 37 91
459 0 71
460 0 100
460 448 71
460 40 91
462 2 121
462 36 91
462 29 71
463 241 85
463 220 116
466 236 95
466 12 106
467 2 80
467 25 81
472 257 90
472 299 76
473 37 91
475 3 111
475 6 81
475 39 116
477 37 106
480 355 101
481 3 85
481 40 96
482 207 86
482 27 71
484 415 86
485 9 101
485 30 90
486 34 101
486 28 81
488 334 81
488 415 100
489 10 101
491 3 85
103 11 94
103 18 109
107 5 84
117 21 123
133 14 89
133 27 81
134 423 89
134 472 124
135 29 109
136 313 78
138 27 114
139 14 103
141 27 69
152 24 83
154 23 119
175 21 98
182 16 114
184 472 93
188 456 89
188 137 98
188 268 94
188 303 89
189 401 74
190 25 108
193 29 79
194 453 113
195 32 89
195 33 123
195 315 84
197 20 83
199 32 109
199 311 88
202 28 114
204 10 108
207 13 94
209 11 119
212 14 89
212 319 93
215 455 109
215 428 78
215 7 109
218 27 69
218 185 69
219 312 78
219 483 124
224 28 133
224 13 79
226 24 138
228 34 99
228 299 128
231 39 74
232 2 88
234 489 84
238 232 63
238 216 109
238 29 108
241 27 59
241 235 98
241 7 89
247 5 78
247 11 124
251 18 93
255 22 84
257 19 78
258 11 114
262 2 103
264 32 89
264 25 73
266 12 104
268 323 73
273 38 74
273 315 93
274 32 84
274 423 93
274 274 144
275 12 59
275 306 89
276 325 103
277 38 94
277 16 63
279 29 99
279 21 74
281 490 94
281 17 73
281 215 94
281 27 78
283 37 79
285 28 99
285 23 84
289 39 83
292 417 99
292 341 93
293 4 124
294 3 98
295 37 89
296 444 103
296 37 89
297 333 88
298 154 79
299 408 113
299 155 84
307 401 123
309 27 89
313 199 89
313 268 74
314 20 73
315 12 94
317 218 89
319 273 79
321 321 108
323 29 84
324 394 103
325 14 74
326 311 93
326 239 109
330 7 138
330 139 79
330 317 94
331 195 94
331 422 128
333 11 94
334 34 83
334 293 79
334 31 103
338 10 104
338 11 118
339 31 84
341 24 103
355 5 109
355 11 94
355 19 69
355 22 63
358 31 59
360 37 133
361 13 109
361 15 103
362 239 109
365 194 98
365 27 94
365 213 89
367 2 79
367 14 103
367 308 104
368 14 108
368 21 84
369 195 93
370 2 84
370 35 93
385 188 134
391 21 88
392 193 79
392 311 99
393 2 109
393 396 108
394 36 69
394 485 128
394 217 89
395 14 113
399 481 79
401 17 109
413 22 119
418 5 123
420 11 74
422 429 88
423 137 114
423 16 99
424 193 104
427 475 73
427 136 124
427 220 104
427 315 74
431 454 108
434 23 84
436 11 73
437 23 84
438 13 79
442 22 69
443 24 84
444 18 109
444 22 123
447 22 79
448 31 88
450 22 84
452 311 123
452 218 59
452 27 96
453 12 124
455 7 83
458 217 89
460 454 109
460 16 79
460 182 73
465 34 94
472 21 69
473 7 109
475 477 109
477 35 89
479 313 138
480 2 89
480 38 118
480 16 89
481 38 103
482 455 104
483 16 73
484 184 69
488 218 89
490 305 89
107 21 126
126 10 72
135 24 96
137 18 72
151 11 100
185 37 87
185 15 71
185 28 67
195 18 91
195 23 102
199 24 96
212 23 92
213 34 92
213 5 67
215 28 111
216 40 72
218 15 76
218 24 97
220 40 81
226 182 122
232 13 87
232 22 112
235 31 91
236 39 132
266 34 96
267 40 87
268 18 111
277 10 77
277 39 86
292 17 122
295 393 76
297 12 112
298 213 112
299 21 102
299 27 69
303 18 102
308 31 86
309 13 92
309 24 117
311 31 92
315 37 91
315 13 112
316 24 106
317 11 87
319 23 76
321 34 117
321 11 97
321 19 112
321 31 116
322 22 72
330 15 111
355 21 87
368 11 97
370 19 102
388 10 111
395 19 92
409 21 71
420 21 97
423 31 101
424 11 117
424 13 96
424 28 57
427 15 86
428 13 122
428 24 87
444 188 117
454 11 111
455 11 132
472 10 61
473 23 122
477 11 132
477 5 82
482 39 111
482 15 97
484 34 136
484 39 57
486 10 96
486 18 82
489 39 117
156 11 55
206 11 63
208 10 120
216 21 114
219 21 140
223 10 114
248 10 115
276 21 59
281 21 125
292 18 124
294 39 75
294 18 104
294 19 80
296 24 99
296 10 75
297 34 94
298 40 100
299 37 124
322 21 90
358 10 89
393 21 80
395 21 74
399 196 65
405 11 88
412 10 80
462 11 78
465 11 65
467 10 99
479 198 80
141 10 103
194 11 63
323 11 81
459 11 68
480 11 61
