85 83 123
88 162 123
146 417 129
146 249 125
146 93 123
146 127 125
175 462 129
344 243 125
387 256 123
84 8 121
85 311 127
87 17 125
89 1 121
90 275 127
90 459 125
91 35 127
127 38 121
127 9 123
130 6 123
131 16 125
143 490 121
162 6 121
163 188 127
165 303 127
166 9 121
170 480 127
181 14 123
181 399 131
231 171 121
244 89 123
246 162 125
248 255 125
258 261 121
260 100 129
286 101 125
342 6 123
360 88 121
373 172 121
383 0 121
387 35 127
387 407 121
387 138 131
391 309 125
83 11 123
85 10 119
87 10 125
88 5 125
88 40 125
90 34 119
90 373 119
91 11 125
93 90 125
99 87 119
112 413 129
126 32 125
127 25 123
128 39 119
135 227 121
143 30 119
151 19 125
153 389 119
153 8 121
155 3 125
157 16 119
163 26 119
166 18 125
169 5 125
170 10 125
184 471 119
194 223 123
212 436 125
227 35 127
228 132 119
241 176 123
244 6 123
246 6 125
246 153 123
247 136 125
247 488 127
248 273 127
251 4 119
254 452 127
260 395 127
260 16 125
286 456 119
288 9 119
289 4 119
306 260 121
324 258 119
324 86 121
330 419 125
334 8 119
336 141 119
341 17 121
342 10 123
347 283 125
348 26 119
352 6 125
354 422 123
361 484 123
375 318 119
385 19 123
386 30 121
395 175 121
424 93 119
484 146 121
485 448 127
486 172 123
88 24 117
89 29 119
93 36 127
95 36 129
99 38 117
102 473 123
109 279 125
113 4 123
118 38 121
119 36 127
120 135 127
124 13 123
125 13 117
127 13 125
133 386 119
135 321 121
139 480 117
139 317 121
150 29 117
152 31 123
163 205 117
167 210 125
168 13 125
169 209 127
170 21 117
172 29 117
175 13 125
182 458 123
189 133 117
189 267 125
193 315 121
203 15 123
206 32 117
215 3 123
217 103 125
217 317 121
219 307 117
221 38 125
224 25 123
226 31 123
227 34 117
228 37 125
229 5 125
229 39 127
229 19 117
231 15 121
232 339 121
243 10 125
244 329 117
244 25 123
244 282 125
249 15 123
251 25 121
254 34 123
261 15 121
264 197 125
265 155 117
272 6 121
273 389 121
276 35 127
279 268 117
281 16 119
282 10 121
306 0 121
308 141 117
308 16 121
308 314 121
309 9 119
312 9 117
312 14 121
314 313 121
314 394 127
315 38 117
315 188 125
317 1 123
317 141 125
319 3 117
324 137 121
325 8 119
329 38 125
329 391 119
333 19 121
336 7 119
341 2 123
342 24 117
346 365 121
348 20 121
352 37 127
354 10 117
361 30 117
362 33 121
365 33 123
365 458 117
376 39 123
401 193 127
407 167 121
412 470 117
419 146 123
430 491 125
431 6 121
436 170 125
443 144 125
450 448 127
451 438 129
470 249 117
475 0 121
477 235 121
479 1 127
482 35 121
483 1 123
483 132 125
483 14 121
484 3 117
485 384 121
489 9 121
489 17 123
92 2 115
95 32 123
95 2 125
96 221 127
118 26 119
135 25 121
141 2 123
171 12 121
182 26 115
194 25 119
196 32 123
199 19 123
213 31 115
217 34 123
221 37 121
229 21 123
232 39 115
232 10 123
234 213 135
235 40 125
238 2 119
262 22 121
276 289 123
285 368 119
293 3 115
295 237 119
296 16 119
299 1 125
303 30 115
305 32 121
305 40 123
305 10 123
305 216 115
306 39 123
308 39 123
311 19 121
314 218 115
317 288 123
323 7 117
323 376 119
329 23 115
331 5 121
333 24 119
392 25 119
394 11 115
395 26 119
405 407 125
412 38 125
413 35 123
413 17 121
413 318 123
415 190 127
416 17 115
416 36 127
417 385 123
418 35 129
418 152 115
420 3 125
420 38 127
420 273 127
422 19 119
431 32 123
442 35 127
443 193 125
443 14 115
446 159 121
447 17 123
449 36 127
449 334 123
460 181 123
460 255 121
469 155 123
470 33 115
470 4 123
470 156 123
471 6 125
473 293 119
477 23 117
477 25 121
479 299 123
481 5 115
481 31 123
483 39 123
485 22 125
486 322 115
491 330 121
109 20 119
135 20 121
141 205 113
163 27 123
188 211 123
191 24 119
216 211 113
218 29 117
266 20 121
274 203 125
292 34 113
292 2 121
294 15 115
295 26 117
297 40 113
299 2 121
299 11 121
299 22 123
324 207 115
326 24 117
355 28 117
358 357 123
362 24 113
386 27 121
392 29 117
394 29 119
405 19 113
412 5 123
412 18 125
413 15 121
413 18 121
415 324 125
417 32 125
417 37 123
420 37 113
432 26 119
433 215 127
438 15 121
445 22 121
451 26 121
454 8 119
455 386 121
462 218 113
463 25 123
465 7 121
470 34 127
488 368 117
110 28 117
189 354 121
229 466 81
244 344 76
247 420 81
248 413 81
249 465 85
255 415 81
276 357 111
295 29 115
331 12 119
407 13 123
423 352 115
446 13 125
486 12 119
86 231 84
87 417 81
87 388 84
89 389 78
96 27 115
101 433 83
112 388 74
132 348 74
132 438 79
133 100 79
150 462 81
171 385 88
176 98 83
176 255 84
182 439 79
189 382 74
196 118 83
212 391 74
213 462 79
220 449 79
226 171 74
226 189 79
231 35 81
242 33 79
244 33 79
244 30 76
246 402 79
247 33 79
247 38 79
249 38 79
251 453 79
252 444 78
254 472 83
255 30 76
258 134 79
260 412 74
260 479 79
261 251 78
265 118 79
306 99 83
317 120 79
343 224 84
344 466 79
344 94 83
344 223 84
346 243 84
348 248 78
350 30 76
383 448 79
383 83 74
383 93 83
384 433 79
390 417 78
395 27 117
418 360 123
434 28 117
438 361 117
452 13 121
479 98 79
486 470 79
83 488 79
83 392 79
84 394 79
84 469 76
84 473 81
85 279 82
90 372 84
93 197 79
99 408 83
100 128 72
100 419 71
101 172 76
101 408 79
103 467 79
103 382 76
112 447 73
117 87 76
118 469 76
119 190 81
122 141 81
122 38 79
124 430 79
125 150 84
125 442 71
128 168 76
128 17 84
128 93 67
130 167 82
130 491 79
130 16 84
131 216 82
134 276 77
135 468 76
137 281 77
137 172 72
138 136 77
141 33 81
141 251 72
144 38 77
144 234 82
145 244 67
146 184 79
150 258 80
150 243 76
150 223 67
151 146 80
151 90 84
152 112 79
155 347 82
163 35 79
163 133 86
166 473 77
168 195 82
169 256 67
169 166 84
170 479 81
171 221 82
172 17 84
175 226 72
176 262 79
182 372 72
184 412 76
185 87 76
188 273 81
189 88 74
191 463 72
194 137 77
197 380 72
198 224 76
202 436 77
206 432 77
210 438 72
218 26 72
221 33 77
224 489 76
226 169 77
226 143 77
229 2 77
229 89 81
231 257 67
231 32 77
237 376 72
237 443 72
242 3 78
244 190 78
247 0 74
247 36 72
247 39 77
249 89 67
249 36 76
251 35 72
251 167 77
254 481 74
256 216 74
256 207 72
256 303 72
258 249 67
260 117 71
260 92 75
268 150 72
277 467 72
286 350 82
303 35 77
307 3 77
307 174 76
308 231 78
311 33 77
313 454 77
314 423 77
314 490 77
334 418 79
340 118 83
344 488 77
346 202 82
346 362 72
348 475 77
348 196 81
348 272 72
349 35 76
350 16 78
350 29 74
352 470 77
376 433 77
380 99 81
380 254 72
382 202 72
383 207 74
385 188 88
386 334 72
386 303 77
388 484 82
390 429 77
391 311 72
391 152 78
392 446 83
394 470 77
405 448 77
412 175 67
412 166 67
417 181 67
420 181 67
423 150 74
424 193 77
430 401 77
431 38 77
432 261 67
438 388 76
444 27 115
452 12 121
452 28 117
455 352 115
458 12 113
463 451 81
463 168 67
465 343 78
473 378 74
477 434 76
481 454 77
481 473 77
482 372 72
482 30 74
484 135 77
489 454 77
490 3 77
490 86 72
491 229 76
83 35 65
84 4 74
84 303 69
84 208 74
84 40 80
85 339 70
85 236 65
87 137 69
87 303 71
88 19 82
88 347 71
88 383 65
89 139 74
89 188 69
91 394 65
92 17 65
93 169 79
93 5 79
95 226 80
96 32 75
96 3 69
98 14 67
99 224 86
99 90 79
101 36 73
103 420 70
103 184 77
107 30 74
107 223 65
110 35 77
111 38 77
112 9 78
112 4 70
112 31 79
113 6 70
113 402 69
113 29 74
116 19 77
116 14 74
118 18 85
118 341 75
119 34 79
119 428 69
119 339 77
119 220 77
120 217 81
122 18 80
124 6 80
125 16 74
125 254 77
126 10 82
126 35 65
126 6 86
126 262 69
127 152 74
128 0 78
128 9 65
130 34 77
130 8 74
130 18 79
130 185 70
130 444 82
131 417 82
131 18 77
132 32 75
133 0 74
133 268 76
134 107 70
135 489 70
136 10 75
136 37 79
138 17 74
139 340 75
144 2 77
144 291 72
144 3 74
145 429 74
146 11 79
146 446 84
150 34 82
150 286 77
151 33 69
151 333 78
152 1 77
152 36 79
153 163 80
153 358 82
154 210 82
156 448 70
156 103 79
156 415 74
157 429 77
157 26 80
165 37 77
167 289 81
167 38 65
167 282 77
168 3 78
170 5 77
172 110 74
174 16 74
174 107 78
174 15 80
175 0 80
175 486 78
176 36 69
176 5 80
176 455 65
181 8 74
181 412 80
188 0 70
189 40 75
190 261 65
191 206 70
194 4 72
196 4 72
196 350 82
196 29 70
197 14 70
198 169 75
203 9 74
203 220 72
205 87 80
205 453 70
207 35 70
208 33 74
208 8 74
208 281 72
209 407 79
210 1 72
211 483 79
211 36 75
216 0 74
216 17 74
216 88 75
217 1 72
217 3 72
219 32 75
221 86 75
226 453 69
226 16 75
226 182 84
227 391 65
227 8 65
228 38 69
228 9 65
228 347 75
228 157 79
229 26 80
231 384 65
231 221 84
232 29 70
235 2 75
235 10 77
235 171 75
236 9 72
238 40 75
239 168 75
239 22 75
241 29 70
242 6 75
242 232 84
242 141 84
242 21 79
242 154 65
244 36 65
246 7 70
247 22 70
248 1 69
248 268 80
252 360 72
252 275 69
252 26 82
254 430 69
254 313 84
256 17 75
256 39 70
257 1 65
257 131 84
258 401 69
258 37 70
261 0 75
264 489 74
265 261 75
265 255 86
266 2 75
267 144 75
267 37 75
267 279 70
272 36 70
272 31 79
273 34 85
273 326 75
273 316 74
273 261 80
274 2 77
274 238 74
275 8 72
277 37 75
279 462 69
282 33 75
285 252 72
286 423 80
286 16 82
286 26 80
290 30 72
291 395 83
297 3 75
298 393 75
305 0 70
305 482 70
305 37 75
305 188 76
307 31 75
309 470 65
313 199 70
314 38 70
314 103 74
315 145 65
317 11 79
317 218 81
333 17 80
333 120 65
334 26 82
338 124 82
339 472 79
340 38 77
341 90 74
343 2 70
343 12 70
344 37 70
344 6 80
346 23 70
347 5 82
348 13 88
349 37 75
349 248 75
352 376 80
355 321 82
355 35 75
355 4 74
357 318 76
358 484 70
358 307 70
360 1 74
361 133 75
361 363 72
361 207 72
362 462 72
363 116 70
367 112 74
370 434 70
370 26 70
372 460 76
373 403 79
375 1 76
375 157 70
376 109 70
376 144 82
378 1 74
378 35 75
384 7 76
385 220 81
385 12 80
386 18 79
387 12 80
388 5 70
388 10 80
388 13 80
389 170 73
389 5 82
391 255 75
392 1 75
392 193 77
393 460 81
393 439 65
394 257 80
394 136 75
394 172 65
396 416 72
396 3 77
396 38 81
402 127 70
407 418 69
408 146 74
408 307 75
408 184 77
412 36 79
415 33 79
418 17 65
419 33 69
420 375 70
420 189 79
420 459 79
422 472 70
423 174 75
423 84 65
423 118 65
428 291 75
428 343 80
429 88 67
429 170 75
430 466 73
431 36 70
431 390 84
431 40 75
431 37 75
432 489 79
433 33 79
436 188 79
438 333 67
439 477 79
439 454 75
439 428 79
439 26 74
442 84 78
444 35 69
446 118 76
447 9 65
450 488 69
456 443 79
460 448 69
462 340 67
463 110 79
463 241 65
466 451 76
466 236 65
467 465 70
468 394 79
468 107 65
471 402 79
472 257 65
472 90 79
473 37 75
473 168 75
473 17 70
475 4 70
475 8 76
477 1 76
477 386 84
477 36 70
477 37 75
480 3 70
480 283 72
481 128 65
481 40 75
484 35 72
484 415 69
486 34 75
486 92 69
486 221 72
488 415 65
491 35 70
83 117 80
83 30 63
84 0 77
84 328 67
84 25 72
85 0 75
85 40 72
86 10 76
87 111 78
88 39 72
89 20 72
91 208 75
92 202 79
92 166 84
94 40 67
95 37 68
95 7 72
98 423 84
99 5 63
99 151 84
102 26 82
103 3 72
103 16 68
107 16 63
109 35 70
109 283 75
110 0 72
110 216 77
110 190 65
111 17 78
111 219 77
111 485 67
113 482 82
116 22 72
118 424 84
120 349 75
124 39 68
125 35 80
125 8 75
127 456 78
128 5 76
130 324 63
131 19 72
132 155 63
133 40 72
133 363 73
133 14 84
134 423 63
134 472 78
134 25 70
134 7 68
135 8 73
136 313 82
137 0 77
139 358 78
139 14 82
139 153 73
141 204 73
144 25 73
145 289 67
145 11 76
145 236 75
145 15 63
145 152 77
146 35 78
150 314 75
151 11 67
151 23 72
152 155 78
154 136 72
154 27 84
154 23 78
156 109 63
157 8 63
157 306 72
157 154 78
162 10 71
163 17 81
165 19 68
165 28 80
166 323 63
167 5 72
167 31 80
168 33 78
168 382 75
171 32 67
172 316 75
174 22 72
175 21 80
176 2 72
181 9 75
182 16 67
184 472 67
184 20 73
184 403 63
185 370 73
185 5 68
188 32 70
188 456 67
188 137 67
188 268 63
188 303 82
189 0 63
190 86 78
190 15 70
191 0 63
191 3 67
194 172 80
195 315 63
199 385 65
199 15 68
199 311 82
202 25 68
203 243 63
203 84 63
203 443 78
204 449 78
204 5 68
205 23 70
205 39 74
207 32 73
207 257 73
207 85 77
207 223 73
208 10 78
208 18 72
208 338 81
208 469 63
208 22 77
209 11 78
209 13 68
210 157 78
211 294 73
211 39 81
212 14 78
212 319 63
213 1 67
213 8 63
215 428 82
216 16 73
217 23 68
218 185 63
218 207 80
219 312 78
219 483 82
221 20 70
221 152 73
223 10 84
227 30 63
228 34 78
228 395 68
228 299 82
229 12 82
231 39 63
232 13 79
234 2 72
234 489 67
234 9 63
234 25 73
235 12 68
236 362 73
237 4 73
237 293 68
237 342 63
238 232 63
238 216 82
238 156 73
241 235 63
246 322 71
247 5 80
247 11 82
248 10 82
251 18 78
251 469 82
251 27 70
252 323 63
254 221 69
255 22 67
255 285 67
257 19 82
258 11 84
258 341 78
258 21 70
261 21 68
261 6 80
264 23 72
265 354 68
265 207 82
265 19 70
266 14 73
267 4 63
268 107 67
272 1 67
273 385 73
273 38 63
273 159 65
273 315 67
274 423 63
274 274 80
275 306 67
276 12 70
277 38 71
277 16 63
277 17 77
281 6 73
281 490 63
281 17 65
281 18 68
281 202 73
283 144 73
283 490 70
285 33 68
285 9 74
285 206 70
285 17 70
285 23 78
286 6 80
286 22 77
286 197 68
289 8 78
289 413 78
290 31 77
291 2 73
291 4 78
293 117 71
294 244 73
295 176 63
297 407 68
298 139 68
298 174 63
298 213 79
299 3 74
303 4 63
306 30 78
308 24 73
309 32 68
309 8 63
311 211 75
312 8 77
313 37 72
313 268 78
313 14 73
314 32 68
314 157 63
315 13 75
316 40 70
316 25 72
317 4 63
317 7 68
318 22 72
319 152 77
319 273 63
321 321 82
322 38 73
323 171 63
323 36 75
324 182 77
324 94 67
325 124 78
325 36 81
326 35 73
326 239 80
326 30 78
328 1 75
329 489 75
329 90 72
329 26 84
330 317 78
331 195 78
331 420 69
331 422 80
333 11 82
334 33 72
334 6 78
334 14 63
336 137 76
338 480 63
338 11 75
338 221 72
339 110 67
339 311 72
340 0 78
340 136 67
341 33 72
341 427 63
341 363 80
341 19 75
342 14 77
343 394 68
343 274 67
343 279 63
343 347 63
343 156 67
344 4 77
344 20 81
347 391 73
348 0 67
349 279 67
350 273 63
350 311 71
352 5 68
354 163 77
354 22 73
355 32 77
355 5 78
355 11 68
355 368 78
355 415 78
358 322 81
358 10 78
360 39 68
361 13 78
362 239 78
365 194 77
367 14 78
367 308 84
369 9 72
369 195 73
369 429 73
373 336 78
373 151 63
376 37 77
378 37 70
382 157 63
382 343 63
383 409 71
384 305 67
385 273 71
385 9 67
387 393 70
387 490 67
388 14 73
388 153 77
390 312 73
390 17 75
391 8 77
391 21 84
392 311 63
393 32 73
393 8 70
393 396 71
394 36 67
394 485 78
394 217 77
395 111 63
395 14 80
395 17 68
399 481 71
399 196 67
401 17 78
402 1 67
403 4 68
403 36 68
405 16 63
405 153 72
407 3 72
407 38 76
407 16 72
407 290 73
408 424 67
408 333 75
408 8 63
409 3 69
412 277 68
412 30 63
415 226 77
415 338 73
416 244 84
417 336 76
417 30 63
418 224 86
418 14 74
422 429 82
423 137 67
423 16 78
424 17 73
427 475 63
427 5 74
427 136 82
427 340 65
427 315 80
427 156 73
428 12 68
428 13 75
430 2 70
431 454 63
431 209 80
432 34 77
432 246 73
433 422 72
433 266 74
434 4 78
434 39 77
434 232 72
434 238 72
434 31 77
436 11 79
437 23 63
442 22 67
445 1 74
445 5 73
446 6 72
446 456 72
447 22 67
448 32 67
448 33 72
448 31 67
449 32 63
449 26 63
449 31 77
450 22 67
451 384 86
451 2 81
455 131 74
455 479 73
456 1 67
459 0 63
459 122 72
460 0 63
460 16 63
460 182 71
462 11 67
463 10 77
465 32 77
465 34 67
465 11 67
465 185 78
467 2 63
467 25 65
468 367 68
469 32 77
469 1 76
472 299 70
472 21 73
473 25 73
475 6 63
475 39 68
475 477 78
479 198 67
479 172 82
479 313 82
480 16 63
480 355 80
480 85 82
480 346 63
481 3 69
481 175 82
482 455 71
482 144 78
483 16 63
484 184 63
485 30 82
488 218 82
488 7 68
488 334 65
489 10 70
490 305 67
490 25 73
491 3 63
84 15 71
86 352 77
86 3 76
92 34 84
93 27 76
94 34 80
96 6 82
96 15 75
96 26 73
98 26 73
98 29 80
99 12 73
100 412 76
101 29 82
102 8 80
103 11 74
103 18 80
107 5 65
109 326 61
109 415 76
110 221 69
116 358 77
116 437 82
118 467 82
119 11 82
120 13 67
130 24 78
134 417 78
135 29 80
137 18 76
138 27 80
141 10 80
144 7 73
146 3 76
152 2 70
153 10 70
153 40 74
154 21 73
155 5 74
156 4 71
156 11 65
156 39 70
157 9 75
159 152 73
165 15 73
165 27 70
175 3 76
181 3 76
185 37 65
185 9 76
185 375 61
185 15 61
185 471 80
189 401 78
190 25 63
191 27 70
193 291 80
194 11 65
195 32 61
195 18 69
195 23 61
199 399 66
202 28 76
203 4 61
203 157 61
204 262 69
204 409 73
206 14 61
207 322 76
207 13 71
208 402 69
208 303 69
209 458 69
210 33 69
210 16 75
210 279 65
210 120 76
212 23 63
213 34 80
213 5 61
216 40 69
218 15 61
220 40 65
224 28 80
224 13 61
227 454 82
228 7 76
229 455 80
232 22 78
234 23 71
236 39 76
238 28 71
246 29 61
252 33 80
258 38 82
258 20 76
264 32 65
264 25 65
265 0 80
266 12 73
266 34 82
267 40 76
268 323 65
268 18 78
268 28 71
272 26 71
274 32 65
277 10 65
277 39 69
279 29 76
279 21 66
281 215 67
281 27 80
285 28 76
285 25 78
286 1 73
286 20 71
289 111 61
289 94 76
290 362 71
291 326 68
291 459 78
291 23 70
292 6 71
292 17 78
292 341 63
294 3 61
295 37 66
295 393 65
296 37 66
297 333 63
298 154 61
299 20 71
299 21 71
303 18 65
303 372 71
305 152 80
305 373 61
307 401 78
308 31 67
312 23 71
313 8 76
313 30 61
315 37 61
318 444 78
318 23 71
319 23 63
321 34 80
321 11 76
321 19 80
321 26 65
321 30 61
323 175 71
323 29 78
324 0 61
324 2 73
324 36 70
324 394 76
324 16 66
324 22 73
325 3 65
325 14 61
326 170 75
326 311 77
326 277 70
328 2 71
330 9 76
330 139 65
330 460 70
330 15 78
331 6 70
334 34 71
334 293 61
334 31 65
336 34 70
338 10 67
339 31 80
342 34 65
342 219 69
346 37 76
347 30 71
349 31 69
352 317 65
355 232 71
355 396 66
355 209 79
355 21 76
357 112 76
357 14 61
360 6 71
360 14 75
361 35 65
362 12 70
363 15 66
367 39 71
368 11 71
368 413 61
370 19 76
372 4 65
373 7 82
375 0 71
376 342 71
378 6 75
382 7 75
383 15 61
386 378 73
386 28 75
387 322 65
388 1 76
388 34 65
389 373 75
393 18 66
395 0 76
395 19 69
399 39 66
401 9 78
401 25 68
402 7 70
402 155 73
403 26 61
403 427 82
405 32 65
405 11 61
407 32 66
407 363 73
407 12 70
408 32 70
412 262 84
412 24 75
413 4 75
413 40 66
413 163 84
413 23 76
416 329 76
417 17 84
417 23 66
419 18 70
419 14 82
420 20 61
420 25 75
422 26 61
422 30 61
424 11 76
424 13 78
427 220 61
427 15 63
427 27 70
431 30 71
432 18 72
432 29 61
433 29 61
433 319 75
434 17 76
434 22 76
438 13 77
438 16 84
439 29 61
442 16 75
442 4 71
443 5 70
443 22 76
443 24 61
444 344 75
444 188 82
445 8 75
445 485 76
446 10 70
447 369 61
447 7 72
448 2 76
449 348 75
450 195 82
450 4 75
450 203 71
450 18 72
451 4 75
451 18 72
451 318 75
452 215 68
452 218 67
453 344 84
453 268 72
454 307 72
454 29 72
455 38 70
455 7 61
455 11 75
455 176 75
455 285 65
456 37 75
458 217 71
459 11 65
460 40 75
460 107 66
462 29 61
462 30 84
463 28 72
463 220 84
466 23 70
466 24 75
467 208 77
467 20 75
468 2 72
468 312 75
470 386 79
472 10 61
473 23 78
477 11 76
477 5 65
480 2 67
480 11 65
482 39 80
482 15 61
484 34 78
484 39 65
485 9 80
486 10 69
486 18 76
486 28 71
489 39 78
94 31 64
99 35 80
101 20 74
107 21 78
107 23 71
110 24 68
113 20 78
117 21 74
118 12 65
120 31 76
130 31 68
136 29 69
152 24 59
156 393 64
157 394 76
166 31 68
167 32 76
190 29 73
191 96 74
193 29 59
194 453 76
195 33 78
197 20 59
199 24 65
203 3 74
204 10 63
204 26 73
205 26 59
206 11 67
207 25 65
215 28 78
215 455 78
215 7 80
216 21 74
219 21 76
221 209 65
226 24 78
235 31 78
236 31 64
237 94 78
238 29 59
241 7 76
242 1 78
247 357 67
255 1 78
260 352 67
268 29 69
275 204 59
276 21 63
276 325 76
277 209 67
281 21 78
283 405 74
283 37 63
286 283 67
288 27 68
288 7 63
289 39 63
292 417 74
292 18 78
292 30 69
293 4 80
294 39 59
294 18 63
294 19 74
296 10 65
296 444 78
297 34 63
297 12 69
298 40 63
299 155 76
308 27 73
309 13 65
311 27 69
311 31 78
314 20 67
316 205 65
316 24 63
316 29 71
317 29 69
321 29 69
321 31 78
322 37 72
322 40 68
322 22 59
323 11 59
323 20 68
326 204 75
328 8 71
330 7 74
330 39 64
333 1 76
333 373 73
341 24 74
348 27 69
349 29 69
355 19 71
355 22 63
355 25 59
358 31 67
360 37 76
360 357 73
361 15 63
368 14 67
368 21 64
369 94 74
369 117 74
370 35 63
370 14 73
393 373 71
393 28 71
393 21 76
395 21 76
401 209 65
401 23 71
409 6 80
409 333 80
409 21 63
409 413 78
412 10 74
413 22 80
418 5 82
420 11 82
423 31 78
428 109 78
430 29 69
434 23 80
437 12 74
439 157 82
443 8 82
444 18 84
444 22 82
448 443 80
448 27 82
451 30 73
452 326 64
452 311 82
455 15 74
456 14 73
463 26 77
466 12 59
467 10 80
467 26 73
468 417 82
469 24 70
469 288 82
471 396 64
473 7 76
477 35 74
480 38 78
481 38 78
482 207 65
482 27 77
110 361 57
113 27 65
135 24 72
157 29 69
185 28 61
218 24 76
232 2 78
246 32 72
262 2 74
275 12 63
276 1 76
285 29 57
289 29 67
309 24 72
315 12 63
322 21 57
322 409 74
323 392 66
326 23 69
326 26 73
365 213 71
367 2 57
367 409 72
368 288 61
368 7 67
370 2 74
378 29 71
380 27 71
388 12 67
393 2 74
402 102 78
405 38 78
420 21 72
424 28 61
428 24 76
433 27 65
447 38 78
453 8 80
453 26 67
453 12 71
454 450 80
454 7 75
454 11 72
462 36 78
475 3 76
109 32 72
133 27 63
141 27 63
199 32 74
218 27 63
241 27 63
296 24 74
299 37 74
299 408 76
309 27 63
409 27 57
432 1 70
446 2 76
452 27 63
460 454 78
462 2 78
463 1 78
466 1 78
202 27 61
283 27 61
289 27 59
299 27 61
365 27 59
