112 413 123
146 417 137
146 93 129
175 462 133
260 100 133
387 35 123
387 407 127
387 138 131
391 309 123
412 470 127
450 448 139
451 438 133
85 311 121
89 1 125
90 275 127
90 459 141
91 35 131
93 36 135
95 36 137
99 38 131
118 38 121
119 36 125
120 135 137
127 38 141
143 490 131
163 188 125
165 303 127
170 480 141
181 399 121
184 471 125
212 436 125
227 35 133
228 132 131
247 136 125
247 488 125
248 273 141
254 452 121
260 395 125
286 101 123
342 10 129
344 243 121
347 283 135
354 422 127
361 484 129
385 19 121
387 256 125
412 38 127
413 35 141
415 190 121
416 36 125
418 35 125
420 3 141
420 38 121
420 273 125
424 93 125
442 35 131
443 193 121
449 36 135
470 33 125
485 448 141
83 11 119
85 10 133
85 83 125
87 10 129
88 162 119
88 5 133
88 40 125
90 34 139
91 11 119
92 2 133
93 90 125
95 32 129
95 2 119
96 221 123
99 87 125
102 473 129
109 279 119
126 32 133
128 39 125
139 480 127
146 249 119
146 127 123
151 19 125
155 3 129
166 18 119
169 5 133
170 10 135
182 458 127
189 133 119
189 267 123
206 32 129
215 3 139
217 103 129
219 307 123
221 38 123
226 31 129
227 34 119
228 37 123
229 5 133
229 39 139
229 19 119
231 171 133
243 10 133
244 329 129
244 89 129
244 282 123
246 162 133
248 255 143
254 34 119
258 261 123
264 197 133
276 35 129
279 268 119
286 456 121
308 141 133
314 394 129
315 38 129
315 188 123
317 1 133
317 141 129
319 3 129
330 419 133
336 141 123
342 6 137
342 24 119
346 365 133
348 20 135
352 37 137
354 10 119
360 88 123
362 33 135
365 33 137
365 458 119
373 172 123
376 39 135
383 0 137
401 193 119
405 407 123
412 5 123
412 18 141
413 18 119
415 324 123
417 32 123
417 37 129
419 146 129
420 37 123
430 491 123
433 215 131
436 170 119
443 144 123
445 22 133
449 334 141
462 218 119
470 34 123
470 249 133
479 1 139
482 35 129
483 1 133
483 132 133
484 3 139
84 8 127
87 17 131
88 24 123
113 4 131
124 13 127
125 13 121
127 9 133
127 13 139
127 25 117
130 6 121
131 16 137
135 227 129
141 2 127
152 31 121
162 6 121
163 205 139
166 9 127
167 210 121
168 13 123
169 209 129
170 21 127
175 13 121
181 14 133
194 223 125
196 32 117
199 19 121
213 31 121
217 34 137
221 37 117
224 25 131
229 21 121
232 39 137
232 10 117
232 339 131
234 213 121
235 40 127
238 2 117
241 176 121
244 6 121
244 25 129
246 6 127
246 153 121
251 4 125
251 25 139
260 16 127
262 22 121
276 289 121
282 10 125
293 3 117
299 1 131
305 32 121
305 40 127
305 10 127
305 216 131
306 260 121
306 39 137
308 39 127
311 19 121
314 218 123
317 288 127
324 137 117
329 38 121
333 19 133
341 2 127
348 26 117
352 6 131
375 318 127
386 30 129
394 11 127
395 175 121
405 19 131
407 167 129
413 17 117
413 318 121
416 17 135
417 385 131
418 152 117
422 19 121
431 32 131
443 14 127
446 13 127
446 159 131
447 17 121
460 181 141
460 255 127
463 25 121
469 155 135
470 4 131
470 156 117
471 6 131
473 293 121
479 299 127
481 5 117
481 31 121
483 39 121
484 146 127
485 22 127
486 322 121
486 172 131
491 330 127
90 373 115
109 20 119
118 26 121
133 386 137
135 321 125
135 20 129
135 25 129
139 317 129
141 205 115
143 30 129
153 389 119
153 8 129
157 16 115
163 26 119
171 12 131
188 211 123
191 24 115
193 315 129
194 25 119
203 15 127
216 211 115
217 317 129
231 15 129
249 15 139
261 15 115
265 155 129
266 20 129
272 6 139
273 389 115
274 203 129
281 16 119
285 368 123
288 9 115
289 4 117
292 34 119
292 2 123
297 40 115
299 2 129
299 11 119
299 22 135
306 0 115
308 16 119
308 314 123
309 9 129
312 9 125
312 14 119
314 313 123
324 258 137
324 86 125
331 5 119
333 24 121
334 8 125
341 17 115
355 28 115
358 357 129
361 30 123
362 24 125
386 27 129
392 25 131
407 13 125
413 15 115
418 360 119
431 6 129
432 26 139
434 28 115
438 361 119
438 15 129
451 26 125
452 13 125
454 8 129
455 386 129
465 7 129
475 0 115
477 235 119
477 25 121
483 14 129
485 384 125
488 368 129
489 9 129
489 17 129
89 29 113
96 27 127
100 419 73
110 28 119
112 447 83
125 442 83
128 93 83
150 29 135
163 27 113
172 29 117
182 26 117
189 354 121
276 357 123
295 237 127
296 16 117
303 30 137
324 207 123
325 8 117
326 24 129
329 391 133
336 7 113
395 26 117
423 352 117
444 27 135
452 12 113
452 28 117
455 352 131
458 12 135
477 23 113
486 12 117
83 35 71
84 303 73
87 137 81
87 303 81
89 188 81
91 394 73
96 3 81
101 36 81
113 402 71
119 428 73
126 35 71
126 262 71
151 33 81
167 38 83
176 36 71
176 455 81
208 469 81
218 29 117
260 117 71
260 92 81
294 15 121
295 26 125
323 7 125
323 376 119
329 23 125
331 12 125
333 120 71
343 274 71
343 279 71
349 279 83
350 273 81
350 311 71
383 83 86
383 409 73
384 305 81
385 273 71
387 490 71
392 29 125
394 29 119
395 27 121
407 418 71
84 328 81
89 389 86
94 40 79
99 5 69
100 128 78
101 172 78
110 190 69
111 485 69
112 388 78
117 87 76
128 168 78
130 324 69
145 289 79
145 244 69
150 223 69
151 11 79
151 146 78
156 109 79
162 10 69
166 323 79
169 256 81
171 32 79
204 262 79
204 409 69
208 402 71
208 303 69
209 458 69
210 33 79
210 279 81
226 453 69
226 171 74
228 38 83
244 36 73
244 344 88
248 1 79
252 275 73
254 430 83
257 1 79
258 401 79
279 462 73
286 1 69
289 111 79
295 29 113
309 470 83
324 94 71
331 420 79
338 480 69
339 110 79
340 136 81
341 427 79
342 34 69
342 219 69
348 248 78
349 31 79
350 30 84
361 35 69
368 413 81
382 202 74
383 207 76
386 334 88
387 322 69
388 34 69
389 170 69
390 417 74
391 152 84
393 439 69
402 1 79
408 424 69
409 3 71
419 33 79
423 118 69
430 466 83
438 388 78
442 84 78
444 35 69
446 118 86
450 488 73
460 448 69
465 343 88
468 107 83
484 415 83
486 92 69
488 415 69
84 4 74
84 208 76
84 469 82
85 339 86
85 236 67
87 417 89
88 347 67
88 383 67
92 17 77
98 14 73
101 433 91
103 382 86
107 5 77
107 223 67
109 326 67
110 221 69
112 9 76
112 4 76
113 6 74
118 469 86
120 13 67
127 152 78
128 0 82
128 9 77
130 8 76
132 348 86
134 423 67
137 172 86
144 291 82
144 3 76
150 258 74
150 462 83
150 243 86
151 333 84
156 11 67
168 3 74
172 110 76
174 107 78
175 226 82
176 98 77
181 8 78
184 472 67
184 403 67
185 87 86
188 456 81
188 137 81
188 268 77
189 88 76
189 382 74
191 3 71
203 9 82
203 243 67
203 84 77
204 10 69
206 11 67
208 8 72
210 1 76
210 438 72
212 391 86
213 1 67
218 185 81
229 466 87
231 257 67
231 39 77
234 489 71
242 3 86
244 30 76
246 322 67
247 0 84
247 420 85
248 413 91
249 89 77
249 465 77
252 323 71
252 360 76
252 444 76
254 221 71
255 22 81
255 285 67
255 30 86
255 415 77
256 207 84
258 249 87
260 412 76
261 251 86
268 107 71
268 150 76
272 1 77
273 38 71
274 423 71
275 306 67
277 38 67
281 490 81
283 37 67
286 283 77
289 39 67
293 117 81
307 174 86
319 273 67
325 3 77
326 311 77
330 139 79
334 34 67
334 293 77
334 31 67
338 10 79
341 90 74
343 2 82
343 394 86
343 12 82
343 347 67
343 156 67
346 362 72
348 0 73
348 272 72
349 35 76
350 16 82
350 29 84
355 4 82
355 19 67
355 22 77
358 31 79
360 1 72
361 207 72
363 116 84
367 112 86
370 35 77
373 151 67
375 1 82
375 157 82
376 109 72
378 1 84
380 254 86
382 157 77
382 343 67
384 7 72
385 9 81
387 393 74
391 311 72
392 311 67
393 396 77
394 36 69
395 111 77
399 481 77
399 196 69
402 127 76
405 32 67
405 11 67
408 146 72
412 175 71
412 166 67
417 336 86
417 181 71
420 375 76
420 181 71
423 150 76
423 137 81
427 475 71
431 454 77
432 261 67
434 4 74
438 333 71
439 26 76
442 22 77
445 1 76
446 6 86
447 22 67
448 32 67
448 31 81
449 32 71
450 22 67
455 131 72
456 1 71
459 122 86
460 182 67
462 11 67
462 340 71
463 451 85
463 168 77
465 34 67
465 11 71
466 451 86
467 2 67
467 465 86
469 1 74
479 198 81
481 3 67
482 455 77
484 184 81
490 305 81
490 86 86
491 3 77
83 488 89
83 392 75
83 30 65
84 394 75
84 473 81
84 25 84
87 388 94
89 20 72
93 197 85
95 7 86
99 408 75
101 408 81
103 3 74
103 420 86
103 467 79
107 16 65
107 30 72
110 0 74
113 29 72
116 14 74
118 12 67
119 190 77
122 141 75
122 38 81
124 430 91
125 16 74
130 491 85
132 438 85
133 0 74
133 100 93
134 107 74
135 468 74
141 251 72
144 38 83
145 429 72
145 15 75
146 184 85
152 112 77
152 24 65
156 448 72
156 415 84
157 8 65
163 35 89
165 27 82
166 473 91
170 479 85
171 385 90
174 16 74
175 486 86
176 2 72
176 262 79
182 372 84
182 439 79
184 412 74
185 37 85
188 0 84
190 261 69
191 206 74
191 463 84
194 4 74
194 11 69
195 32 69
195 18 65
196 4 74
196 118 75
197 380 72
198 224 84
202 25 70
203 4 65
203 220 74
203 157 75
205 453 80
206 14 79
207 35 82
207 25 77
208 33 70
208 281 74
213 5 79
213 462 85
216 0 70
216 40 69
217 1 84
217 3 74
218 26 84
220 40 79
220 449 93
224 489 70
224 13 75
226 189 91
227 391 69
227 8 65
228 395 74
228 9 69
231 384 73
231 35 75
236 9 84
237 376 84
237 443 72
242 33 85
242 154 65
244 33 81
246 7 74
246 402 79
247 33 75
247 36 84
247 38 85
249 36 74
249 38 89
251 35 82
251 453 83
251 27 74
254 481 74
254 472 85
256 216 76
256 303 70
258 134 75
260 479 91
264 32 69
265 354 84
265 118 89
268 323 69
274 32 69
275 8 84
277 10 65
277 39 69
277 467 74
281 215 65
285 9 80
285 206 72
285 252 86
290 30 72
294 3 65
295 393 75
303 18 79
305 0 80
306 99 75
308 231 84
308 31 79
314 103 74
315 37 65
315 145 69
317 120 85
322 22 65
323 171 75
323 11 75
329 90 74
334 418 79
334 14 65
340 118 81
343 224 80
344 37 80
344 466 79
344 94 83
344 223 96
346 243 90
346 23 80
352 317 65
355 396 72
355 25 65
357 14 75
357 318 70
358 484 84
358 307 70
361 363 70
362 462 72
365 213 75
367 2 65
368 288 75
369 9 70
370 434 80
370 26 70
372 4 65
372 460 72
383 448 79
383 15 65
383 93 93
384 433 93
388 12 65
392 446 85
393 8 84
394 172 67
394 470 85
395 19 65
396 416 80
403 4 82
405 448 83
405 16 65
405 153 72
407 3 84
408 8 65
409 21 75
412 36 79
412 277 72
415 33 85
416 329 74
418 14 84
418 17 79
420 20 79
420 189 75
420 459 89
423 84 69
427 220 79
427 340 65
429 88 79
432 489 91
433 33 75
433 422 74
433 266 70
434 232 84
434 238 74
436 188 75
439 477 79
439 454 81
439 428 75
443 24 75
446 456 84
447 369 69
447 9 79
447 7 70
448 33 84
448 2 74
451 384 90
452 218 65
455 285 65
456 443 81
458 217 79
459 11 65
460 107 80
463 110 81
463 241 79
466 236 65
467 25 65
468 2 74
468 394 85
468 367 84
471 402 85
471 396 74
472 257 79
472 10 65
473 378 80
475 4 74
475 8 74
477 1 74
477 434 80
477 5 79
479 98 83
480 2 65
480 3 74
480 11 69
480 283 74
481 128 65
482 372 74
482 30 72
484 39 69
486 10 65
486 470 79
488 334 79
491 229 74
83 117 90
85 40 82
86 231 80
88 39 74
90 372 78
92 166 98
93 169 83
93 5 75
94 31 68
95 226 96
95 37 72
96 32 79
99 224 82
99 151 90
99 90 83
100 412 96
103 16 70
103 184 73
109 35 84
110 35 85
110 361 63
111 38 77
112 31 89
113 27 75
116 22 68
116 19 73
116 437 94
118 18 89
118 467 94
118 341 83
119 34 75
119 339 79
119 220 87
120 31 72
120 217 87
124 39 70
125 150 80
125 254 79
130 34 79
130 167 80
130 18 73
130 444 98
130 31 70
131 417 98
131 18 73
131 19 72
132 155 63
133 268 82
134 276 73
134 25 68
134 7 72
135 489 82
137 281 77
138 136 77
138 17 72
141 33 75
144 2 73
145 11 80
146 11 79
146 446 88
150 286 73
151 23 72
151 90 84
152 1 89
152 2 78
152 36 89
155 347 88
156 103 75
156 393 80
157 394 72
157 429 89
157 306 70
165 37 77
165 19 72
166 31 74
167 289 85
167 282 73
169 166 98
170 5 89
174 22 72
176 255 82
181 412 82
182 16 73
188 32 82
188 273 77
189 0 73
190 25 69
191 0 67
191 27 78
194 137 77
195 315 67
196 350 78
196 29 72
197 20 63
197 14 72
199 385 67
199 24 63
199 399 78
202 436 83
203 443 84
204 449 84
205 26 63
205 23 68
205 39 78
206 432 73
208 18 70
209 13 72
212 319 63
213 8 73
216 17 72
221 33 83
221 209 77
221 20 68
226 169 77
226 143 79
227 30 81
229 2 73
229 89 73
229 26 82
231 32 91
232 29 82
234 2 82
234 9 67
235 12 82
237 342 73
238 232 73
241 235 71
241 29 82
247 39 83
247 22 72
247 357 77
251 167 73
251 469 86
252 26 88
256 39 72
257 131 90
258 37 82
260 352 63
264 25 67
264 489 72
267 4 63
267 279 72
272 36 72
273 159 67
273 315 77
273 316 72
274 238 70
275 204 67
276 12 72
276 21 73
277 209 77
277 16 67
281 17 63
283 490 80
285 33 70
285 17 70
286 197 70
288 27 70
288 7 63
291 326 74
292 341 63
294 39 63
294 18 67
295 176 67
296 10 63
297 34 63
297 333 67
297 407 72
298 40 63
298 174 73
299 3 72
303 4 67
303 35 73
305 482 82
307 3 79
309 32 72
309 8 63
309 13 63
311 33 89
313 454 73
313 199 68
314 32 82
314 38 82
314 423 83
314 490 77
314 157 73
314 20 77
316 25 72
316 205 73
316 24 73
317 4 67
317 7 82
322 21 73
324 0 73
325 14 73
331 6 72
334 33 80
338 221 72
339 472 89
339 311 70
340 38 73
341 33 82
344 488 77
348 475 81
348 196 81
352 470 73
355 11 70
355 415 82
360 39 78
361 15 73
362 12 68
368 14 65
376 433 91
378 37 68
380 99 81
385 188 82
386 303 73
388 484 78
390 429 81
392 1 83
392 193 73
393 460 77
394 136 87
395 17 72
396 3 73
396 38 83
401 209 65
401 25 82
402 7 72
403 26 63
403 36 70
407 32 82
407 38 70
407 12 82
407 16 70
408 32 74
408 307 87
408 184 79
412 30 73
413 40 72
413 163 82
413 23 78
415 226 73
415 338 81
416 244 84
417 23 82
417 30 67
418 224 82
419 18 78
422 472 72
424 193 73
427 27 72
428 12 72
428 343 78
430 2 72
430 401 81
431 36 72
431 390 88
431 38 83
432 34 89
432 18 78
432 246 77
434 39 83
434 22 82
434 31 73
436 11 77
437 23 77
443 22 72
445 5 77
448 443 92
449 26 67
449 31 73
450 18 68
451 2 87
451 18 72
452 326 72
452 215 82
453 344 78
453 268 72
454 307 72
454 29 72
455 38 68
455 479 83
459 0 67
460 0 63
460 16 63
462 30 78
463 28 72
463 10 77
465 32 77
466 12 67
466 23 72
468 417 78
469 32 83
469 24 72
473 17 82
475 6 73
477 386 88
477 36 70
480 16 67
480 346 73
481 454 77
481 473 73
482 207 69
483 16 63
484 35 72
484 135 83
486 221 82
488 7 72
489 454 77
490 3 79
491 35 72
84 0 71
85 0 71
85 279 84
86 3 92
87 111 80
89 139 82
91 208 81
92 202 77
96 6 80
98 29 86
98 423 82
99 35 88
101 29 78
102 26 76
103 11 72
109 283 73
109 415 76
110 216 87
110 24 70
111 219 75
113 482 90
118 424 86
120 349 87
124 6 78
125 35 76
125 8 81
126 6 82
127 456 82
128 17 76
130 16 80
130 185 72
131 216 84
132 32 81
133 40 76
134 417 80
136 10 77
136 37 85
139 340 81
144 234 80
144 25 89
145 236 81
145 152 85
146 35 80
146 3 78
150 314 75
153 163 78
153 40 82
156 39 82
157 26 76
163 133 80
163 17 87
168 33 92
168 195 80
168 382 81
171 221 78
172 17 80
172 316 75
175 0 82
175 3 86
181 3 88
181 9 71
185 375 61
185 15 65
185 471 90
185 28 61
189 40 75
190 86 88
190 15 82
191 96 76
194 172 78
195 23 75
198 169 79
199 15 70
202 27 61
205 87 78
209 407 75
210 120 88
211 483 79
211 36 71
212 23 65
216 88 71
217 23 80
218 15 75
219 32 89
221 86 89
226 16 81
226 182 80
227 454 96
228 347 85
228 157 85
229 455 76
231 221 80
235 2 85
235 10 71
235 171 71
236 31 70
237 293 70
237 94 76
238 40 87
239 168 71
239 22 71
242 6 75
242 1 82
242 232 80
242 141 90
242 21 75
244 190 80
246 29 65
248 268 92
252 33 80
254 313 82
255 1 90
256 17 75
258 38 80
258 341 78
258 21 82
261 0 75
261 21 66
261 6 82
264 23 70
265 261 75
265 19 70
265 255 78
266 2 71
267 144 85
267 37 71
272 31 83
273 34 79
273 326 85
273 261 80
274 2 71
275 12 61
277 37 75
281 18 70
282 33 77
283 27 65
285 29 71
286 350 76
289 27 65
289 413 76
289 94 86
291 395 77
291 23 72
297 3 71
298 393 71
298 154 61
305 37 89
305 373 61
306 30 80
307 31 71
313 37 68
313 30 65
315 12 61
316 40 70
317 11 71
317 218 89
318 444 92
318 22 80
319 23 65
321 26 61
321 30 61
322 38 71
323 36 81
323 392 70
323 20 70
324 36 78
324 182 87
324 16 66
325 36 77
326 35 71
326 277 82
328 1 83
329 489 85
330 460 72
334 26 92
336 34 70
338 11 81
338 124 88
341 19 73
344 6 92
346 37 90
347 5 86
349 37 89
349 248 89
355 321 86
355 35 75
357 112 82
361 133 79
363 15 76
373 403 85
376 144 82
378 35 79
385 220 79
386 18 71
388 1 88
388 5 82
388 10 86
389 5 94
391 255 85
393 32 81
393 18 66
394 257 92
394 217 85
399 39 70
407 290 71
408 333 71
409 27 71
409 413 86
412 262 76
412 24 71
413 4 81
417 17 84
419 14 92
420 25 81
422 26 61
422 30 65
423 174 75
424 28 61
427 15 65
428 291 89
429 170 75
431 40 71
431 37 73
432 1 88
432 29 61
433 27 75
433 29 61
433 319 89
434 17 86
438 13 71
438 16 80
439 157 82
439 29 61
442 16 75
442 4 71
443 8 86
444 344 75
444 188 76
445 8 71
445 485 80
447 38 92
449 348 75
450 195 82
450 4 81
450 203 75
451 4 71
451 318 91
454 450 88
455 7 61
455 11 75
455 15 70
455 176 85
456 37 71
460 40 75
462 36 84
462 29 71
463 1 80
463 220 76
465 185 80
466 1 78
466 24 75
467 208 73
467 20 73
468 312 79
470 386 75
472 299 80
472 90 75
473 37 71
473 168 81
475 39 66
477 37 87
479 172 80
480 85 80
481 40 75
481 175 86
482 144 88
482 15 65
485 30 76
486 34 71
84 40 74
84 15 69
86 352 79
86 10 70
88 19 84
92 34 82
94 34 78
96 15 71
96 26 75
98 26 77
99 12 69
102 8 80
111 17 92
116 358 75
119 11 88
122 18 80
126 10 96
128 5 80
133 363 85
133 14 88
133 27 59
134 472 78
135 8 73
135 29 90
136 313 88
137 0 69
139 14 82
139 153 87
141 27 59
141 204 81
144 7 81
150 34 84
152 155 82
154 136 70
154 210 74
154 21 71
156 4 85
157 9 77
157 154 76
159 152 71
165 15 79
165 28 80
167 32 86
167 5 72
174 15 74
176 5 90
184 20 73
185 9 86
185 370 69
188 303 82
193 29 69
194 453 82
195 33 88
199 311 74
203 3 74
204 5 76
207 32 87
207 257 69
207 85 87
207 223 77
208 10 82
208 338 79
208 22 83
209 11 84
210 157 74
211 294 83
211 39 77
212 14 80
215 455 84
215 428 78
216 16 81
218 27 69
218 207 74
219 312 80
219 483 88
221 152 75
223 10 76
224 28 76
228 34 88
228 7 88
228 299 86
229 12 78
232 13 71
234 25 79
236 362 77
237 4 83
238 216 76
238 156 69
238 29 59
241 27 73
246 32 88
247 5 78
247 11 90
248 10 88
251 18 92
257 19 76
258 11 88
265 0 76
265 207 78
266 14 75
273 385 69
274 274 86
276 1 76
277 17 83
279 29 74
279 21 68
281 6 73
281 202 75
283 144 87
283 405 84
286 6 78
286 423 80
286 16 84
286 22 79
286 26 78
289 8 88
290 31 85
291 2 79
291 4 86
291 459 94
292 417 74
294 244 79
295 37 68
296 444 78
296 37 70
298 213 83
305 152 76
305 188 78
308 24 69
309 27 67
311 211 69
312 8 87
313 8 78
313 268 78
313 14 81
315 13 83
319 152 87
321 321 74
322 37 66
322 40 78
323 175 71
324 2 69
324 22 75
325 124 78
326 170 81
326 30 84
328 2 75
329 26 76
330 39 78
333 1 88
333 17 78
334 6 80
336 137 70
340 0 88
341 363 86
342 14 79
344 4 69
344 20 83
346 202 82
347 391 87
348 13 82
352 376 84
352 5 68
354 163 87
354 22 87
355 32 87
355 5 78
358 322 79
358 10 80
360 37 92
362 239 84
365 194 79
365 27 73
367 14 88
367 308 80
368 21 64
369 195 73
369 429 83
369 94 76
369 117 90
373 336 74
376 37 69
388 13 92
388 14 87
388 153 79
390 312 73
390 17 81
391 8 81
391 21 74
394 485 88
395 0 88
395 14 82
401 17 78
401 9 76
402 155 73
402 102 82
403 427 90
405 38 76
407 363 69
409 6 90
409 333 86
412 10 78
413 22 86
418 5 80
420 11 78
422 429 78
423 16 74
424 17 75
427 136 88
427 315 78
427 156 89
428 13 73
428 109 78
431 209 74
434 23 74
437 12 74
443 5 78
444 18 86
444 22 78
446 2 78
446 10 78
451 30 83
452 311 86
452 27 59
453 8 76
456 14 79
460 454 84
462 2 74
463 26 79
467 10 90
467 26 85
469 288 84
472 21 79
473 25 85
475 3 82
475 477 88
477 35 76
479 313 78
480 38 80
481 38 80
485 9 74
488 218 76
490 25 85
93 27 72
101 20 82
103 18 84
107 23 67
109 32 74
113 20 76
117 21 80
130 24 74
137 18 76
139 358 72
141 10 78
153 358 78
153 10 66
154 23 76
155 5 66
175 21 74
185 5 70
193 291 72
199 32 74
207 322 84
207 13 67
210 16 89
213 34 88
215 28 82
215 7 76
226 24 74
232 2 76
232 22 76
234 23 67
236 39 92
238 28 71
241 7 72
258 20 82
262 2 76
266 12 73
266 34 76
267 40 76
268 18 92
268 28 71
272 26 67
276 325 76
285 23 82
285 25 78
286 20 81
290 362 67
292 6 71
292 17 88
293 4 86
298 139 80
299 20 79
299 21 71
299 408 72
299 155 74
299 27 57
303 372 77
312 23 73
318 23 71
321 34 88
321 11 86
321 19 72
322 409 80
323 29 82
326 204 67
326 239 76
328 8 73
330 9 76
330 317 76
331 195 80
331 422 92
333 11 74
333 373 67
347 30 67
355 232 79
355 368 86
355 209 71
355 21 88
360 6 85
360 14 77
361 13 72
367 39 75
367 409 74
368 11 81
370 19 72
373 7 88
375 0 85
376 342 81
378 6 85
382 7 89
385 12 80
386 378 67
386 28 67
387 12 88
389 373 85
393 2 74
393 373 71
393 28 81
401 23 81
420 21 72
424 11 86
424 13 84
427 5 80
431 30 77
448 27 72
453 26 83
453 12 75
454 7 75
454 11 76
473 7 72
473 23 78
477 11 82
480 355 72
482 39 72
484 34 76
486 18 72
486 28 67
489 10 66
489 39 72
107 21 74
135 24 86
136 29 79
138 27 70
154 27 76
157 29 79
167 31 76
189 401 86
190 29 75
202 28 78
204 26 65
216 21 82
218 24 84
219 21 76
268 29 79
281 21 74
281 27 80
285 28 82
292 18 84
292 30 71
294 19 90
297 12 69
299 37 80
307 401 76
308 27 75
309 24 82
311 27 75
316 29 71
317 29 71
321 29 73
326 23 69
326 26 75
330 7 80
330 15 88
341 24 70
348 27 65
349 29 69
360 357 73
370 2 70
370 14 79
393 21 80
395 21 86
428 24 82
430 29 77
482 27 75
235 31 80
289 29 67
296 24 88
311 31 90
321 31 76
324 394 78
339 31 76
368 7 63
378 29 81
380 27 73
423 31 68
