412 470 121
450 448 129
451 438 129
112 413 131
146 417 121
175 462 129
184 471 127
212 436 129
227 35 119
228 132 127
247 136 127
247 488 129
248 273 119
248 255 127
254 452 127
258 261 131
260 100 119
412 38 127
413 35 137
415 190 129
416 36 119
418 35 127
418 360 137
420 38 129
420 273 119
433 215 127
438 361 127
442 35 129
443 193 119
449 36 127
462 218 137
470 33 129
470 249 129
485 448 127
85 311 127
90 275 129
90 459 127
91 35 133
93 36 127
95 36 127
96 221 121
99 38 129
118 38 125
119 36 129
120 135 119
127 38 127
135 227 125
139 480 127
141 205 117
143 490 125
146 249 127
146 93 129
163 205 119
163 188 129
165 303 125
167 210 129
169 209 119
170 480 127
182 458 125
188 211 127
189 354 117
189 133 125
189 267 125
194 223 129
216 211 117
219 307 125
221 38 125
227 34 127
228 37 117
229 5 125
229 39 125
229 19 127
234 213 117
243 10 135
244 282 125
254 34 127
260 395 117
260 16 125
264 197 125
274 203 127
276 35 117
276 357 125
279 268 135
305 216 127
306 260 127
308 141 125
314 218 125
315 38 137
315 188 117
317 141 135
344 243 125
387 256 129
387 35 117
387 138 127
391 309 139
412 5 127
412 18 117
413 17 125
413 18 125
413 318 129
416 17 117
417 385 125
417 37 125
420 3 127
420 37 117
423 352 125
424 93 125
430 491 137
443 14 117
444 27 135
445 22 125
446 13 127
447 17 117
455 352 125
460 255 125
470 34 127
482 35 117
483 132 125
83 11 125
85 10 127
87 10 115
87 17 121
88 5 125
88 40 125
89 1 119
90 34 127
91 11 123
96 27 127
102 473 117
109 279 125
124 13 127
125 13 129
127 13 125
128 39 121
131 16 125
133 386 125
135 321 115
139 317 123
151 19 123
163 27 127
166 18 117
168 13 125
169 5 127
170 10 129
171 12 115
175 13 121
181 14 125
181 399 125
193 315 115
199 19 123
215 3 123
217 34 125
217 103 115
217 317 123
221 37 123
226 31 125
229 21 115
231 171 123
231 15 133
232 39 125
232 10 115
235 40 123
244 329 133
244 89 127
246 162 115
249 15 123
261 15 123
262 22 125
273 389 115
276 289 133
281 16 123
286 101 125
286 456 115
305 40 123
305 10 123
306 39 125
308 39 125
308 16 123
308 314 123
311 19 125
312 14 115
314 313 123
314 394 133
317 288 125
317 1 115
319 3 123
330 419 123
336 141 137
342 10 125
346 365 123
347 283 127
354 422 129
358 357 115
361 484 123
385 19 123
386 27 139
387 407 117
401 193 121
413 15 123
415 324 123
417 32 115
419 146 123
422 19 123
432 26 127
434 28 115
436 170 123
438 15 123
443 144 127
449 334 115
451 26 123
452 12 133
452 13 125
455 386 115
458 12 123
473 293 123
477 235 127
479 1 115
479 299 123
481 5 123
483 1 125
483 14 115
483 39 123
484 3 123
485 384 127
485 22 115
486 12 123
488 368 123
489 17 127
85 83 113
88 162 119
90 373 123
92 2 123
93 90 117
95 32 125
95 2 121
99 87 127
118 26 115
126 32 123
135 20 121
141 2 123
143 30 113
146 127 119
153 389 123
155 3 133
157 16 117
163 26 125
170 21 121
182 26 125
196 32 123
213 31 121
224 25 119
232 339 123
238 2 113
241 176 121
244 6 121
244 25 121
246 6 113
246 153 121
251 4 121
251 25 121
266 20 113
282 10 121
285 368 121
292 34 123
293 3 113
295 237 121
296 16 121
297 40 123
299 1 113
299 11 121
299 22 121
303 30 125
305 32 113
324 137 121
324 258 123
324 207 125
329 38 113
333 19 119
341 17 123
348 20 121
348 26 117
352 37 125
354 10 121
362 33 123
365 33 113
365 458 123
375 318 125
376 39 127
386 30 113
394 11 121
395 27 123
405 19 125
405 407 115
407 13 135
418 152 121
431 32 123
446 159 113
452 28 131
460 181 121
463 25 121
469 155 123
470 4 121
470 156 121
471 6 125
477 23 113
481 31 121
484 146 121
486 322 123
486 172 113
491 330 121
84 8 121
88 24 123
89 29 111
109 20 117
110 28 121
113 4 123
127 9 115
127 25 131
130 6 119
135 25 121
150 29 113
152 31 121
162 6 121
166 9 127
172 29 111
191 24 115
194 25 117
203 15 119
206 32 111
218 29 119
229 466 81
247 420 83
248 413 81
249 465 81
255 415 83
265 155 121
272 6 121
292 2 111
294 15 119
295 26 121
299 2 121
306 0 111
309 9 119
312 9 121
329 391 121
331 12 113
331 5 131
341 2 121
342 6 121
342 24 111
355 28 119
360 88 125
361 30 123
373 172 115
383 0 119
395 175 123
395 26 121
407 167 113
431 6 119
454 8 121
463 451 81
465 7 121
475 0 121
477 25 117
489 9 119
87 417 81
100 419 83
101 433 83
112 447 69
125 442 71
132 438 81
150 462 81
153 8 117
182 439 81
213 462 81
220 449 79
226 189 79
231 35 81
242 33 81
244 33 79
247 33 79
247 38 81
249 38 81
251 453 79
254 472 79
258 134 81
260 479 81
288 9 115
289 4 109
295 29 117
323 376 119
324 86 117
329 23 111
333 24 119
334 8 121
344 466 83
352 6 113
383 448 89
384 433 81
392 25 109
392 29 129
394 29 119
412 36 81
415 33 89
415 226 79
420 189 81
420 459 81
432 489 79
432 246 79
433 33 81
436 188 81
439 477 79
439 454 79
439 428 91
450 203 81
456 443 79
467 208 79
486 470 91
83 35 73
83 488 81
83 117 82
84 303 67
84 469 76
84 473 79
86 352 91
87 137 69
87 303 67
89 188 67
91 208 81
92 202 89
93 197 81
100 412 98
101 36 67
103 467 81
116 358 89
116 437 86
118 467 84
118 469 78
119 428 67
119 220 81
119 190 79
120 217 79
122 141 83
122 38 83
124 430 77
125 254 81
126 35 67
126 262 69
128 93 69
130 491 81
130 444 86
131 417 86
133 100 77
134 276 79
137 281 79
138 136 77
141 33 77
141 204 79
144 38 81
145 244 75
146 184 79
146 446 82
150 223 67
151 33 79
163 35 79
166 473 81
167 38 69
169 256 73
170 479 77
176 36 77
176 262 89
176 455 69
176 98 81
181 412 88
188 273 87
194 137 77
196 118 79
202 436 79
206 432 77
221 33 77
226 453 77
226 16 81
228 38 73
228 347 79
231 257 67
244 36 71
246 402 77
247 39 77
247 357 69
251 469 86
252 275 73
252 444 72
254 430 67
254 221 67
256 17 89
257 131 82
258 249 75
260 352 67
260 412 76
260 117 67
260 92 69
265 261 89
265 118 77
279 462 67
281 202 79
303 35 77
306 99 77
309 470 71
311 33 79
311 211 79
313 454 77
314 423 77
314 490 79
317 120 79
317 218 77
325 8 117
326 24 119
334 418 81
336 7 109
344 488 77
344 94 81
348 475 83
348 196 77
349 248 87
352 470 79
362 24 129
376 433 79
383 93 81
385 220 79
386 303 79
390 429 77
391 255 79
392 446 81
393 439 67
394 470 81
405 448 77
407 418 71
413 163 82
416 244 82
418 224 82
419 33 67
424 193 77
430 466 67
431 38 77
432 34 79
432 261 81
433 319 79
434 39 77
436 11 77
438 13 79
442 16 79
444 35 73
444 344 79
445 5 77
446 118 72
448 443 86
449 348 79
450 488 69
451 318 79
455 479 77
460 448 79
463 10 79
463 110 79
466 451 76
467 465 72
468 417 82
468 394 77
468 312 77
470 386 89
471 402 77
479 98 77
481 454 79
481 473 79
484 135 77
484 415 71
488 415 71
489 454 77
83 392 79
84 394 89
85 236 69
85 279 84
86 3 84
86 231 82
87 111 84
88 347 65
88 383 69
89 139 84
91 394 67
92 17 65
92 166 82
93 5 77
94 40 67
95 226 82
96 3 67
98 14 69
98 423 84
99 224 82
99 35 94
99 5 65
99 12 81
99 151 82
99 408 77
101 408 77
103 420 74
103 184 81
107 223 69
109 415 94
110 35 77
110 361 67
110 216 77
110 221 67
110 190 67
111 219 89
111 485 67
111 38 79
113 482 84
113 402 79
113 27 65
116 19 75
118 424 80
118 12 67
118 18 79
119 34 77
120 13 67
120 349 77
125 35 84
125 150 82
127 456 84
130 34 79
130 167 94
130 18 79
130 185 74
131 18 77
133 363 75
134 417 84
134 423 65
135 468 84
136 10 77
136 37 75
144 3 74
145 289 69
145 236 77
145 429 70
146 35 84
146 11 79
146 3 84
150 314 79
150 286 81
151 11 65
151 90 82
152 36 77
152 112 87
156 448 76
156 415 76
157 429 79
162 10 65
163 133 84
163 17 77
165 37 79
167 289 81
167 282 79
168 3 74
168 33 84
168 195 84
168 382 81
169 166 84
170 5 75
172 316 79
172 110 74
174 107 74
175 3 86
175 486 72
176 255 82
181 3 84
184 472 65
184 412 74
185 370 85
185 471 84
188 456 65
188 137 65
188 268 65
189 40 77
190 261 77
190 86 80
191 96 84
191 463 74
194 172 80
207 257 79
207 223 75
208 469 65
211 483 75
211 36 77
216 16 77
218 185 65
221 209 67
224 489 72
224 13 65
226 169 75
226 143 75
226 182 84
227 454 94
227 391 75
228 395 70
229 2 75
229 455 80
229 89 75
231 384 71
231 32 77
231 39 75
232 13 75
234 489 75
235 10 75
236 362 77
237 443 74
237 94 84
238 40 75
239 22 75
242 3 74
242 1 80
242 232 80
242 141 84
242 21 85
244 190 70
247 36 72
248 1 67
248 268 84
249 36 74
251 35 70
251 167 77
252 33 80
254 481 84
254 313 80
255 1 84
255 22 65
255 285 67
256 303 70
257 1 69
258 38 80
258 401 65
258 341 82
261 6 80
265 255 80
266 12 77
266 14 75
267 37 75
273 385 77
273 34 77
273 38 71
273 261 80
274 423 67
275 306 65
275 204 65
277 37 75
277 38 71
277 209 65
277 17 77
277 467 74
281 490 65
281 215 67
282 33 77
294 244 75
298 213 85
305 37 77
307 3 77
308 27 75
311 27 75
313 14 79
315 13 77
316 205 65
317 11 75
318 444 84
319 273 69
323 7 111
331 420 69
333 120 65
338 480 67
339 472 79
340 136 67
340 118 77
340 38 77
341 427 69
342 14 77
342 219 65
343 224 80
343 274 69
343 279 69
344 223 80
346 243 80
347 391 77
348 27 81
349 37 87
349 279 71
350 273 65
350 311 69
355 35 75
355 209 77
360 357 81
361 133 77
378 35 85
380 99 77
384 305 69
385 273 71
386 18 77
387 490 69
388 14 75
390 312 75
390 417 72
390 17 83
392 193 79
392 311 65
393 460 75
394 36 65
394 136 77
394 217 79
396 416 70
396 38 79
399 481 65
399 196 65
401 209 79
408 424 75
408 307 77
408 184 77
409 413 84
412 262 84
412 277 72
417 17 90
418 17 69
419 14 80
423 137 65
423 118 65
424 17 77
427 475 75
427 220 67
428 291 77
428 13 75
430 401 75
431 40 77
431 454 71
431 37 77
432 1 84
433 422 70
433 266 72
433 27 67
434 17 80
434 31 77
438 16 80
439 157 80
442 22 65
443 8 80
444 188 84
445 1 70
445 485 80
446 456 74
447 38 84
447 369 67
447 22 69
448 33 70
449 31 75
450 195 80
450 22 65
451 384 80
451 2 85
451 30 75
452 218 69
453 12 77
454 450 84
455 11 75
456 37 75
456 14 77
458 217 71
460 40 77
460 182 65
462 36 84
462 11 69
463 1 90
463 241 71
463 26 75
465 32 77
465 34 71
465 11 67
465 185 74
466 1 84
466 236 65
466 12 75
467 20 85
467 26 79
468 107 75
469 32 77
469 1 84
471 396 80
472 257 71
473 37 75
477 37 75
477 434 70
479 198 65
479 172 80
480 85 80
481 40 85
481 175 80
482 455 69
482 207 67
482 144 80
482 27 77
484 184 65
486 34 75
486 92 79
490 305 65
490 3 85
83 30 69
84 328 63
84 208 72
84 40 82
84 15 77
85 339 74
85 40 72
86 10 68
87 388 92
88 39 72
88 19 80
92 34 82
93 169 77
94 34 82
94 31 70
95 37 74
96 32 73
96 6 80
96 15 77
96 26 85
98 26 77
99 90 81
100 128 68
101 172 76
103 3 72
107 5 75
107 16 63
109 35 74
109 283 77
112 31 85
116 22 82
117 87 76
119 11 84
120 31 70
122 18 82
124 39 70
124 6 80
126 10 92
126 6 82
128 5 74
128 168 76
128 17 80
130 324 63
130 16 80
130 31 70
131 216 86
131 19 72
132 32 73
133 268 72
133 14 78
133 27 63
134 107 72
134 472 82
135 489 72
136 313 78
139 14 88
141 27 67
144 2 75
144 291 68
144 234 80
145 11 70
145 15 65
150 34 92
150 258 88
150 243 68
151 333 74
151 146 76
152 1 75
153 163 82
154 136 74
156 103 77
156 393 68
156 11 65
156 109 65
157 394 70
157 306 78
165 15 73
165 19 72
166 323 65
166 31 68
167 32 82
167 5 70
167 31 82
171 32 65
171 385 80
171 221 84
172 17 80
174 22 84
175 0 80
175 226 76
176 2 68
176 5 82
182 16 63
184 20 73
184 403 63
185 37 65
185 9 78
188 303 82
189 401 82
191 3 63
194 453 82
194 11 63
195 33 78
195 18 65
195 315 69
196 350 78
198 169 75
199 385 73
199 311 82
199 399 68
203 243 69
203 443 88
204 449 82
204 262 69
205 87 78
207 13 73
208 303 67
208 22 75
209 458 67
209 407 75
210 33 67
210 16 77
210 438 72
210 279 67
210 120 78
211 294 73
211 39 73
212 14 78
212 319 65
213 1 65
213 5 65
215 455 82
215 428 82
216 40 63
216 88 77
217 1 72
217 3 72
218 27 63
219 312 78
219 32 73
219 483 82
220 40 63
221 86 77
223 10 78
226 171 76
227 30 65
228 34 82
228 7 78
228 299 78
228 157 85
229 26 78
231 221 84
234 23 85
235 2 75
235 171 73
237 342 65
238 232 63
238 28 73
239 168 75
241 27 67
241 235 63
242 6 87
246 32 82
246 322 69
247 5 78
247 11 82
247 22 68
248 10 82
249 89 65
251 18 78
252 323 67
252 360 84
252 26 78
256 216 70
256 207 70
256 39 72
257 19 82
258 11 82
258 37 82
261 0 75
261 251 68
264 489 72
265 0 78
266 2 75
267 144 75
267 279 72
268 107 65
268 28 83
272 1 63
272 26 73
272 36 72
272 31 75
273 326 75
273 315 65
274 2 73
274 274 82
275 12 63
276 1 82
277 10 75
277 39 65
277 16 67
281 17 79
286 22 75
289 413 78
289 94 82
290 362 73
291 395 79
292 417 82
293 117 63
296 444 82
297 3 75
297 12 75
298 393 83
303 18 67
303 372 75
305 482 70
305 152 78
305 188 72
307 401 82
307 31 73
309 13 63
309 27 63
312 23 75
313 199 80
313 8 78
313 268 82
314 38 72
314 103 68
315 37 65
315 12 67
318 23 73
321 321 78
322 38 73
323 36 77
324 182 75
324 94 67
325 36 75
326 35 79
326 311 63
326 204 77
329 489 75
330 139 65
333 1 82
334 33 74
334 34 63
334 293 63
334 14 67
336 137 70
338 10 65
338 11 87
338 124 80
339 110 63
339 311 72
341 33 72
341 19 77
342 34 67
343 394 68
343 347 77
344 6 78
344 20 73
347 30 81
348 272 86
349 35 82
354 22 73
355 232 73
355 415 92
357 112 86
360 14 75
361 35 65
365 194 73
368 413 67
369 195 75
369 429 79
373 403 75
376 37 73
376 144 78
376 342 75
380 27 85
382 343 67
383 409 79
385 188 82
386 378 75
386 28 75
387 393 72
388 1 82
388 34 67
388 484 82
388 12 67
389 373 73
391 311 72
392 1 77
393 396 63
394 257 78
394 485 78
395 111 63
395 19 67
396 3 75
402 1 69
402 102 82
403 427 82
403 36 68
405 38 78
405 11 65
405 16 65
407 3 74
407 38 68
407 363 75
407 290 77
409 3 65
409 333 80
409 27 63
412 10 82
412 175 67
412 24 73
412 30 63
412 166 67
413 4 77
413 40 72
413 22 82
415 338 73
416 329 72
417 336 68
417 181 63
417 30 63
418 5 82
419 18 72
420 11 78
420 20 65
420 181 63
422 472 72
422 429 92
423 174 73
423 16 78
427 136 78
427 315 78
428 109 82
428 343 78
429 170 75
431 36 72
431 390 78
431 30 75
432 18 68
434 22 72
434 23 78
437 23 75
442 4 75
442 84 86
443 5 78
443 22 72
444 18 88
444 22 82
445 8 73
446 2 82
446 10 72
448 32 65
448 2 78
448 31 67
449 32 77
449 26 65
450 4 75
450 18 68
451 4 73
451 18 70
452 311 82
452 27 63
453 8 78
453 344 78
453 26 73
453 268 72
454 307 68
455 38 70
455 176 77
455 285 65
456 1 67
459 11 63
460 454 92
460 107 72
460 16 65
462 2 82
462 30 78
463 168 69
463 220 84
466 24 75
467 2 63
467 10 82
468 2 72
469 288 78
472 10 67
472 90 73
472 21 75
473 168 73
475 3 82
475 477 92
477 1 74
477 386 78
477 35 82
477 36 78
477 5 65
479 313 78
480 3 72
480 38 82
480 11 63
480 16 63
480 346 65
481 3 67
481 38 82
483 16 65
484 35 68
484 39 65
485 9 78
486 10 67
486 28 73
491 3 65
491 35 68
84 0 71
84 4 74
84 25 72
85 0 75
89 389 76
89 20 66
90 372 78
101 20 80
102 8 80
103 11 72
103 18 90
107 23 85
109 32 80
109 326 63
111 17 78
112 388 80
112 9 66
112 4 74
113 6 74
113 20 80
116 14 76
117 21 82
118 341 71
119 339 77
125 8 75
125 16 66
127 152 76
128 0 76
128 9 61
130 8 66
130 24 76
133 40 80
135 8 71
136 29 71
137 0 75
137 18 90
137 172 74
139 340 71
139 153 73
141 10 76
141 251 74
145 152 71
152 2 66
152 155 78
153 10 68
153 40 72
154 21 75
155 347 78
155 5 70
156 39 66
157 154 80
165 27 74
174 16 74
174 15 78
175 21 80
181 8 74
181 9 75
185 375 61
185 15 61
185 87 74
185 28 67
185 5 66
188 32 70
189 88 74
190 29 71
191 206 84
193 291 76
195 32 61
195 23 63
197 20 65
198 224 74
199 32 80
202 27 61
203 3 80
204 10 65
204 409 65
204 26 73
205 453 68
206 11 61
206 14 65
207 32 73
207 35 74
207 85 75
208 33 70
208 402 61
208 281 74
210 1 74
210 157 80
212 23 61
213 34 80
215 7 76
218 15 61
221 152 75
226 24 76
227 8 61
228 9 61
232 2 80
232 22 80
234 2 72
235 31 76
236 39 80
236 31 66
237 4 71
237 293 70
238 216 76
238 156 73
241 7 76
242 154 61
244 344 78
246 29 61
247 0 74
251 27 82
258 20 90
258 21 70
261 21 66
262 2 76
264 32 63
265 354 72
265 19 80
266 34 80
267 40 76
268 323 73
268 18 90
268 150 74
268 29 71
274 32 61
276 21 77
276 325 80
281 6 75
281 18 66
283 144 71
283 490 68
283 27 65
283 405 80
283 37 65
285 33 66
286 1 63
286 6 76
286 423 80
286 16 86
286 20 75
286 283 65
286 350 76
286 197 68
289 27 61
289 39 63
289 8 80
289 111 65
290 31 71
291 2 71
291 4 76
291 459 80
292 17 76
292 30 73
293 4 76
294 3 63
294 39 61
294 18 63
295 393 65
296 10 77
297 34 61
297 407 70
298 40 63
298 139 70
299 3 66
299 20 73
299 21 71
299 408 76
299 155 86
299 27 65
305 373 65
306 30 76
307 174 74
308 231 66
308 24 71
308 31 65
309 32 70
311 31 80
312 8 73
313 37 68
313 30 61
314 32 80
314 20 63
315 145 67
316 40 66
316 29 73
317 29 71
318 22 70
319 152 73
319 23 65
321 34 76
321 11 80
321 19 80
321 26 65
321 29 71
321 30 65
321 31 80
322 22 61
322 409 76
323 392 66
323 11 65
324 36 66
324 394 78
324 22 73
325 124 78
325 3 63
325 14 63
326 277 70
328 1 85
330 460 66
331 195 80
331 422 76
333 11 82
333 17 80
333 373 71
334 6 78
334 31 73
336 34 68
338 221 72
339 31 82
340 0 78
341 90 66
343 2 70
344 4 71
344 37 74
346 37 84
347 5 76
348 248 74
349 29 73
349 31 65
352 317 67
354 163 73
355 32 81
355 321 76
355 396 66
355 19 67
355 22 65
357 14 65
358 322 73
358 484 68
358 307 70
360 1 70
362 462 84
363 116 74
365 213 65
367 39 71
367 112 66
368 11 71
369 94 84
369 117 84
370 35 65
370 14 71
370 434 68
372 460 70
373 336 80
375 1 70
376 109 70
378 1 70
382 202 84
383 15 67
383 83 70
383 207 72
386 334 72
387 322 61
388 5 80
388 10 84
388 153 77
389 170 65
389 5 76
391 8 73
393 32 71
393 2 80
393 18 80
393 373 73
393 28 71
394 172 73
395 0 78
395 14 78
399 39 76
401 17 78
401 9 76
401 23 75
402 127 74
403 26 63
405 32 61
407 32 70
408 32 70
408 146 76
409 6 78
409 21 63
418 14 74
420 21 80
420 25 71
422 26 61
422 30 63
423 150 66
423 84 65
423 31 76
424 11 80
424 28 61
427 5 70
427 15 71
427 156 71
429 88 67
430 2 70
430 29 71
432 29 67
433 29 61
434 4 74
434 232 74
434 238 74
438 388 76
438 333 63
439 29 65
443 24 67
446 6 66
447 9 61
452 326 70
452 215 72
454 11 80
455 131 66
459 122 76
462 340 61
462 29 71
465 343 66
468 367 74
469 24 70
472 299 72
473 7 76
473 23 76
475 39 76
477 11 76
480 2 63
480 283 72
481 128 63
482 39 80
482 15 65
484 34 76
485 30 76
486 18 80
486 221 68
488 218 76
489 10 70
489 39 80
490 86 74
491 229 68
95 7 72
98 29 76
101 29 76
102 26 76
103 16 84
103 382 78
107 21 78
110 0 64
110 24 68
132 155 69
132 348 76
133 0 64
134 25 80
135 24 88
135 29 74
138 17 72
144 7 73
144 25 73
151 23 72
152 24 59
154 210 90
154 23 76
156 4 75
157 8 71
157 9 73
157 26 76
157 29 73
159 152 83
165 28 76
188 0 72
189 0 61
189 382 64
191 0 61
191 27 70
193 29 65
194 4 64
196 4 72
197 14 72
199 24 71
203 84 59
203 220 66
204 5 68
205 26 63
205 39 64
207 322 78
208 10 78
208 18 70
208 338 75
209 11 78
212 391 76
213 8 59
216 0 64
216 17 70
216 21 78
218 24 78
218 207 80
219 21 74
221 20 80
224 28 78
229 12 80
234 9 59
234 25 71
235 12 64
236 9 72
238 29 61
244 30 86
246 7 64
255 30 84
265 207 80
267 4 71
273 159 63
273 316 64
274 238 72
275 8 72
276 12 72
279 29 74
279 21 64
281 21 74
285 206 78
285 23 74
285 25 76
285 252 72
286 26 78
289 29 73
291 326 68
292 6 73
292 18 78
294 19 74
295 37 64
295 176 61
296 37 68
298 174 59
299 37 88
303 4 59
305 0 72
309 8 65
309 24 88
314 157 59
316 25 64
316 24 61
317 4 63
322 37 68
322 40 64
322 21 61
323 171 61
323 175 73
324 2 71
326 170 73
326 239 86
326 23 73
326 26 71
328 2 71
329 90 76
330 9 78
330 39 64
330 317 76
334 26 76
341 363 78
341 24 76
343 12 72
343 156 65
346 202 80
346 362 82
348 0 59
348 13 78
350 16 86
352 376 74
352 5 68
355 5 74
355 11 82
358 10 80
358 31 63
360 37 78
360 6 69
360 39 66
361 15 65
361 207 76
362 239 78
365 27 59
367 14 74
367 308 74
367 409 80
368 288 63
368 14 63
373 151 67
373 7 74
375 0 71
378 37 64
378 6 71
378 29 73
380 254 70
382 7 73
382 157 63
385 9 63
388 13 80
391 21 80
391 152 64
393 8 72
393 21 76
395 17 72
395 21 78
401 25 80
402 155 73
403 4 64
405 153 72
407 12 68
407 16 74
408 333 73
408 8 59
413 23 72
417 23 72
420 375 86
424 13 74
427 27 64
427 340 69
428 12 68
428 24 88
431 209 84
437 12 80
439 26 76
447 7 64
454 7 69
459 0 71
460 0 63
463 28 70
466 23 64
467 25 59
473 17 72
473 25 73
475 4 72
475 6 59
475 8 84
488 334 59
490 25 73
93 27 78
107 30 74
113 29 62
134 7 70
139 358 80
153 358 80
182 372 74
190 25 63
190 15 62
197 380 72
199 15 70
202 25 68
203 4 67
203 9 70
203 157 61
207 25 59
208 8 62
209 13 64
215 28 76
217 23 70
218 26 74
237 376 64
264 25 69
264 23 80
285 9 70
285 17 62
285 29 59
288 27 68
292 341 57
296 24 76
297 333 59
298 154 59
317 7 70
323 20 68
324 0 57
324 16 70
326 30 74
328 8 71
329 26 76
330 7 76
330 15 72
331 6 80
346 23 70
350 30 62
355 4 74
355 368 72
355 21 76
355 25 59
357 318 70
361 363 66
361 13 80
367 2 61
370 2 72
370 19 76
372 4 61
375 157 72
384 7 66
385 12 76
387 12 78
402 7 70
448 27 80
455 7 57
455 15 78
473 378 62
480 355 80
482 372 74
482 30 74
488 7 70
138 27 78
154 27 76
196 29 60
202 28 70
205 23 78
232 29 72
241 29 72
281 27 78
285 28 74
288 7 55
290 30 72
291 23 70
323 29 74
350 29 76
362 12 60
368 7 65
368 21 62
369 9 72
454 29 72
363 15 62
370 26 68
