82 225 87
82 422 90
82 199 176
82 15 204
82 18 78
82 84 91
83 225 86
83 3 114
83 357 95
83 39 93
83 10 102
83 483 100
83 276 134
83 182 151
83 29 100
83 30 129
84 35 84
84 189 119
84 350 90
84 7 76
86 33 85
86 34 117
86 7 87
86 239 94
86 16 80
86 20 81
86 89 65
86 116 178
89 8 117
89 89 129
89 358 93
89 6 88
89 279 75
91 0 84
91 133 119
91 391 94
91 14 156
91 309 97
91 407 81
91 473 196
91 31 97
91 223 123
92 27 81
92 252 83
92 149 82
92 7 88
93 472 91
93 18 109
93 21 83
93 86 87
93 24 108
93 181 71
94 34 104
94 3 177
94 197 152
94 134 152
94 8 133
94 9 86
94 407 80
94 13 105
94 23 140
94 37 110
94 31 113
97 1 57
97 3 97
97 10 59
97 25 99
97 170 125
97 30 71
97 31 151
98 352 82
98 6 74
98 39 120
98 267 106
98 17 116
98 150 125
98 91 81
100 32 70
100 386 98
100 3 97
100 421 144
100 9 96
100 459 130
100 112 64
100 439 82
100 24 75
100 124 102
100 29 59
101 33 132
101 34 79
101 420 91
101 390 90
101 12 87
101 179 77
101 183 117
101 345 79
101 314 86
101 252 78
101 154 89
103 33 90
103 483 106
103 255 88
104 241 80
104 40 89
104 201 101
104 17 90
104 434 88
104 20 90
104 22 135
104 189 192
106 6 95
106 230 93
106 333 115
106 28 145
106 37 78
106 31 126
107 6 80
107 7 77
107 137 91
107 12 84
107 17 90
107 19 180
107 21 126
108 40 104
108 4 69
108 30 135
108 6 89
108 15 78
109 34 64
109 37 115
109 9 123
109 11 89
109 14 117
109 432 134
109 17 157
110 353 108
110 37 113
110 38 122
110 9 99
110 19 85
110 247 88
110 216 86
110 27 89
111 385 117
111 424 177
111 330 69
111 171 61
111 408 96
111 91 81
112 330 87
112 135 91
112 29 113
112 407 90
113 6 85
114 32 95
114 16 90
114 34 110
114 35 60
114 4 74
114 10 89
114 432 142
114 26 81
114 315 87
115 0 123
115 38 192
115 8 123
115 14 87
115 40 84
115 122 61
115 30 115
116 3 69
116 449 83
116 35 100
116 36 77
116 332 125
116 114 61
116 291 82
116 20 180
116 25 104
116 27 64
117 4 133
117 37 175
117 11 89
117 274 116
117 472 122
117 190 76
118 320 117
118 34 120
118 3 80
118 103 167
118 18 79
118 355 149
118 25 80
119 163 82
119 13 185
119 166 81
119 247 154
121 25 100
121 242 109
121 35 137
121 36 107
121 10 94
122 480 92
122 224 113
122 227 82
122 5 149
122 18 214
122 245 106
122 28 91
122 222 122
122 229 77
123 371 78
123 378 92
123 35 74
123 21 76
123 39 83
124 32 119
124 131 105
124 6 89
124 172 70
124 117 131
124 24 142
124 30 70
125 34 119
125 234 201
125 354 102
125 17 95
125 439 113
125 219 101
126 40 174
126 2 108
126 20 134
126 230 96
126 30 81
127 18 117
127 30 119
127 196 95
127 29 90
127 22 93
129 18 93
129 19 117
129 20 73
129 15 93
130 32 109
130 3 166
130 38 80
130 172 80
130 206 95
130 20 91
130 21 120
131 35 74
131 263 80
131 434 66
131 21 207
131 246 123
131 248 112
131 314 146
131 30 85
133 33 124
133 3 218
133 36 116
133 101 113
133 6 118
133 8 124
133 271 153
133 20 86
133 15 86
134 4 98
134 8 94
134 240 106
134 274 89
134 22 102
134 351 94
135 2 121
135 215 168
135 6 88
135 15 191
137 161 109
137 34 156
137 419 130
137 357 120
137 7 86
137 393 80
137 141 108
137 334 68
137 376 143
141 206 128
141 3 79
141 30 91
141 190 88
142 32 109
142 480 181
142 262 95
142 8 104
142 9 73
142 339 101
142 27 156
143 8 78
143 27 104
143 30 85
144 164 85
144 9 117
144 430 131
144 468 77
144 425 90
144 472 112
144 212 141
144 27 104
144 29 90
144 126 129
144 31 84
146 32 112
146 7 91
146 175 129
146 16 104
146 371 105
146 251 113
148 8 83
148 297 109
148 442 68
148 315 80
149 33 121
149 442 178
149 12 84
149 134 176
150 419 193
150 335 110
154 39 87
154 17 82
154 19 152
154 218 88
154 254 101
154 191 102
156 353 81
156 34 91
156 8 71
156 9 97
156 10 115
156 11 90
156 397 84
156 183 169
156 30 78
157 10 101
157 210 84
158 329 172
158 19 142
158 108 139
158 4 115
159 24 95
159 16 108
159 20 177
159 13 127
159 6 82
160 4 86
160 170 84
160 12 109
160 13 80
160 367 92
160 21 115
160 184 119
160 476 164
161 449 84
161 34 91
161 355 191
161 487 118
161 253 156
161 191 78
162 35 95
162 228 133
162 5 119
162 9 104
162 430 129
162 338 106
162 265 110
162 249 138
163 2 62
163 133 104
163 39 93
163 296 98
163 295 68
163 12 131
163 461 85
163 142 90
163 409 171
163 27 83
164 0 137
164 3 106
164 389 84
164 231 117
164 278 100
164 383 84
165 3 88
165 38 120
165 20 84
165 22 122
165 23 92
165 251 106
165 29 103
166 82 95
166 235 81
166 159 117
166 158 117
166 335 119
167 28 144
167 10 109
167 300 73
167 338 103
170 16 75
170 9 100
170 162 86
170 11 109
170 0 84
171 32 79
171 19 83
171 412 143
171 462 123
172 256 183
172 32 109
172 4 94
172 8 94
172 302 65
172 19 184
172 20 164
172 217 186
172 315 126
173 0 104
173 32 98
173 9 83
173 30 100
173 23 98
175 40 98
175 17 120
175 26 78
175 202 96
175 39 105
176 321 104
176 37 164
176 161 94
176 8 127
176 12 166
176 17 90
176 310 181
176 33 68
177 416 113
177 1 186
177 34 68
177 37 81
177 11 83
177 16 84
177 241 151
177 84 75
177 30 75
178 294 204
178 8 104
178 11 112
178 404 81
178 22 68
178 407 111
178 157 98
179 25 129
179 36 75
179 12 90
179 4 68
179 17 95
181 24 137
181 292 83
182 5 148
182 39 116
182 9 105
182 19 88
182 84 114
182 23 91
182 24 74
182 26 86
183 0 68
183 385 139
183 6 92
183 17 80
183 23 105
183 124 75
183 125 110
184 224 89
184 453 87
184 38 197
184 199 90
184 7 98
184 15 120
184 304 135
184 86 65
184 6 115
184 134 110
184 37 115
185 33 128
185 1 177
185 108 152
185 173 70
185 18 78
185 342 88
185 28 96
186 34 81
186 36 105
186 201 152
186 15 106
186 435 81
186 308 128
186 118 104
186 276 115
186 4 135
187 40 81
187 32 88
187 445 83
187 409 80
188 10 110
188 19 81
188 12 167
189 1 147
189 322 105
189 3 103
189 37 71
189 18 105
189 14 107
189 146 102
189 371 68
189 21 108
190 33 88
190 4 145
190 29 125
190 20 105
190 316 73
191 2 170
191 294 165
191 10 106
191 278 73
191 23 103
191 27 103
191 394 163
192 4 115
192 197 100
192 106 142
192 20 195
192 276 142
192 31 146
193 2 61
193 39 121
193 12 132
193 16 142
193 369 97
193 379 105
194 27 68
194 395 83
195 112 154
195 17 107
195 146 110
195 19 78
195 375 95
195 28 130
195 318 105
196 32 78
196 323 130
196 201 108
196 10 113
196 113 83
196 21 101
196 23 133
196 24 118
196 29 83
197 408 135
197 167 112
197 367 83
198 0 63
198 17 87
198 339 137
198 3 90
198 260 119
199 129 80
199 165 80
199 8 135
199 12 78
199 17 95
199 468 169
199 84 104
199 37 81
200 8 110
200 331 90
200 19 93
200 27 68
200 28 91
200 383 129
201 224 100
201 7 143
201 351 88
202 192 100
202 0 83
202 2 92
202 228 101
202 38 83
202 362 117
202 333 95
202 110 79
202 17 100
202 24 105
203 408 95
203 283 184
203 36 105
203 133 119
204 10 88
204 4 107
204 469 139
204 39 98
206 33 79
206 259 94
206 37 177
206 39 73
206 424 99
206 402 154
206 35 64
206 150 65
208 33 137
208 4 83
208 172 112
208 216 164
208 314 110
208 315 124
210 296 97
210 20 117
210 141 174
211 322 66
211 453 78
211 202 146
211 242 112
211 339 103
211 22 118
211 37 122
212 40 115
212 83 65
212 427 152
214 192 105
214 20 120
215 480 78
215 335 103
215 28 91
215 30 127
215 23 116
216 0 135
216 8 110
216 36 98
216 461 115
217 37 106
217 424 93
217 393 163
217 181 127
217 27 125
217 30 95
217 31 81
218 234 120
218 3 162
218 21 86
219 9 83
219 26 76
219 468 82
219 357 109
219 165 117
220 9 108
220 26 85
220 124 84
220 402 93
220 366 130
221 384 102
221 11 85
221 437 117
221 30 95
221 191 85
222 12 120
222 119 146
222 428 87
222 333 95
222 211 136
222 23 112
222 251 181
223 25 152
223 130 104
223 11 95
223 13 130
223 103 209
224 17 115
224 26 104
224 15 105
224 12 120
224 335 105
225 0 90
225 2 138
225 326 142
225 38 149
225 7 63
225 40 87
225 263 119
225 365 102
225 158 94
226 258 201
226 292 90
226 457 80
226 302 87
226 113 181
226 20 93
226 21 125
226 23 90
226 314 139
227 0 97
227 490 129
227 114 111
227 301 128
227 18 108
227 287 154
227 476 90
227 223 102
228 323 192
228 37 132
228 38 149
228 333 134
228 25 192
228 27 80
228 351 80
229 194 82
229 262 82
229 39 70
229 9 75
229 290 169
229 206 121
229 173 139
229 116 112
229 246 94
229 31 66
230 283 95
230 9 85
230 291 129
230 318 95
230 295 80
231 129 89
231 457 85
231 242 121
231 157 85
231 30 102
231 31 173
232 257 189
232 37 150
232 15 103
232 306 105
232 439 79
232 249 109
233 1 86
233 37 86
233 457 132
233 20 71
233 26 76
233 478 107
233 485 126
234 225 107
234 37 76
234 40 83
234 393 163
234 11 88
234 370 192
234 215 132
234 27 108
234 157 115
234 30 95
235 321 108
235 19 141
235 380 107
235 341 187
235 29 78
237 161 93
237 122 110
237 430 117
237 31 171
238 408 98
238 298 125
238 219 90
238 317 90
238 14 117
239 7 90
239 328 150
239 397 128
239 114 100
239 25 81
239 26 117
240 297 98
240 404 135
240 165 132
241 384 87
241 33 187
241 36 93
241 39 68
241 13 105
241 15 95
241 212 97
241 438 107
241 319 88
241 29 135
241 191 105
242 17 72
242 5 147
242 359 166
243 2 132
243 259 104
243 36 174
243 428 99
243 14 102
243 377 87
243 27 164
245 480 89
245 219 144
245 31 76
246 360 114
246 25 192
246 3 85
246 21 103
246 337 85
247 241 87
247 91 139
247 299 125
247 28 80
248 289 120
248 35 139
248 5 118
248 358 109
248 8 82
248 9 122
248 118 146
248 121 117
248 351 100
249 0 94
249 148 112
249 154 94
249 28 95
249 6 77
250 32 177
250 2 113
250 4 70
250 198 107
250 365 134
250 18 78
251 8 90
251 1 73
252 448 154
252 33 85
252 107 124
252 5 177
252 235 112
252 13 108
252 21 120
253 0 115
253 25 112
253 28 73
253 212 139
253 149 124
254 274 109
254 34 85
254 445 101
254 37 108
255 40 107
255 25 93
255 283 119
255 365 112
255 15 85
256 451 80
256 423 120
256 13 110
256 84 109
256 25 68
256 31 101
257 161 102
257 34 80
257 36 115
257 133 107
257 17 72
257 248 129
257 27 75
258 326 137
258 264 115
258 393 102
258 10 85
258 14 72
258 371 95
258 27 85
259 388 121
259 203 97
259 237 189
259 304 105
259 17 179
259 22 98
259 23 132
260 225 112
260 37 68
260 134 109
260 199 112
260 396 107
260 30 114
262 10 135
262 332 117
262 39 85
263 112 119
263 36 130
263 12 162
264 24 163
264 33 167
264 98 102
264 3 177
265 464 110
265 25 95
265 39 103
265 7 86
267 19 106
267 21 101
267 357 154
267 191 132
268 3 98
268 293 106
268 10 105
268 14 95
268 20 85
268 28 101
270 388 82
270 14 192
270 17 80
270 25 116
270 23 86
270 408 91
270 36 107
270 188 115
271 5 96
272 283 107
272 19 108
272 5 150
272 326 81
274 40 83
274 372 110
274 206 75
274 29 125
274 19 95
274 308 88
274 21 86
274 473 182
274 189 97
275 163 97
275 11 78
275 15 95
275 17 95
275 179 100
275 24 163
275 30 97
275 479 98
276 0 63
276 10 116
276 27 115
276 124 127
278 295 81
278 131 114
278 38 78
278 231 82
278 7 131
278 332 103
278 23 101
278 30 100
279 8 93
279 14 150
280 11 165
280 179 95
280 211 109
280 30 80
280 342 98
282 17 109
282 459 169
282 462 131
283 233 98
283 108 112
283 21 75
284 33 86
284 331 97
284 238 73
284 113 171
284 20 82
284 217 127
285 481 179
285 308 159
285 311 105
286 256 80
286 3 82
286 333 86
286 304 82
286 187 88
286 29 115
287 178 83
287 27 102
287 172 127
287 197 152
287 389 116
288 1 102
288 13 192
288 31 82
289 27 169
289 25 79
289 11 91
289 445 111
289 7 75
290 8 135
290 9 91
290 250 90
290 18 66
290 0 102
291 97 119
291 22 115
291 37 130
291 38 73
291 116 94
291 150 78
291 26 117
292 35 106
292 5 111
292 391 77
292 11 106
292 15 81
292 17 78
292 342 115
293 33 86
293 119 90
293 101 71
293 5 128
294 31 110
294 200 105
294 339 140
294 11 111
294 39 79
295 24 72
295 33 81
295 242 97
295 444 103
295 15 91
296 9 86
296 39 74
297 3 111
297 388 105
297 6 76
297 13 76
297 14 93
297 437 87
297 439 64
297 221 105
298 1 69
298 35 72
298 28 111
298 17 71
298 27 108
298 316 126
298 286 175
299 186 135
299 258 90
299 254 123
299 295 93
300 434 162
300 314 93
300 36 205
300 5 94
300 30 108
301 368 131
301 243 110
301 101 66
301 286 105
301 7 108
302 480 127
302 3 107
302 228 119
302 358 174
302 245 134
302 24 104
302 28 78
302 31 133
303 2 75
303 3 96
303 357 224
303 134 70
303 28 91
303 302 73
303 15 123
303 19 101
303 6 125
303 27 140
303 92 184
304 0 68
304 193 162
304 2 72
304 35 108
304 38 120
304 9 143
304 235 162
304 25 120
304 123 95
306 32 95
306 101 107
306 38 87
306 10 120
306 363 105
306 18 78
307 193 103
307 292 103
307 40 93
307 15 98
307 21 76
307 4 125
307 27 98
307 29 115
308 32 160
308 25 130
308 127 110
308 5 85
308 407 63
309 449 129
309 322 76
309 35 64
309 438 82
309 39 106
309 21 86
309 22 93
309 183 172
309 251 199
310 2 135
310 3 120
310 4 92
310 39 88
310 40 105
310 106 74
310 12 110
310 110 82
310 15 95
310 227 82
310 22 83
310 408 132
311 16 80
311 11 175
311 354 109
311 371 202
311 316 107
312 35 108
312 37 98
312 397 98
312 451 89
312 24 103
312 26 76
312 124 104
313 37 103
313 40 104
313 461 97
313 13 95
313 19 93
313 27 90
314 11 96
314 13 61
314 245 92
315 394 103
315 19 95
315 460 93
315 354 127
316 16 107
316 154 75
317 33 93
317 3 66
317 388 82
317 5 68
317 39 111
317 268 125
317 461 108
317 20 155
317 1 95
317 25 120
317 29 98
317 191 95
318 32 64
318 388 92
318 37 76
318 422 197
318 39 93
318 292 71
318 253 65
319 33 117
319 4 82
319 5 78
319 39 115
319 40 103
319 10 150
319 13 150
320 353 174
320 13 68
320 83 137
320 445 105
320 94 107
320 31 108
321 480 142
321 194 130
321 35 83
321 7 111
321 104 89
321 9 125
321 12 130
321 179 90
321 443 112
321 382 139
322 8 120
322 162 96
323 129 135
323 4 90
324 24 143
324 35 142
324 36 82
324 37 69
326 369 100
326 228 82
326 38 74
327 32 170
327 8 133
327 18 165
327 332 112
327 40 104
328 121 194
328 295 74
328 20 95
328 357 91
328 135 107
329 357 82
329 391 79
329 10 110
329 15 89
329 23 74
329 25 62
330 3 77
330 6 74
330 8 133
330 14 97
330 82 135
330 19 74
330 302 130
330 89 81
330 446 99
331 8 113
331 0 133
331 10 105
331 306 103
332 331 106
332 393 170
332 10 97
332 267 78
332 111 149
332 11 87
332 30 80
333 32 192
333 25 74
333 4 92
333 21 69
334 32 97
334 2 147
334 196 83
334 268 127
334 112 88
334 307 110
334 21 79
334 315 82
335 320 82
335 193 89
335 130 83
335 35 83
335 6 122
335 7 90
335 428 98
335 289 119
335 334 108
335 23 81
335 30 117
337 146 84
337 327 127
337 13 111
337 15 202
337 16 82
337 335 99
337 21 93
337 470 105
337 239 89
337 413 100
338 267 109
338 29 101
338 445 90
339 6 122
339 39 91
339 40 87
339 29 96
339 316 99
339 445 136
339 31 112
341 448 146
341 354 116
341 7 84
341 21 84
341 23 90
341 27 164
345 251 168
345 358 218
349 8 129
349 25 99
349 38 70
349 271 131
350 97 90
350 2 145
350 36 146
350 11 99
350 12 85
350 304 87
350 369 94
351 34 97
351 36 87
351 393 88
351 368 166
351 380 81
351 253 158
352 352 141
352 1 117
352 453 127
352 33 127
352 9 100
352 10 78
352 39 123
352 16 139
353 199 95
353 341 109
353 215 80
353 409 115
353 443 83
353 30 114
354 16 95
354 193 184
354 11 100
354 172 90
355 36 139
355 300 68
355 15 103
355 467 109
355 30 92
355 223 102
357 1 179
357 3 89
357 158 114
357 478 105
358 33 152
358 445 119
358 230 102
358 7 145
359 5 83
359 360 176
359 425 104
359 170 80
359 12 130
359 109 99
359 104 104
359 29 102
359 37 152
360 13 103
360 446 102
360 21 75
361 160 107
361 451 146
361 12 174
361 17 80
361 466 120
361 412 101
361 318 80
362 7 133
362 371 76
362 154 81
362 375 127
362 26 127
362 27 120
362 93 87
363 472 78
363 21 103
363 14 78
363 37 155
365 11 105
365 196 172
365 389 102
365 329 130
365 363 115
365 13 81
365 435 89
365 116 99
366 296 95
366 10 175
366 142 147
366 16 142
366 104 177
366 21 173
366 118 114
366 26 76
366 27 97
366 220 78
366 287 132
367 36 64
367 22 81
367 191 105
368 1 152
368 38 115
368 358 109
368 10 81
368 363 93
368 460 87
368 13 103
368 115 78
368 214 152
368 285 197
369 35 87
369 20 125
369 15 195
370 216 93
370 449 149
370 26 76
370 6 76
371 9 66
371 14 98
371 17 105
371 20 101
371 21 148
371 22 175
371 23 148
371 29 61
372 0 84
372 129 89
372 2 177
372 115 65
372 131 65
372 357 97
372 1 71
372 40 121
372 10 78
372 11 152
372 83 99
372 308 105
372 21 91
372 26 78
372 27 115
372 28 66
374 32 77
374 35 85
374 6 103
374 8 102
374 399 110
374 31 183
375 1 132
375 293 83
375 6 78
375 21 91
376 485 164
376 38 124
376 203 90
376 16 95
376 17 109
376 18 68
376 19 87
376 28 177
376 211 131
377 16 95
377 451 107
377 9 88
377 272 142
377 339 94
377 24 110
378 33 89
378 361 154
378 274 85
378 461 85
378 125 90
378 17 107
378 402 144
378 20 93
378 9 117
378 29 90
378 190 90
379 200 95
379 208 176
379 218 134
379 283 189
379 351 91
380 36 100
380 103 95
380 393 106
380 237 159
380 84 90
380 247 111
380 30 119
380 31 80
382 424 94
382 104 76
382 19 114
382 37 95
382 22 139
383 33 156
383 36 116
383 421 87
383 12 94
383 144 91
383 83 91
383 20 78
383 27 129
383 31 107
384 2 154
384 36 186
384 7 98
384 424 102
384 11 75
384 40 99
384 24 66
384 475 91
384 92 81
385 2 95
385 40 204
385 17 94
385 23 90
385 121 121
385 127 97
386 40 113
386 332 101
386 428 72
386 189 72
386 143 81
388 10 194
388 4 65
388 478 82
388 23 164
389 480 97
389 449 163
389 226 84
389 5 120
389 8 104
389 13 135
389 253 109
390 451 228
390 262 102
390 39 109
390 430 77
390 18 85
390 19 134
391 0 96
391 1 88
391 30 67
391 15 132
393 355 117
393 326 120
393 15 170
393 18 100
393 19 165
393 89 84
393 318 107
394 451 112
394 156 82
394 6 76
395 16 68
395 263 78
395 477 107
395 464 83
395 466 112
395 243 107
395 21 84
395 24 94
395 221 105
396 8 66
396 6 100
396 260 99
396 374 132
396 334 108
397 8 71
397 233 73
397 3 125
397 20 105
397 37 108
399 130 63
399 39 91
400 0 95
400 35 72
400 38 78
400 397 115
400 372 88
400 23 103
400 30 147
402 39 62
402 40 77
402 334 85
402 232 94
402 22 87
402 27 74
402 29 121
402 31 124
404 0 88
404 91 80
404 4 93
404 37 101
404 267 95
404 15 183
404 20 78
404 27 78
405 40 117
405 25 67
405 475 165
405 430 114
405 424 93
407 32 158
407 1 83
407 230 100
407 6 121
407 272 74
407 18 118
407 468 177
407 21 90
408 17 64
408 8 88
408 361 74
408 330 95
408 40 153
408 22 86
409 100 167
409 197 94
409 9 121
409 397 105
409 22 69
409 36 95
409 283 175
412 360 78
412 14 81
412 17 68
412 246 73
412 282 66
412 413 73
413 32 116
413 35 81
413 11 116
413 365 81
413 176 100
413 372 68
413 267 93
413 26 115
416 32 188
416 1 78
416 199 71
419 355 80
419 4 80
419 103 80
419 15 66
419 19 66
419 441 63
419 159 113
419 255 177
420 0 80
420 33 118
420 23 79
420 108 106
420 36 155
421 2 94
421 101 66
421 40 188
421 458 160
421 16 130
421 24 82
421 394 136
422 221 95
422 31 101
423 16 107
423 480 107
423 33 107
423 129 87
423 303 152
424 289 97
424 226 122
424 388 92
424 359 114
424 460 98
424 290 83
424 464 119
424 4 82
424 316 93
425 484 93
425 197 202
425 274 107
425 374 147
425 23 175
425 248 115
427 5 81
427 326 220
427 430 103
427 241 142
427 18 165
427 276 108
427 341 83
428 9 93
428 31 161
429 185 192
429 298 140
429 284 88
429 18 95
430 97 122
430 110 89
430 470 152
432 0 115
432 35 159
432 375 137
432 26 86
432 27 106
432 29 88
434 468 88
434 18 97
434 84 88
434 2 127
435 376 83
435 33 114
437 412 115
437 36 119
437 397 74
437 15 80
438 360 100
438 4 102
438 33 89
438 200 109
438 11 105
438 40 66
439 423 93
439 7 69
439 471 83
439 141 98
439 13 117
439 301 117
439 23 87
439 26 76
439 123 63
441 33 93
441 31 153
442 25 92
442 245 80
443 32 192
443 199 73
443 268 134
443 112 109
443 17 124
443 150 104
443 31 62
444 8 135
444 369 129
444 11 76
444 20 92
444 30 100
445 32 132
445 33 152
445 38 199
445 170 68
445 14 93
445 156 61
446 113 63
446 178 104
446 12 82
446 21 110
446 159 82
448 1 87
448 357 166
448 366 76
448 21 150
448 22 80
448 280 104
448 475 99
448 31 92
449 2 142
449 295 115
449 8 77
449 7 64
449 270 68
449 208 156
449 117 86
449 27 88
450 18 81
450 380 78
450 29 88
451 34 122
451 103 124
451 84 73
451 119 171
453 32 120
453 33 132
453 293 115
453 1 90
453 282 82
453 350 89
455 28 74
455 359 109
457 32 113
457 384 73
457 8 64
457 10 155
457 256 68
457 339 87
457 21 148
457 380 115
457 29 86
458 2 190
458 19 160
458 196 142
458 303 202
459 144 115
459 2 170
459 36 72
459 38 90
459 361 91
459 368 99
459 337 96
459 21 148
460 28 89
460 3 87
460 196 106
460 5 64
461 323 69
461 8 95
461 363 104
461 16 147
461 35 117
461 284 82
461 29 133
461 31 106
462 185 152
462 26 63
462 7 98
462 119 99
464 32 175
464 137 93
464 363 77
464 19 170
464 189 192
464 287 83
466 459 88
466 166 82
466 9 115
466 202 159
466 11 76
466 333 97
466 113 66
466 25 89
466 170 78
467 104 112
467 32 97
467 388 104
467 13 76
467 31 72
468 357 99
468 425 78
468 18 93
468 274 98
468 9 75
468 26 78
469 17 120
469 10 103
469 239 177
470 377 83
470 18 66
470 15 66
470 7 113
471 475 88
471 326 95
471 7 79
472 328 140
472 17 142
472 23 95
472 442 124
472 28 96
472 29 108
472 31 92
473 5 76
473 270 132
473 469 90
473 22 148
473 28 91
473 285 182
473 94 77
475 163 92
475 40 91
475 425 100
475 10 160
475 12 112
475 208 119
475 20 160
475 21 183
475 25 91
475 221 117
476 24 74
476 35 152
476 21 69
476 30 137
477 264 97
477 9 135
477 248 134
477 310 172
477 216 137
477 25 90
477 27 110
478 33 107
478 2 100
478 291 187
478 6 93
478 18 95
478 405 162
479 194 152
479 202 95
479 18 210
479 29 88
480 4 95
480 5 150
480 297 95
480 11 95
480 21 121
480 471 112
481 256 82
481 27 68
481 14 107
483 360 70
483 18 210
483 412 152
483 10 78
484 193 118
484 26 137
484 2 62
484 14 137
485 376 105
485 15 116
485 223 99
487 194 107
487 389 92
487 8 93
487 12 68
487 2 90
487 302 98
487 461 78
487 18 105
487 371 172
487 430 90
487 27 142
487 190 140
488 312 80
488 22 140
488 31 77
490 7 96
490 3 77
490 227 119
490 23 113
490 15 108
