82 321 88
82 20 92
82 13 92
82 28 89
83 192 98
83 443 89
83 38 86
84 384 97
84 0 91
84 2 81
84 5 83
84 297 94
84 335 133
84 26 76
84 28 79
85 6 75
85 8 88
85 269 157
85 247 92
85 347 141
85 31 79
86 24 147
86 13 141
86 110 143
86 37 88
88 129 80
88 2 145
88 35 155
88 36 81
88 101 100
88 456 96
88 299 94
88 181 93
88 28 127
89 308 76
89 20 90
89 5 131
89 182 151
89 31 67
90 16 97
90 17 96
90 3 99
90 245 147
92 160 81
92 34 68
92 451 85
92 230 133
92 8 85
92 10 83
92 491 93
92 15 81
92 18 77
92 83 92
92 285 77
92 447 82
93 36 133
93 19 99
93 23 92
93 26 92
93 477 69
93 415 82
94 96 137
94 227 141
94 39 84
94 200 129
94 419 86
94 219 83
95 113 93
95 19 78
95 5 88
95 38 143
95 23 87
96 3 92
96 209 102
96 426 137
96 467 87
96 378 86
97 384 83
97 16 104
97 10 96
99 36 79
99 297 87
99 367 89
99 18 91
99 245 104
99 470 93
99 27 86
99 21 137
100 0 91
100 481 84
100 35 104
100 10 106
100 3 69
100 212 84
100 117 103
100 443 96
100 21 135
100 31 92
101 20 89
101 266 74
101 4 135
101 39 141
102 488 94
102 233 108
102 206 80
102 19 141
102 276 81
102 462 88
102 22 104
102 279 79
102 28 141
102 286 97
103 105 75
103 266 102
103 12 81
103 462 84
103 22 84
103 30 89
104 26 90
104 35 85
104 4 87
104 287 82
105 0 98
105 392 94
105 30 106
105 406 73
106 32 86
106 33 91
106 7 83
106 13 67
106 404 153
106 182 95
107 32 80
107 17 135
107 217 98
107 14 81
107 112 95
110 409 86
110 3 89
110 36 96
110 38 72
110 39 94
110 266 81
110 7 74
110 275 133
110 180 77
110 406 78
110 23 83
110 20 73
111 16 147
111 25 89
111 95 97
112 27 90
112 237 73
112 23 83
113 104 137
113 17 65
113 2 143
113 35 153
113 219 86
114 40 97
114 329 83
114 15 131
114 467 81
114 28 87
114 29 71
115 165 90
115 6 84
115 358 123
115 359 98
116 24 84
116 20 90
116 7 76
117 8 87
117 469 82
119 0 125
119 135 131
119 20 99
119 231 88
121 39 71
121 7 131
121 12 96
121 13 82
121 303 104
121 408 137
121 249 125
121 29 79
121 31 143
123 5 143
123 487 87
123 343 149
123 242 91
123 20 81
123 183 99
123 25 77
126 2 86
126 9 75
126 11 81
126 269 80
126 24 129
126 31 155
127 420 83
127 26 85
127 19 84
127 244 131
127 35 82
129 33 74
129 3 145
129 30 98
129 6 97
129 7 71
130 1 80
130 5 79
130 38 73
130 39 92
130 10 71
130 428 89
130 176 94
130 436 149
130 152 133
130 409 94
131 19 74
131 5 85
131 487 100
132 1 81
132 7 135
132 202 81
132 430 75
132 116 89
132 22 99
132 28 86
133 297 94
133 275 96
133 36 89
133 38 131
133 300 86
134 0 96
134 35 86
134 4 145
134 236 139
134 16 79
134 213 87
134 215 87
134 27 131
135 96 86
135 5 83
135 490 75
135 174 97
135 241 86
135 20 135
136 35 98
136 7 81
136 10 82
136 17 127
136 21 121
136 25 133
136 27 73
136 412 125
137 27 81
138 24 63
138 146 96
138 35 78
138 30 83
139 24 64
139 344 88
139 237 92
140 225 75
140 34 88
140 261 94
140 7 81
140 12 75
140 303 143
140 345 82
141 25 84
141 106 88
141 22 69
141 337 92
142 32 92
142 192 77
142 386 69
142 36 151
142 1 80
142 268 95
142 464 93
142 27 75
142 29 84
144 0 81
144 38 83
144 9 95
144 12 79
144 306 139
144 21 131
145 140 77
146 481 83
146 268 137
146 18 82
146 247 92
146 90 81
146 28 98
146 479 129
147 0 97
147 274 90
147 3 77
147 23 102
148 107 81
148 367 139
148 20 98
148 378 87
148 463 103
148 29 88
149 296 103
149 33 98
149 362 82
149 38 79
149 16 73
150 130 85
150 31 89
150 461 84
150 15 90
150 217 108
150 27 89
150 287 88
151 33 96
151 203 90
151 12 100
151 5 148
151 13 94
152 4 72
152 487 96
152 360 81
152 175 83
152 168 139
152 84 91
152 282 145
152 27 137
154 233 76
154 10 85
154 475 100
154 100 153
154 318 71
155 2 82
155 20 78
155 234 92
155 86 85
155 245 72
156 25 119
156 10 147
156 436 135
156 14 74
157 131 101
157 453 86
157 15 129
157 466 133
157 215 149
157 349 157
158 0 90
158 96 86
158 36 79
158 37 70
158 464 104
158 19 76
158 318 77
158 94 78
159 24 71
159 9 139
159 19 81
159 212 71
159 6 100
160 2 83
160 5 84
160 10 88
160 15 125
160 20 86
160 374 87
160 474 109
160 478 92
162 40 74
162 329 88
162 426 160
162 147 86
162 5 79
163 97 87
163 3 92
163 197 87
163 39 78
163 335 84
163 144 80
163 181 143
163 439 88
163 26 87
165 0 92
165 4 97
165 9 96
165 394 87
165 16 135
165 247 90
167 9 96
167 133 98
167 102 153
168 11 151
168 29 89
169 192 90
169 35 80
169 37 139
169 263 143
169 107 154
169 208 102
169 246 110
169 197 86
170 0 87
170 346 147
170 316 90
170 6 85
170 263 82
172 4 77
172 133 102
172 8 81
172 40 91
172 18 85
172 375 145
172 24 97
172 31 78
173 466 92
173 6 88
173 238 93
173 207 103
174 11 91
174 113 89
174 210 96
174 155 93
175 329 75
175 117 77
175 5 85
175 415 151
176 33 77
176 37 84
176 199 77
176 18 84
176 467 101
176 26 91
176 28 81
177 408 96
177 9 113
178 32 129
178 1 87
178 2 133
178 227 86
178 36 92
178 38 71
178 264 101
178 13 87
178 386 143
178 249 82
179 345 145
179 34 88
179 131 94
179 33 90
179 415 89
180 480 145
180 165 79
180 365 88
180 22 88
180 216 90
180 316 102
180 93 98
180 31 147
182 35 82
182 38 95
182 105 141
182 467 97
182 16 137
182 419 145
183 480 87
183 1 91
183 457 77
183 237 89
183 205 87
183 272 80
183 25 84
184 322 90
184 8 85
184 11 145
184 17 131
184 18 135
184 339 147
184 200 79
184 414 92
186 9 73
186 29 131
186 13 88
186 4 93
186 297 81
187 20 86
187 116 79
187 28 84
187 31 83
188 352 87
188 39 90
188 19 84
188 20 141
188 25 72
188 475 81
189 0 91
189 35 86
189 10 86
189 13 76
189 17 92
189 466 87
189 468 77
189 283 97
189 330 98
190 33 92
190 146 90
190 5 141
190 38 85
190 343 100
191 11 92
191 33 133
191 363 87
191 147 89
191 180 89
192 16 149
192 25 137
192 5 129
192 253 81
192 23 61
193 5 73
193 422 82
193 297 74
193 395 72
193 21 158
193 343 79
193 28 80
194 32 135
194 12 75
195 321 100
195 294 82
195 417 92
195 12 86
195 466 100
195 443 100
197 16 82
197 7 82
197 403 86
197 327 90
198 0 82
198 1 92
198 35 141
198 36 135
198 37 151
198 32 149
198 360 131
198 412 90
198 30 77
198 5 94
200 18 100
200 135 89
200 92 143
200 15 147
201 0 77
201 6 82
201 38 71
201 486 86
201 9 89
201 14 83
201 485 89
202 456 75
202 481 87
202 226 77
202 28 76
202 345 80
203 443 103
203 436 80
203 29 70
203 30 88
204 384 86
204 33 135
204 36 92
204 39 81
204 423 96
204 25 84
204 186 137
205 32 95
205 34 81
205 475 89
205 38 79
205 10 74
205 241 85
205 466 102
205 21 106
205 22 91
205 121 153
205 27 131
205 415 73
206 0 86
206 13 143
206 17 84
206 339 135
206 220 87
206 29 133
206 30 86
207 114 98
207 26 79
208 2 81
208 27 127
208 10 100
208 30 90
209 225 87
209 10 96
209 443 94
209 485 85
210 32 82
210 1 84
210 451 78
210 4 93
210 390 151
210 167 120
210 208 96
210 18 81
210 83 83
210 25 101
210 284 96
210 3 162
211 1 99
211 2 141
211 10 74
211 12 82
211 194 84
211 27 77
212 1 90
212 34 74
212 355 141
212 5 86
212 140 92
212 88 91
212 30 78
212 24 83
212 37 79
212 158 143
212 223 69
213 3 96
213 14 82
213 38 96
213 5 170
214 394 147
214 11 96
214 30 143
214 7 141
215 321 139
215 305 135
215 392 81
215 14 150
215 337 127
215 88 80
215 379 74
215 317 85
216 25 84
216 3 88
216 7 83
217 160 93
217 34 79
217 14 91
218 34 88
218 35 72
218 39 93
218 8 89
218 333 86
218 15 83
218 304 95
218 25 145
218 28 69
219 0 147
219 1 102
219 425 96
219 234 92
219 11 78
219 137 89
219 184 88
220 35 139
220 38 72
220 12 89
220 13 141
220 23 84
220 26 88
220 219 92
221 227 97
221 261 87
221 197 78
221 15 94
221 36 145
221 28 86
221 165 80
222 417 88
222 2 78
223 33 97
223 322 151
223 8 129
223 426 100
223 365 74
223 14 81
223 18 73
223 10 135
223 30 82
225 449 92
225 2 84
225 34 100
225 13 141
225 24 87
225 26 82
225 92 89
226 0 81
226 34 89
226 9 87
226 10 145
226 19 77
226 468 85
226 170 97
227 36 83
227 200 90
227 11 88
227 12 75
227 21 67
227 439 94
227 25 94
227 27 145
229 2 141
229 451 94
229 39 77
229 40 164
229 13 92
229 14 129
229 207 90
229 8 89
229 21 96
229 26 92
229 15 129
229 316 74
229 413 92
229 30 85
230 454 95
230 16 98
230 21 102
230 22 85
230 312 90
230 287 84
231 36 74
231 35 123
231 316 89
231 462 137
233 34 143
233 351 116
233 29 81
233 23 90
234 392 69
234 354 101
234 5 82
234 414 79
234 39 151
235 193 90
235 2 80
235 155 77
235 10 85
235 12 71
235 16 76
235 312 85
235 26 87
235 347 86
236 35 92
236 3 80
236 28 88
236 249 93
237 194 77
237 34 84
237 38 86
237 172 129
237 322 79
237 240 102
237 89 102
237 31 77
238 347 77
238 229 100
238 29 67
240 272 95
240 33 131
240 18 147
240 15 123
241 454 78
241 236 81
241 113 135
241 466 87
241 20 95
241 279 141
241 443 85
242 356 93
242 14 89
242 468 98
242 438 145
242 23 85
242 24 75
242 36 82
243 1 85
243 35 90
243 6 79
243 360 90
243 3 74
243 155 139
243 31 83
244 217 88
244 26 82
244 394 141
245 26 76
245 333 89
245 31 78
246 2 84
246 31 90
247 32 84
247 440 141
248 491 92
248 357 82
248 391 133
248 106 101
248 11 94
248 26 86
248 475 75
248 477 93
249 33 92
249 36 98
249 231 141
249 139 73
249 305 94
249 18 84
249 20 154
249 28 92
251 37 71
251 7 82
253 25 137
253 378 101
253 26 90
253 210 74
253 6 127
254 321 89
254 2 84
254 36 87
254 485 83
254 335 82
254 16 80
254 19 84
254 347 98
255 33 92
255 482 92
255 13 149
255 7 78
257 1 135
257 11 84
257 6 71
257 447 90
258 32 133
258 358 77
258 10 80
258 16 84
258 151 78
258 121 137
258 31 145
261 0 73
261 36 83
261 40 133
261 380 82
261 117 82
261 407 73
261 28 102
262 11 71
262 19 92
262 31 73
263 126 120
263 102 93
263 6 149
263 206 92
264 8 84
264 40 139
264 29 86
264 38 135
264 150 90
265 20 78
265 26 88
265 195 95
265 4 87
265 305 133
266 288 78
266 291 79
266 15 84
266 113 145
266 276 85
266 22 91
266 28 97
266 31 101
267 390 93
267 8 75
267 334 91
267 16 135
267 18 98
267 149 82
267 27 77
268 0 87
268 289 76
268 2 87
268 35 137
268 5 74
268 8 81
268 13 89
268 373 88
268 29 104
268 117 127
269 200 89
269 425 86
269 172 97
269 15 69
269 470 78
269 9 92
269 28 86
269 329 99
272 203 93
272 28 83
272 37 75
272 487 84
273 8 97
273 449 89
273 175 100
274 32 97
274 1 131
274 131 135
274 209 97
274 15 75
274 17 69
274 480 139
274 26 147
274 335 93
275 36 81
275 37 76
275 40 78
275 333 129
275 408 84
275 26 83
275 27 81
276 16 98
276 34 89
276 4 78
276 7 92
277 16 67
277 22 79
278 34 135
278 4 84
278 136 91
278 9 105
278 27 68
278 222 88
279 258 88
279 467 155
279 38 139
279 22 92
279 389 83
280 27 75
280 277 89
280 454 82
280 461 127
281 219 105
281 29 63
281 14 81
281 310 81
281 191 133
282 0 90
282 38 98
282 39 94
282 8 101
282 9 79
282 20 81
282 29 117
283 320 102
283 193 98
283 2 90
283 5 127
283 0 68
283 10 92
283 406 153
283 28 84
283 31 98
284 1 84
284 34 75
284 410 85
284 150 137
285 1 137
285 2 85
285 4 100
285 211 105
285 141 92
285 334 95
285 19 95
286 3 141
286 166 83
286 8 80
286 15 143
286 146 81
286 148 78
286 23 76
287 339 137
287 2 125
287 3 133
287 26 85
288 32 88
288 480 89
288 2 100
288 99 96
288 356 92
288 129 89
288 13 86
288 308 67
288 279 91
288 340 91
289 267 123
289 17 83
289 20 92
289 343 135
289 440 89
289 27 83
289 316 88
290 24 85
290 119 93
290 31 63
291 18 74
291 36 83
291 229 71
291 39 133
292 160 133
292 7 84
292 10 83
292 16 91
292 374 79
292 25 83
292 251 133
292 29 82
294 324 85
294 230 102
294 484 69
294 309 106
294 22 145
294 25 70
294 218 80
294 95 93
296 35 127
296 5 86
296 10 73
296 14 88
296 22 70
296 26 81
296 30 79
297 362 87
297 322 85
297 165 92
297 22 83
299 20 98
299 4 67
299 14 147
300 290 86
300 37 137
300 391 71
300 16 133
300 275 131
300 469 86
300 280 98
302 0 72
302 35 81
302 420 88
302 140 143
302 131 137
302 255 135
303 40 149
303 300 82
303 29 67
303 38 87
303 23 98
304 32 88
304 322 145
304 435 77
304 356 83
304 229 131
305 1 137
305 10 75
305 411 73
305 37 73
305 22 139
306 394 77
306 92 88
306 38 78
306 22 93
308 4 85
308 40 147
308 396 71
308 115 85
308 149 95
308 26 74
309 17 86
309 3 69
309 37 73
309 6 74
309 101 145
310 32 89
310 1 84
310 5 87
310 40 79
310 396 137
310 251 94
312 33 88
312 2 86
312 39 75
312 363 141
312 213 85
312 7 82
312 30 83
314 20 141
314 21 90
314 30 87
314 37 87
315 16 69
315 95 84
316 24 77
316 25 79
316 12 92
316 181 99
317 424 108
317 137 143
317 5 143
317 0 151
318 0 83
318 33 149
318 35 85
318 306 81
318 22 82
318 31 69
319 387 90
319 38 67
319 231 79
319 371 143
319 84 79
319 24 127
319 25 141
320 24 79
320 32 76
320 28 82
320 5 150
320 149 80
321 237 73
321 216 88
321 403 129
321 13 75
321 31 92
322 8 82
322 267 76
322 254 139
322 310 73
322 28 88
322 126 70
324 4 85
324 198 65
324 14 86
324 18 97
324 19 78
324 27 87
325 480 83
325 257 73
325 34 143
325 40 70
325 15 88
325 16 129
325 25 68
325 207 131
325 317 88
327 8 84
327 169 84
327 23 90
329 176 76
329 40 77
329 443 88
329 420 87
329 7 75
330 136 131
330 35 87
330 84 94
330 478 141
330 454 96
331 264 141
331 32 86
331 458 91
333 0 85
333 480 133
333 225 87
333 463 86
333 17 73
333 20 63
333 183 92
334 36 83
334 12 131
334 345 143
334 217 87
334 186 95
334 28 75
334 31 127
335 5 149
335 461 131
335 144 78
335 18 75
335 19 69
335 30 71
335 485 86
337 9 67
337 11 85
337 14 82
337 174 141
337 187 145
337 253 98
338 16 84
338 297 83
338 460 73
338 306 96
338 176 81
338 210 90
338 90 100
338 30 127
339 19 78
339 305 95
339 34 76
339 3 87
339 17 69
340 138 71
340 21 139
340 6 100
340 23 79
341 130 108
341 7 74
341 401 145
341 19 75
341 149 86
341 23 81
342 8 129
342 25 75
342 11 98
342 310 87
342 22 72
343 1 75
343 36 84
343 38 141
343 17 96
343 150 106
343 440 65
344 485 88
344 38 84
344 306 90
344 113 106
344 114 102
344 22 84
344 184 79
344 25 147
344 191 87
345 32 73
345 360 83
345 39 76
345 8 72
345 17 96
345 82 78
346 344 73
346 17 77
346 254 96
347 288 86
347 34 135
347 456 99
347 426 102
347 333 87
347 136 94
347 19 88
347 440 88
347 218 135
347 26 82
349 8 87
349 387 90
349 445 94
351 40 74
351 83 99
351 107 75
351 268 81
351 31 93
352 16 70
352 331 100
352 10 89
352 11 164
352 30 80
354 40 80
354 218 93
354 214 77
354 38 84
354 39 93
355 265 143
355 37 79
355 29 85
355 349 83
356 6 81
356 327 87
356 8 76
356 13 89
356 21 81
356 24 137
356 409 85
357 449 131
357 7 77
357 14 81
357 15 90
357 24 93
357 443 83
358 17 87
358 35 92
358 28 68
358 265 78
358 487 73
359 456 84
359 436 69
359 3 92
359 484 82
359 20 104
360 36 81
360 37 78
360 7 137
360 19 73
360 21 86
360 439 72
360 283 145
361 261 67
361 199 147
361 235 98
361 20 81
361 21 83
361 281 76
361 378 145
361 229 86
362 25 79
362 322 65
362 100 78
362 422 86
363 33 91
363 3 77
363 9 83
363 435 93
363 24 85
363 26 74
364 24 137
364 217 145
364 16 88
364 15 127
365 36 139
365 40 93
365 330 145
365 337 90
365 181 89
365 374 85
367 17 69
367 476 87
367 21 135
367 406 84
367 308 92
371 9 85
371 10 79
371 300 86
371 2 90
372 32 86
372 426 80
372 172 151
372 338 155
372 20 73
372 447 102
372 31 98
373 305 98
373 13 80
373 7 82
374 7 86
374 460 92
374 334 86
374 221 135
374 30 98
374 287 85
375 0 90
375 35 141
375 5 75
375 6 81
375 266 145
375 11 99
375 365 141
375 17 80
375 378 143
375 29 123
375 415 86
377 1 81
377 134 83
377 266 141
377 17 131
377 378 78
377 94 72
378 4 77
378 39 70
378 40 82
378 10 79
378 110 131
378 465 91
378 379 86
379 2 84
379 4 81
379 5 139
379 299 82
379 142 75
379 16 125
379 210 71
380 97 74
380 133 106
380 8 96
380 425 83
380 299 88
380 337 78
380 19 85
380 21 86
380 22 80
380 190 92
383 289 89
383 7 89
383 445 137
383 377 87
384 11 82
384 10 95
384 27 79
384 39 86
386 355 94
386 40 74
386 18 86
386 115 75
386 282 93
386 30 98
387 456 88
387 26 85
387 395 88
387 38 137
387 23 91
389 354 87
389 258 87
389 394 85
389 35 94
389 37 87
390 0 94
390 40 95
390 9 99
390 341 92
390 186 86
390 444 84
390 29 78
391 35 149
391 37 79
391 5 82
392 2 82
392 100 93
392 39 137
392 104 78
392 20 92
392 28 85
393 5 81
393 6 74
393 465 79
393 18 137
393 247 139
393 27 135
393 31 97
394 17 90
394 201 129
395 320 137
395 449 85
395 200 80
395 9 143
395 11 137
395 8 81
395 23 71
396 27 81
396 7 76
396 8 129
396 107 145
396 15 75
396 244 151
396 379 89
396 188 90
398 35 75
398 36 87
398 37 65
398 198 150
398 9 143
398 15 89
398 115 97
398 18 87
398 19 96
398 22 79
398 312 88
398 222 69
398 197 81
399 12 76
399 26 93
399 347 78
399 20 71
399 13 84
401 11 81
401 403 89
401 39 135
403 8 73
403 265 92
403 34 102
403 1 94
403 17 127
404 36 141
404 8 72
404 14 92
404 15 69
404 216 135
404 25 79
404 27 94
404 28 95
405 2 78
405 204 137
405 140 102
405 34 70
405 18 76
405 22 72
405 471 133
405 280 87
405 31 95
406 386 102
406 36 102
406 39 102
406 136 129
406 9 83
406 354 85
406 132 145
407 9 83
407 378 83
408 3 149
408 36 143
408 262 71
408 266 77
408 396 87
408 17 81
408 227 79
408 316 89
408 30 129
409 299 80
409 7 80
409 11 81
409 13 92
409 19 83
409 29 82
410 2 87
410 466 77
410 6 96
410 29 89
411 420 75
411 7 67
411 329 88
411 173 73
411 407 94
411 24 76
411 31 92
412 17 81
412 306 80
413 101 91
413 40 95
413 296 87
413 20 80
413 342 91
413 29 72
414 16 83
414 19 87
414 14 145
415 16 127
415 39 84
415 331 97
415 12 149
415 23 82
417 0 101
417 13 135
417 286 149
417 29 77
419 146 83
419 3 92
419 36 73
419 229 141
419 13 145
420 425 102
420 6 131
420 412 91
420 5 81
420 30 78
421 16 89
421 19 79
421 116 100
421 13 87
422 200 89
422 10 84
422 24 133
422 154 85
422 28 100
422 29 74
422 31 94
423 0 81
423 229 94
423 142 91
423 16 73
423 119 96
423 94 77
424 33 81
424 4 83
424 5 91
424 40 79
424 435 74
424 20 79
424 28 79
424 30 99
425 34 86
425 7 82
425 8 100
425 233 86
425 40 80
425 404 147
426 8 74
426 106 147
428 32 95
428 1 75
428 101 94
428 8 101
428 170 93
428 15 83
428 119 100
428 410 131
430 2 85
430 387 111
430 4 83
430 134 70
430 9 85
430 11 79
430 19 78
431 33 75
431 38 82
431 12 79
431 176 82
431 82 135
431 340 86
431 23 79
431 30 93
433 105 131
433 30 137
435 484 88
435 37 70
435 488 96
435 491 85
435 247 83
435 286 90
436 17 129
436 28 72
436 273 81
437 352 98
437 35 101
437 460 133
437 477 88
437 13 147
438 192 80
438 2 152
438 35 73
438 111 75
438 303 83
438 19 85
438 443 85
438 30 143
439 162 91
439 6 75
439 168 76
439 234 95
439 424 82
439 249 133
440 0 86
440 32 87
440 27 137
440 134 92
441 32 89
441 417 75
441 335 80
441 20 88
441 278 89
441 343 88
441 30 143
441 287 81
443 3 102
443 324 70
443 12 83
443 240 104
443 88 93
443 25 90
444 4 77
444 39 143
444 10 82
444 309 82
444 28 71
444 30 73
445 483 73
445 100 78
445 405 93
445 422 86
447 3 75
447 357 77
447 277 83
447 86 89
447 29 80
447 5 135
449 35 83
449 4 82
449 38 87
449 13 80
449 403 143
449 475 94
450 30 93
450 7 88
451 32 133
451 384 71
451 23 85
453 8 147
453 146 104
453 151 139
453 36 86
453 447 75
454 1 84
454 34 97
454 37 84
454 13 78
454 334 90
454 26 80
454 187 83
454 29 76
456 0 85
456 193 72
456 3 89
456 5 92
456 104 85
456 14 96
456 8 82
456 21 123
456 22 83
457 226 76
457 8 67
457 11 94
457 238 83
457 477 79
457 148 85
457 151 82
457 317 92
457 30 108
458 280 92
458 10 137
458 19 85
458 154 85
458 14 94
460 32 78
460 162 87
460 5 85
460 38 91
460 40 147
460 290 84
460 12 137
460 13 83
460 17 81
460 276 145
460 383 96
461 6 65
461 140 84
461 12 96
461 16 94
461 20 85
461 310 91
461 23 81
461 345 95
461 314 141
462 226 86
462 424 71
462 330 89
462 20 94
462 21 98
462 490 99
462 318 71
463 23 90
463 380 98
463 5 80
463 15 75
464 17 93
464 1 86
464 417 137
465 5 95
465 6 137
465 9 85
465 374 137
465 26 77
465 223 72
465 37 131
465 318 80
465 31 89
466 197 79
466 38 91
466 488 75
466 297 148
466 10 84
466 19 71
466 154 90
466 28 77
466 30 81
467 35 82
467 8 137
467 202 92
467 403 145
467 28 127
467 31 95
468 6 73
468 413 92
468 20 90
468 27 151
468 284 86
468 29 71
469 152 80
469 20 93
469 35 93
469 308 96
469 23 141
470 36 90
470 198 88
470 246 86
470 408 151
470 4 131
470 27 135
471 0 135
471 2 96
471 4 79
471 6 83
471 393 84
471 11 85
471 12 84
471 18 84
471 178 97
471 25 100
471 28 96
472 2 79
472 40 81
472 206 100
472 29 82
472 17 145
472 310 85
472 431 83
472 189 92
474 17 61
474 186 88
474 19 67
474 165 98
474 321 79
475 194 77
475 4 72
475 38 121
475 34 90
475 306 92
475 22 73
475 345 73
476 17 90
476 463 91
476 14 71
476 9 141
477 19 76
477 475 91
477 36 127
478 4 101
478 5 86
478 294 69
478 9 85
478 10 73
478 491 89
478 15 78
478 36 90
479 4 102
479 491 102
479 22 153
479 375 93
479 217 102
479 191 149
480 101 73
480 234 98
480 12 86
480 431 104
480 399 92
480 22 73
480 15 82
480 31 87
481 1 102
481 34 133
481 35 147
481 15 141
481 19 83
481 21 129
481 409 149
481 26 83
481 187 89
481 93 104
482 299 73
482 188 83
482 21 95
482 406 93
482 7 90
483 11 77
483 18 123
483 107 90
483 486 139
483 23 105
484 291 166
484 5 86
484 360 87
484 106 82
484 349 137
484 23 76
484 399 93
484 10 92
485 354 81
485 138 88
485 2 155
485 13 80
485 15 139
485 24 90
485 28 83
485 158 145
486 386 70
486 11 135
486 374 96
486 30 94
486 21 133
487 480 77
487 16 80
487 10 141
487 443 101
487 17 131
488 468 81
488 310 102
490 16 87
490 11 67
490 251 129
490 212 125
490 30 76
491 280 91
491 160 86
491 12 99
491 13 74
491 207 94
