88 394 91 150
88 30 182 150
88 22 81 150
89 97 201 150
89 100 97 150
89 10 100 150
89 19 107 1000
89 30 86 1000
89 22 112 150
89 23 102 300
89 478 96 300
89 31 94 150
90 299 110 300
90 14 192 150
90 16 203 1000
90 273 101 1000
90 20 102 150
90 22 88 300
90 25 100 1000
90 26 99 150
90 412 88 1000
91 11 213 150
91 7 91 1000
91 299 157 1000
91 177 195 150
91 465 97 150
91 35 101 150
91 309 105 150
92 98 117 1000
92 3 115 150
92 5 124 150
92 11 223 1000
92 108 108 150
92 17 90 150
92 409 88 1000
93 203 107 1000
93 14 117 150
93 23 96 1000
95 27 205 300
95 12 128 150
95 29 96 1000
95 31 108 150
96 33 83 150
96 36 114 1000
96 5 104 1000
96 17 179 1000
96 18 94 150
96 19 147 150
97 14 121 150
97 341 201 1000
97 24 132 150
97 26 93 1000
97 30 86 150
97 21 101 1000
98 35 134 150
98 5 219 150
98 8 111 1000
98 458 184 150
98 11 118 1000
98 15 109 150
98 24 128 1000
98 346 112 150
99 37 237 1000
99 39 102 300
99 19 88 150
99 23 97 150
99 249 133 150
99 220 106 1000
100 32 116 150
100 291 104 150
100 38 115 150
100 39 93 150
100 10 104 150
100 18 111 300
100 22 83 1000
100 42 129 150
101 218 168 1000
101 382 109 150
101 141 122 150
101 302 125 150
101 21 95 150
104 34 84 300
104 38 98 150
104 6 145 150
104 22 171 1000
104 382 121 150
104 511 221 300
105 11 99 300
105 40 104 150
105 35 218 150
105 4 135 1000
105 13 104 150
106 2 97 1000
106 42 116 150
106 30 135 150
107 8 94 150
107 0 122 150
107 34 113 150
107 251 211 150
108 33 90 1000
108 42 114 1000
108 27 111 1000
108 9 108 150
109 33 99 150
109 402 102 150
109 36 94 1000
109 39 96 1000
111 6 109 1000
111 7 96 150
111 525 86 1000
111 495 100 300
111 18 117 1000
111 31 100 1000
112 371 177 150
112 12 117 150
112 38 127 150
112 207 87 1000
112 243 134 150
113 3 100 150
113 41 85 1000
113 42 128 1000
113 11 97 150
113 13 125 150
113 387 180 1000
113 22 81 1000
113 265 173 150
113 27 94 150
113 31 91 1000
115 11 160 1000
115 43 74 300
115 30 151 1000
116 1 111 300
116 452 106 300
116 161 179 1000
116 305 113 1000
116 21 113 1000
116 23 102 1000
116 4 107 150
117 34 145 1000
117 41 104 150
117 18 99 300
117 20 150 150
117 23 145 150
117 29 122 150
118 35 99 1000
118 4 156 150
118 37 164 150
118 6 96 150
118 42 101 1000
118 270 179 150
118 38 125 300
118 30 158 300
120 32 80 1000
120 3 97 150
120 42 177 1000
120 14 90 1000
120 24 186 1000
120 27 106 150
120 29 109 150
121 34 118 1000
121 43 106 150
121 38 110 1000
121 39 98 150
122 26 86 1000
124 0 111 150
124 34 67 1000
124 39 83 1000
124 7 97 150
124 154 154 150
124 30 148 150
125 32 102 1000
125 33 111 150
125 39 92 150
125 41 92 150
125 135 106 150
125 297 106 150
125 24 106 1000
126 422 165 150
126 41 91 150
126 370 88 150
126 26 76 150
126 28 95 1000
126 31 163 1000
128 160 91 150
128 40 100 150
128 42 122 150
128 401 103 1000
128 19 107 1000
128 25 192 1000
128 26 117 1000
129 35 94 150
129 6 98 1000
129 42 115 150
129 43 87 150
129 12 109 150
129 15 115 150
129 30 122 1000
130 11 110 300
130 19 116 150
130 23 94 150
130 25 112 1000
130 30 94 1000
130 31 126 150
131 17 197 150
131 36 96 1000
131 4 116 150
133 3 109 150
133 520 109 1000
133 233 167 1000
133 19 114 150
133 25 92 150
133 28 81 150
135 100 110 1000
135 5 95 300
135 38 114 1000
135 295 101 150
135 43 75 1000
135 15 99 150
135 18 216 150
137 0 101 150
137 9 190 150
137 10 87 1000
137 373 233 150
137 23 90 150
137 25 108 300
138 32 99 1000
138 2 109 150
138 11 115 150
138 167 187 1000
138 43 91 150
138 28 116 150
140 92 134 150
140 401 131 1000
140 476 122 1000
140 22 153 1000
141 29 141 300
142 34 91 300
142 37 109 1000
142 8 116 150
142 41 99 1000
142 13 116 1000
142 154 88 150
143 514 113 150
143 35 93 150
143 293 99 150
143 262 94 150
143 143 92 150
143 19 97 1000
143 30 99 1000
144 15 101 300
144 508 100 1000
144 37 98 300
144 5 176 1000
145 12 156 1000
145 28 106 150
145 37 123 150
145 14 125 1000
146 9 120 150
146 27 98 150
146 20 100 1000
146 28 158 150
146 41 178 150
148 267 157 1000
148 8 98 150
148 2 84 150
148 11 90 1000
148 38 90 150
151 2 117 1000
151 3 160 300
151 11 83 150
151 12 118 1000
151 18 83 150
151 242 168 150
151 307 92 300
151 409 82 150
151 351 112 1000
152 43 80 150
152 38 145 300
152 9 87 1000
152 11 129 150
152 19 117 150
152 346 92 150
154 16 163 1000
154 27 83 150
154 22 145 1000
154 38 137 150
154 21 96 1000
155 28 86 1000
155 18 134 1000
155 3 180 150
155 20 85 300
155 26 144 150
156 1 117 1000
156 35 88 150
156 12 94 150
156 140 165 150
156 25 99 150
156 505 83 1000
156 95 119 150
157 34 77 150
157 310 124 1000
158 32 206 1000
158 33 181 1000
158 34 158 1000
158 389 113 150
158 6 91 150
158 430 80 150
158 24 179 300
159 22 84 300
159 444 132 150
159 189 157 300
159 14 103 150
159 511 119 150
160 32 91 1000
160 6 103 300
160 38 113 150
160 13 116 150
160 15 143 1000
160 16 170 150
161 18 84 150
161 39 79 1000
162 352 88 1000
162 38 184 150
162 519 92 1000
162 14 90 150
162 498 109 150
162 185 90 150
162 217 137 1000
162 30 80 150
164 41 83 150
164 10 79 1000
164 396 167 150
164 14 116 150
164 12 108 150
166 37 117 1000
166 518 102 150
166 39 167 300
166 203 96 150
166 17 85 150
166 24 95 150
166 25 100 1000
166 26 79 150
166 5 139 300
167 356 88 1000
167 37 92 150
167 13 145 150
167 373 78 150
167 100 117 1000
167 27 81 1000
171 24 206 1000
171 16 91 150
171 10 177 1000
171 23 134 150
172 288 105 150
172 3 80 1000
172 5 207 1000
172 361 93 150
172 35 104 150
172 90 105 300
172 27 194 1000
172 29 109 1000
173 519 220 300
173 8 122 1000
173 41 193 150
173 43 104 1000
173 19 95 150
173 118 127 1000
174 2 138 1000
174 39 100 1000
174 201 99 1000
174 462 101 150
174 24 171 150
174 89 200 1000
175 17 95 150
175 154 119 150
175 26 123 1000
175 401 91 1000
176 34 92 300
176 7 130 150
176 42 107 150
176 43 86 1000
176 13 128 1000
176 21 90 150
176 24 107 300
176 28 108 150
176 213 109 150
177 1 244 1000
177 38 105 1000
177 6 102 150
177 8 187 1000
177 10 109 1000
177 24 92 300
179 97 106 1000
179 39 185 150
179 9 157 1000
179 12 206 1000
179 15 93 1000
179 113 104 150
179 440 98 150
179 463 99 150
180 0 104 150
180 1 190 1000
180 5 87 1000
180 38 127 1000
180 13 113 150
180 206 110 1000
180 217 223 1000
182 1 86 300
182 228 145 1000
182 39 76 150
182 42 123 150
182 12 121 150
182 13 153 150
182 36 100 150
182 31 115 150
183 3 84 1000
183 36 153 1000
183 41 115 150
183 43 145 150
183 242 95 1000
183 35 166 1000
183 20 182 150
183 377 146 150
183 24 114 1000
183 212 124 150
183 412 101 150
184 16 115 1000
184 43 84 150
185 41 145 1000
185 42 120 1000
185 11 83 1000
185 29 91 1000
185 333 106 300
186 41 89 1000
186 26 113 150
186 3 131 150
186 205 167 1000
186 271 92 150
188 30 138 150
188 31 108 1000
189 1 90 1000
189 40 178 150
189 41 145 150
189 24 123 150
189 26 112 150
189 31 123 150
190 1 185 1000
190 34 121 1000
190 36 112 300
190 33 119 150
190 7 99 1000
190 9 227 1000
190 17 169 1000
190 116 113 150
190 23 114 1000
190 24 173 150
190 25 98 1000
190 26 108 150
190 316 95 150
190 30 117 1000
192 393 249 1000
192 34 246 150
192 28 88 150
193 11 228 150
193 18 109 1000
193 443 130 1000
193 23 87 1000
194 2 124 150
194 5 122 1000
194 40 107 1000
194 10 92 150
194 509 124 150
194 276 103 150
194 29 206 1000
194 318 116 150
195 89 101 1000
195 2 107 150
195 260 102 1000
195 378 112 1000
195 353 126 150
198 502 117 150
198 9 116 300
198 14 113 150
198 17 100 1000
198 20 187 300
198 22 117 150
198 148 105 1000
198 29 95 1000
198 31 114 300
199 200 114 1000
199 14 88 150
199 399 96 300
200 0 104 150
200 1 97 1000
200 166 111 150
200 40 144 1000
200 105 104 1000
200 10 135 300
200 14 103 1000
200 16 113 1000
200 185 159 1000
201 164 141 150
201 7 121 1000
202 32 76 1000
202 35 138 1000
202 37 112 150
202 7 111 150
202 3 174 150
202 26 178 1000
202 30 114 150
203 211 148 150
203 13 119 1000
204 32 105 1000
204 41 98 1000
205 33 219 150
205 2 92 150
205 195 99 1000
205 164 111 150
205 8 134 150
205 9 92 150
205 364 113 1000
205 302 182 150
205 144 109 150
205 465 177 300
205 179 104 1000
205 468 99 150
205 41 109 150
205 24 143 150
205 155 152 1000
205 28 93 150
206 482 81 150
206 36 108 1000
206 5 97 1000
206 316 96 1000
206 24 99 1000
206 28 198 1000
206 31 179 150
207 41 199 300
207 485 118 150
207 121 141 1000
208 8 115 150
208 1 113 1000
208 525 118 150
208 461 176 1000
210 8 110 1000
210 17 182 1000
210 33 138 300
210 23 123 1000
211 320 122 150
211 33 241 1000
211 34 183 1000
211 9 134 1000
211 10 135 150
211 13 120 300
211 347 113 150
212 36 102 1000
212 261 108 1000
212 15 125 1000
212 309 129 150
212 25 151 1000
212 5 145 1000
213 32 173 1000
213 1 148 150
213 3 104 150
213 12 274 1000
213 14 121 1000
213 144 143 150
213 28 220 150
214 24 140 1000
214 0 111 150
214 28 137 150
214 29 103 1000
214 270 139 150
216 0 201 150
216 321 127 150
216 3 132 150
216 16 235 150
216 23 227 1000
216 27 203 150
217 33 111 1000
217 294 126 150
217 37 203 1000
217 6 127 150
217 208 246 150
217 16 121 300
217 5 151 150
218 208 159 150
218 1 104 150
218 20 103 300
218 6 124 150
218 25 107 1000
219 32 173 150
219 4 162 150
219 41 213 150
219 398 106 150
219 17 203 150
219 19 204 150
219 25 198 150
220 0 113 150
220 1 156 300
220 23 119 150
220 25 123 150
220 284 143 150
220 29 131 1000
220 30 186 1000
221 1 131 150
221 40 202 1000
221 19 115 300
221 21 117 1000
221 30 108 150
221 319 152 150
222 128 122 150
222 37 109 1000
222 39 160 1000
222 10 169 150
222 12 130 1000
222 303 107 300
222 19 194 300
222 31 183 1000
224 336 164 150
224 17 223 1000
224 11 115 150
224 333 128 150
224 158 216 1000
225 1 161 150
225 7 130 150
225 359 95 150
225 13 128 150
225 15 119 150
225 17 99 1000
225 339 115 1000
225 24 131 150
225 152 209 1000
226 8 177 1000
226 25 123 300
226 403 146 1000
226 9 142 1000
227 3 135 150
227 4 162 300
227 9 110 150
227 42 177 1000
227 18 202 1000
227 378 212 150
227 29 225 1000
228 19 117 300
228 35 93 150
228 430 111 1000
228 494 113 1000
231 33 217 150
231 43 90 1000
231 6 93 1000
231 305 200 150
232 216 163 150
232 97 150 150
232 28 211 1000
232 36 152 1000
233 5 161 150
233 6 106 150
233 40 102 1000
233 10 120 150
233 11 114 1000
233 13 137 300
233 151 229 150
233 42 100 150
234 184 129 150
234 42 121 1000
234 35 93 1000
234 2 251 150
236 384 101 150
236 1 209 150
236 485 185 150
236 422 126 1000
236 11 166 1000
236 13 135 1000
236 277 99 1000
236 0 103 1000
236 341 108 150
237 9 115 1000
237 426 131 150
237 35 89 150
237 5 206 150
237 39 178 150
238 40 215 300
238 33 120 150
238 43 94 150
238 5 209 150
238 22 172 1000
240 39 116 1000
240 205 222 1000
240 141 216 150
241 33 111 150
241 35 120 150
241 7 111 1000
241 14 130 150
241 18 116 150
241 23 109 300
242 5 114 1000
242 40 116 1000
242 11 111 150
242 16 106 300
242 17 119 150
242 509 148 1000
243 129 125 1000
243 6 120 150
243 33 97 300
243 463 114 150
243 18 103 150
243 21 135 1000
244 192 121 300
244 37 121 1000
244 43 94 150
244 15 114 1000
244 22 222 1000
244 26 160 300
244 27 101 150
244 346 142 300
244 5 199 150
245 2 119 1000
245 3 196 150
245 40 141 1000
245 173 108 150
245 174 97 1000
245 495 138 1000
245 16 109 150
245 21 103 150
245 23 182 1000
245 30 95 1000
246 248 262 150
246 39 113 300
247 35 111 1000
247 38 100 150
247 263 132 150
247 335 137 1000
247 372 162 1000
247 26 125 1000
248 402 115 300
248 2 148 150
248 20 163 150
248 93 131 1000
248 431 104 150
249 0 154 1000
249 307 107 1000
249 2 95 150
249 43 133 150
249 37 189 1000
250 0 139 1000
250 21 110 150
251 43 86 150
251 28 227 1000
251 37 121 1000
251 13 222 150
252 33 154 1000
252 38 95 1000
252 6 119 1000
252 17 99 1000
252 29 116 1000
252 37 113 1000
253 24 122 150
253 463 123 1000
253 111 198 150
254 12 140 1000
254 15 109 150
255 11 121 1000
255 5 201 150
255 41 148 150
255 43 96 1000
255 17 124 150
255 24 231 150
258 0 195 1000
258 25 94 1000
258 2 87 1000
258 309 87 1000
258 15 98 300
260 32 115 1000
260 1 123 1000
260 130 200 150
260 36 189 150
260 37 141 150
260 265 108 1000
260 333 94 150
260 20 145 150
260 21 231 150
260 41 136 150
261 32 77 150
261 7 115 1000
261 11 122 150
261 12 114 1000
261 25 230 300
261 31 104 150
262 329 125 1000
262 291 225 1000
262 31 121 150
263 519 122 1000
263 41 89 1000
263 204 104 1000
263 15 133 150
263 210 131 1000
263 20 145 150
263 31 121 150
265 1 123 150
265 38 238 1000
265 7 166 150
265 12 129 150
265 13 120 1000
265 14 123 1000
265 19 107 1000
266 18 100 150
266 4 243 1000
266 29 173 150
266 469 99 150
267 35 159 1000
267 13 229 1000
267 17 96 150
267 21 92 1000
267 26 120 150
267 476 106 150
267 509 136 150
267 255 112 1000
268 320 114 150
268 8 97 150
268 42 102 300
268 11 121 1000
268 15 125 150
268 25 128 150
268 26 102 150
269 10 218 300
269 3 114 150
269 300 130 150
269 5 92 1000
270 31 108 1000
270 499 96 150
270 333 125 150
270 431 113 150
271 482 86 1000
271 36 203 1000
271 22 96 150
272 32 125 1000
272 89 90 150
272 402 117 1000
272 27 122 300
273 24 131 150
273 43 183 150
273 29 137 150
273 31 109 150
274 1 115 150
274 35 105 1000
274 5 132 1000
274 14 202 150
274 212 138 150
274 23 150 1000
274 27 152 150
274 31 110 150
275 24 192 150
275 19 113 150
275 43 145 150
275 118 136 150
275 16 107 150
276 272 89 150
276 18 102 150
276 36 102 1000
276 34 221 150
276 31 118 1000
277 42 122 1000
277 11 106 1000
277 4 103 150
277 253 220 150
277 31 115 150
278 33 100 150
278 8 200 1000
278 12 163 1000
278 13 114 150
278 24 138 150
278 30 185 1000
281 220 103 150
281 10 94 1000
281 28 111 150
281 37 98 300
281 9 150 1000
282 4 130 1000
282 37 96 1000
282 362 159 150
282 12 139 150
282 15 197 150
282 10 137 150
282 25 110 1000
282 42 126 1000
284 0 155 150
284 516 131 1000
284 39 118 150
284 335 130 1000
284 18 118 150
284 22 134 150
284 29 109 150
285 33 95 150
285 2 97 150
285 3 241 1000
285 8 94 150
285 10 152 1000
285 498 109 150
285 19 124 150
285 22 113 1000
285 122 95 1000
285 42 126 150
286 240 239 150
286 25 180 150
286 460 99 150
286 4 103 150
286 29 97 1000
287 9 155 150
287 10 137 150
287 11 93 1000
287 14 118 150
287 18 200 150
287 21 186 1000
287 26 119 300
288 224 114 150
288 0 140 150
288 2 105 1000
288 37 106 150
288 6 119 150
288 10 197 1000
288 17 108 300
288 20 187 150
288 21 110 150
288 471 173 150
288 380 167 150
288 31 109 1000
290 16 112 1000
290 40 127 150
290 13 121 1000
290 504 116 1000
290 367 153 150
291 24 121 1000
291 41 183 150
291 4 87 150
292 336 145 1000
292 12 127 150
292 4 111 150
292 399 96 1000
293 39 88 150
293 42 132 1000
293 11 149 300
293 12 102 150
293 19 95 150
293 21 179 150
293 22 80 150
293 29 101 1000
293 30 118 1000
294 32 124 300
294 42 107 150
294 460 141 150
294 26 99 1000
294 27 174 150
294 508 224 150
294 478 87 150
295 25 99 150
295 35 185 1000
295 21 83 150
296 436 112 1000
296 2 95 150
296 12 107 1000
296 42 127 1000
296 13 153 1000
297 32 208 150
297 267 180 150
297 13 118 1000
297 141 174 150
297 16 242 300
297 20 108 1000
297 25 178 1000
297 28 82 150
297 30 108 150
297 447 91 150
298 25 110 1000
298 42 114 150
298 3 142 150
298 39 113 1000
299 161 110 1000
299 34 128 150
299 385 114 300
299 138 132 300
299 19 181 150
299 118 90 150
299 378 111 150
299 27 105 1000
300 1 202 150
300 37 101 150
300 361 128 150
300 273 116 1000
300 20 131 1000
300 31 115 150
301 32 132 150
301 36 121 1000
301 38 180 150
301 40 99 150
301 309 183 150
301 30 95 150
301 319 186 150
302 2 99 1000
302 4 165 1000
302 43 255 150
302 13 239 300
302 22 176 1000
302 25 99 1000
302 346 217 150
303 3 196 150
303 5 165 1000
303 262 124 1000
303 520 117 150
303 175 121 150
303 182 125 150
303 15 103 150
305 38 268 150
305 8 109 150
305 9 125 150
305 13 259 1000
305 16 100 300
305 442 210 300
307 33 210 1000
307 167 213 300
307 340 192 1000
307 447 108 150
307 15 116 150
309 0 196 1000
309 8 85 150
309 28 124 150
309 13 106 150
309 145 201 150
309 27 129 150
309 124 155 1000
310 258 89 150
310 38 214 1000
310 2 93 1000
310 14 93 1000
310 16 215 300
310 17 85 150
310 482 125 1000
310 26 116 150
311 10 157 1000
311 43 186 300
311 38 209 1000
311 467 151 300
312 7 101 150
312 522 96 150
312 519 133 1000
312 12 125 150
312 20 111 300
312 24 119 1000
312 29 119 300
314 34 159 1000
314 5 94 150
314 6 105 150
314 14 169 150
314 18 175 1000
314 307 189 1000
315 9 165 150
315 26 81 300
315 363 169 150
315 98 141 150
315 295 109 150
318 33 88 150
318 35 89 1000
318 4 100 150
318 265 85 150
318 205 91 1000
318 16 115 150
318 19 93 1000
318 124 124 1000
318 30 158 1000
319 2 125 150
319 389 200 1000
319 106 91 150
319 15 128 1000
319 340 82 150
319 476 175 1000
320 27 103 1000
320 36 116 150
320 475 115 1000
320 292 93 150
320 37 143 150
321 19 191 1000
321 10 126 150
321 43 86 1000
321 29 112 150
321 278 135 150
324 356 104 1000
324 41 95 150
324 42 184 150
324 13 224 1000
324 273 104 1000
324 36 126 1000
325 0 85 150
325 19 89 1000
325 3 80 300
325 29 94 150
327 32 180 1000
327 18 96 300
327 485 90 150
328 4 185 150
328 5 142 1000
328 41 192 150
328 42 181 1000
328 15 113 1000
328 25 108 150
329 32 187 150
329 26 136 150
329 12 156 150
329 29 108 150
330 33 119 300
330 34 91 150
330 41 197 1000
330 10 129 150
330 12 140 1000
330 14 130 150
330 15 150 1000
330 498 114 150
330 19 178 300
331 36 96 150
331 12 155 150
331 18 221 1000
331 25 108 150
331 27 93 150
331 29 166 150
332 5 157 150
332 6 108 1000
332 263 184 300
332 43 163 300
332 285 220 150
332 30 132 150
333 1 155 1000
333 374 103 150
333 6 112 150
333 365 115 300
333 16 131 150
333 369 155 150
333 18 130 1000
333 310 220 150
333 23 117 1000
333 24 152 150
333 473 124 1000
333 29 219 150
335 15 160 1000
337 33 109 150
337 34 149 150
337 11 103 1000
337 472 139 150
337 155 130 150
337 28 101 1000
337 189 173 1000
339 99 114 1000
339 41 109 1000
339 466 139 300
339 19 96 150
339 13 103 150
340 38 118 1000
340 39 141 1000
340 41 78 150
340 23 99 150
340 20 125 150
340 21 114 1000
340 201 107 1000
341 42 149 150
341 19 96 1000
341 210 163 1000
341 173 200 300
344 0 94 300
344 36 87 1000
344 26 99 150
344 20 129 1000
344 14 113 1000
346 2 237 300
346 36 97 150
346 37 225 150
346 9 98 150
346 10 99 150
346 179 94 150
346 23 122 1000
346 124 83 150
347 0 100 1000
347 28 99 1000
347 36 77 150
347 190 190 1000
347 512 109 300
348 1 114 1000
348 34 200 150
348 5 93 1000
348 38 96 150
348 16 128 1000
348 91 240 1000
349 0 89 300
349 26 102 150
349 37 94 150
351 41 208 150
351 14 137 1000
351 526 131 1000
351 9 196 1000
352 28 154 150
352 21 214 150
353 32 118 1000
353 33 108 1000
353 8 88 150
353 21 90 150
353 312 139 150
353 26 98 1000
353 29 96 150
355 449 109 150
355 38 121 1000
355 12 110 150
355 15 116 150
355 272 184 150
355 21 194 150
355 26 133 150
356 17 203 150
356 2 95 1000
356 35 142 150
356 21 95 150
356 39 85 150
357 9 91 150
357 15 116 1000
357 276 101 150
357 297 110 1000
357 20 100 1000
357 26 119 300
359 4 98 1000
359 101 109 1000
359 422 89 1000
359 43 74 1000
359 12 118 1000
359 312 209 150
359 25 130 150
361 386 185 150
361 36 146 1000
361 37 99 150
362 33 186 150
362 1 187 150
362 5 104 150
362 7 91 1000
362 43 84 150
362 111 91 1000
362 20 99 1000
362 24 160 150
363 42 180 1000
363 21 231 1000
364 0 216 1000
364 2 89 1000
364 101 119 1000
364 135 162 150
364 8 104 150
364 39 121 1000
364 275 217 1000
364 27 124 150
364 28 89 150
364 5 204 1000
365 480 95 150
365 33 87 150
365 453 128 150
365 262 198 1000
365 8 185 1000
365 307 110 150
365 10 265 1000
365 13 116 1000
365 16 121 1000
365 17 87 150
365 19 109 150
365 25 115 150
365 30 110 150
366 32 137 1000
366 16 119 300
366 199 83 150
366 164 83 150
366 1 102 1000
367 9 85 150
367 12 138 1000
367 18 200 150
367 22 96 150
367 24 110 150
367 31 80 150
368 0 103 1000
368 33 82 1000
368 5 106 150
368 137 164 1000
368 109 113 1000
368 16 98 150
368 18 99 150
368 503 86 1000
368 25 109 300
369 418 124 1000
369 6 112 1000
369 43 86 1000
369 15 106 150
369 19 105 1000
369 472 118 150
370 37 219 150
370 40 107 150
370 41 114 150
370 174 118 1000
370 270 111 150
370 9 166 150
370 27 93 1000
370 265 180 150
371 1 84 150
371 356 169 150
371 6 102 150
371 455 89 1000
371 20 105 1000
371 314 186 1000
371 124 200 150
372 40 212 150
372 312 158 150
372 30 171 150
372 38 122 150
372 32 149 1000
373 4 110 150
373 7 135 150
373 43 169 150
373 15 115 300
373 212 117 1000
373 452 184 1000
373 415 120 1000
374 1 119 150
374 35 79 1000
374 359 102 150
374 12 120 300
374 14 96 150
374 15 116 150
374 19 174 1000
374 276 121 150
374 23 115 150
374 116 93 150
374 29 190 1000
376 6 207 1000
376 167 196 150
376 265 89 300
376 300 115 150
376 468 98 1000
376 26 108 300
377 0 228 1000
377 3 94 150
377 38 105 150
377 7 113 150
377 40 207 1000
377 238 138 150
377 29 101 150
378 400 118 150
380 32 172 150
380 17 110 150
380 29 213 150
381 28 171 1000
381 19 101 150
381 4 199 1000
381 38 108 150
381 31 102 150
382 138 211 150
382 14 99 150
382 22 90 150
384 3 122 150
384 5 126 1000
384 299 100 300
384 12 110 150
384 341 123 1000
384 23 101 300
384 24 113 150
384 29 164 1000
385 34 85 150
385 5 106 300
385 38 169 150
385 42 96 150
385 17 108 150
385 31 102 150
386 9 224 300
386 36 131 1000
386 5 119 150
386 6 105 1000
386 15 193 150
387 1 134 1000
387 27 134 150
387 340 193 1000
388 0 109 150
388 26 108 1000
388 411 96 1000
388 21 104 1000
389 26 172 150
389 2 181 150
389 22 90 300
389 39 105 150
390 32 94 150
390 26 133 1000
391 17 94 1000
391 4 112 1000
391 21 198 1000
391 23 101 1000
393 396 111 1000
393 357 103 150
393 29 131 1000
394 4 162 150
394 22 132 150
394 39 95 1000
395 2 187 1000
395 388 123 300
395 422 114 1000
395 9 100 150
395 43 117 1000
395 17 114 300
395 25 227 150
395 4 107 1000
395 316 95 150
395 29 104 150
396 452 108 150
396 38 117 1000
396 41 104 150
396 458 231 150
396 16 201 150
396 21 100 1000
396 28 113 1000
398 34 153 150
398 5 109 1000
398 6 100 1000
398 40 178 1000
398 2 106 150
398 8 93 1000
398 25 104 300
398 30 101 150
399 1 122 150
399 5 213 1000
399 14 104 300
399 15 246 1000
399 146 99 150
399 19 96 1000
399 25 100 1000
399 26 183 1000
400 36 228 1000
400 29 157 1000
400 6 113 150
401 420 122 150
401 42 132 150
401 12 138 1000
401 240 129 300
401 25 120 1000
401 26 183 150
401 27 92 150
401 28 203 150
401 29 112 150
402 9 119 300
402 268 190 150
402 389 91 150
402 13 103 150
403 16 163 300
403 309 101 150
403 22 109 150
405 22 84 1000
405 38 142 1000
405 39 116 1000
405 41 159 1000
405 43 99 150
405 216 165 150
405 18 198 150
405 19 165 1000
405 310 101 1000
405 24 107 1000
405 510 109 1000
406 40 183 150
406 3 81 1000
406 28 89 1000
406 37 112 150
409 17 87 1000
409 258 190 150
409 19 100 150
409 4 124 150
409 5 129 1000
410 96 109 1000
410 4 99 150
410 37 112 1000
410 6 100 1000
410 11 187 1000
410 27 105 1000
411 34 71 300
411 4 110 150
411 37 93 150
411 42 125 1000
411 11 126 1000
411 12 118 150
411 28 100 150
411 389 111 150
412 329 112 150
412 29 113 1000
412 37 102 1000
412 399 170 150
414 0 127 1000
414 129 112 150
414 34 118 150
414 4 99 150
414 8 116 150
414 10 104 300
414 19 100 1000
414 36 106 1000
415 329 111 1000
415 518 113 1000
418 33 117 150
418 37 99 1000
418 457 82 150
418 43 86 150
418 13 210 1000
418 14 99 1000
418 212 118 300
418 349 108 150
419 0 102 150
419 35 90 150
419 261 101 150
419 38 89 150
419 202 85 300
419 270 90 1000
419 468 156 150
419 29 173 1000
419 30 80 150
419 5 164 1000
420 33 106 1000
420 3 71 1000
420 5 89 300
420 22 67 150
420 30 189 1000
420 517 91 1000
421 34 88 150
421 36 190 150
421 12 103 150
421 16 105 300
421 369 88 300
421 25 86 150
421 445 86 150
422 16 95 1000
422 33 87 1000
422 312 81 150
422 25 75 1000
423 15 115 1000
423 11 112 150
423 38 89 1000
423 7 77 1000
426 14 99 1000
426 357 87 1000
426 37 103 150
426 22 202 150
426 29 154 1000
430 12 115 150
430 13 163 150
430 36 158 1000
430 33 89 1000
430 39 85 1000
431 1 110 150
431 35 85 150
431 292 107 300
431 5 82 1000
431 43 98 1000
431 270 100 150
431 207 141 150
432 32 91 150
432 33 175 150
432 5 92 1000
432 206 97 1000
433 458 168 150
433 19 85 1000
433 37 99 1000
433 22 118 1000
433 13 108 1000
435 185 98 150
435 10 108 150
435 21 100 150
435 453 115 150
435 461 101 150
436 400 111 1000
436 1 166 1000
436 18 108 150
436 9 106 1000
437 3 77 1000
437 35 75 1000
437 34 78 150
437 43 189 150
440 4 86 1000
440 39 95 300
440 40 88 1000
440 12 167 1000
440 13 159 300
440 18 115 150
442 505 85 300
442 2 72 1000
442 43 144 150
442 309 128 150
442 23 103 150
443 307 107 1000
443 228 114 150
443 14 107 1000
443 23 105 150
444 16 163 150
444 457 95 1000
444 42 83 150
444 22 83 150
444 15 86 1000
445 0 98 300
445 39 95 150
445 231 103 1000
445 141 180 1000
445 16 98 1000
445 26 87 300
446 33 104 1000
446 98 101 150
446 36 82 300
446 6 87 150
446 7 125 150
446 43 73 1000
446 341 71 1000
446 22 141 1000
446 28 159 150
447 16 103 1000
447 24 98 1000
447 2 82 1000
447 31 180 1000
448 32 80 300
448 36 92 1000
448 43 98 1000
448 497 154 1000
448 116 183 150
448 23 115 150
448 340 116 150
448 29 116 150
449 40 113 150
449 371 150 150
449 35 195 1000
449 302 104 300
449 430 162 1000
450 1 124 150
450 386 128 1000
450 43 118 1000
450 37 86 1000
450 39 100 1000
450 11 89 150
452 11 110 1000
452 13 138 150
453 9 111 1000
453 138 128 300
453 35 84 150
453 28 202 1000
453 33 92 1000
455 8 106 150
455 249 124 1000
455 32 134 150
456 8 92 150
456 41 112 300
456 10 237 1000
456 11 167 1000
457 32 95 150
457 2 106 150
457 27 95 150
457 23 115 150
458 0 112 1000
458 7 171 150
458 9 145 150
458 10 225 1000
458 15 113 150
458 310 193 1000
458 220 106 150
459 8 114 1000
459 385 146 150
459 36 99 150
460 8 91 150
460 36 174 1000
460 373 106 300
460 5 160 150
461 1 103 300
461 3 83 1000
461 8 101 150
461 521 117 1000
461 42 123 150
461 11 108 150
461 13 189 150
461 30 163 1000
462 219 96 1000
462 20 219 1000
462 255 125 150
463 329 112 150
463 23 97 1000
463 265 94 150
463 41 90 150
465 8 114 150
465 1 116 150
465 20 112 1000
465 28 166 300
465 516 108 150
466 32 87 150
466 393 210 1000
467 32 110 1000
467 35 108 1000
467 6 131 150
467 39 87 150
467 8 105 150
467 497 103 1000
467 118 133 1000
468 303 116 150
468 18 105 1000
468 15 118 300
468 26 97 150
468 7 108 1000
469 0 222 150
469 6 201 300
469 12 131 1000
469 5 120 1000
469 38 109 150
471 0 173 300
471 33 177 1000
471 298 101 1000
471 12 129 1000
471 18 97 1000
471 22 125 1000
472 32 118 1000
472 1 105 1000
472 130 157 300
472 125 100 1000
472 31 98 150
473 241 181 150
473 3 84 1000
473 109 91 300
473 13 157 1000
475 34 145 1000
475 41 108 150
475 10 103 150
475 17 93 1000
475 18 186 300
475 116 111 1000
475 501 93 1000
475 244 116 150
476 16 116 150
477 9 84 300
477 42 162 1000
477 25 137 1000
477 452 113 300
477 121 141 1000
478 7 111 150
478 37 111 1000
478 43 93 300
478 221 126 150
478 327 133 1000
479 270 98 150
480 18 164 1000
482 0 91 1000
482 8 224 1000
482 25 90 1000
485 32 130 150
485 35 102 1000
485 36 100 1000
485 40 214 150
485 9 104 150
485 363 183 1000
485 28 113 150
485 30 82 150
485 31 101 1000
486 13 108 1000
486 39 112 1000
486 28 89 150
486 37 118 150
486 445 78 150
487 288 128 150
487 26 224 150
489 480 90 150
489 41 77 150
489 32 84 300
489 13 111 150
489 31 104 150
490 3 90 150
490 6 162 1000
490 15 99 150
490 337 123 1000
490 23 81 150
490 25 142 1000
492 430 133 1000
492 111 87 150
493 17 122 150
493 27 108 1000
493 452 130 300
493 21 107 1000
493 5 96 1000
494 10 106 150
494 21 132 150
494 366 82 1000
495 32 89 150
495 146 123 150
495 4 186 1000
495 286 97 1000
497 2 196 150
497 41 107 150
497 10 192 300
497 498 170 150
497 24 97 150
497 26 92 300
498 3 76 1000
498 9 83 150
498 11 86 150
499 450 205 1000
499 3 106 150
499 36 103 1000
499 6 135 150
499 145 114 150
499 17 209 150
501 42 109 150
501 2 97 1000
501 5 153 150
501 38 112 1000
501 143 111 1000
502 248 109 150
502 17 103 150
502 43 135 150
502 36 93 1000
503 37 100 150
503 8 104 1000
503 9 222 1000
503 214 108 1000
503 521 216 150
503 28 77 1000
503 29 100 150
503 31 169 1000
504 17 85 300
504 42 129 1000
504 28 138 300
504 29 120 150
505 89 87 150
505 21 86 1000
505 142 146 1000
505 23 101 150
507 38 81 150
507 7 96 150
507 525 86 1000
507 495 96 150
507 19 235 1000
507 28 149 1000
508 42 148 1000
508 31 193 1000
508 156 114 150
508 463 186 1000
509 32 113 1000
509 3 123 1000
509 42 111 1000
509 367 94 1000
509 401 129 150
509 347 109 150
509 31 112 1000
510 32 90 150
510 0 118 1000
510 299 191 150
510 8 133 1000
510 297 121 1000
510 11 88 1000
510 19 87 1000
510 31 124 1000
511 24 276 150
511 27 131 150
511 28 96 150
511 37 171 150
511 30 106 150
512 7 175 150
512 25 97 150
512 27 78 150
512 12 132 1000
512 17 112 150
513 0 113 1000
513 164 127 1000
513 12 115 1000
513 245 116 300
513 5 128 1000
514 0 109 1000
514 1 111 150
514 3 90 1000
514 172 94 1000
514 433 172 150
514 115 128 150
514 125 87 1000
515 34 161 150
515 12 132 150
515 514 100 1000
515 20 121 150
515 22 239 1000
515 25 97 150
516 4 97 300
516 436 102 1000
516 7 99 150
517 32 90 150
517 7 159 1000
517 457 145 150
517 12 125 150
517 13 107 1000
517 18 187 1000
517 275 115 150
517 155 126 150
517 93 89 1000
518 288 90 1000
518 10 151 150
518 19 90 150
518 42 120 150
518 30 84 1000
519 2 104 1000
519 35 108 150
519 6 101 150
519 11 152 1000
519 14 115 1000
519 15 88 1000
519 148 92 1000
519 253 82 1000
519 222 122 1000
520 9 99 1000
520 11 86 1000
520 13 161 1000
520 14 170 1000
520 17 87 150
520 41 106 150
521 514 106 1000
521 43 172 300
521 21 112 1000
521 31 91 150
522 17 77 150
522 11 177 150
522 13 176 1000
522 262 174 1000
524 1 117 300
524 34 71 150
524 11 96 1000
524 436 88 150
524 25 90 150
524 409 76 150
525 1 93 1000
525 3 106 150
525 4 145 150
525 33 91 150
525 359 160 1000
525 332 192 300
525 22 82 1000
525 29 149 150
526 3 159 150
526 6 90 1000
526 39 102 1000
526 8 80 150
526 490 82 150
526 28 90 1000
526 286 92 150
