333 886 176
336 1242 170
346 744 143
368 715 146
372 780 175
373 701 178
374 1047 161
377 869 160
394 807 153
403 651 166
403 1295 150
407 710 193
416 1125 146
423 486 160
428 523 153
429 1020 141
444 445 185
450 734 158
458 1097 171
461 1278 145
464 957 143
468 864 166
468 560 135
477 479 168
479 976 151
479 605 180
485 685 198
493 568 141
494 805 160
502 830 158
504 1057 141
504 877 170
504 502 143
507 945 176
509 1158 175
515 403 143
520 575 166
527 1102 170
529 1281 158
529 1323 181
550 1031 150
555 1100 143
556 555 181
558 802 135
559 844 168
564 1162 196
569 1285 170
644 469 153
655 1045 191
665 461 160
667 706 153
675 819 201
675 1159 135
680 1117 153
682 1148 131
689 1039 160
694 964 168
699 1059 141
700 846 145
701 1138 143
705 897 146
705 1014 135
707 453 178
720 497 131
747 858 135
752 434 158
752 1175 171
760 1049 145
766 1303 153
800 701 166
800 487 135
805 1028 143
807 617 156
812 929 155
813 613 193
849 821 141
867 994 135
875 1256 178
876 594 166
879 670 150
902 1014 153
916 807 141
918 1113 175
932 527 153
958 409 171
960 728 155
963 440 168
964 453 141
966 430 150
967 554 158
972 515 141
976 427 185
978 655 143
985 554 206
990 613 135
991 1171 153
1009 508 146
1014 531 175
1021 1193 198
1024 614 176
1028 774 150
1033 970 193
1041 541 161
1043 461 160
1043 654 153
1047 514 131
1055 874 160
1059 861 143
1059 1070 166
1064 1036 145
1067 1198 188
1074 707 166
1074 491 155
1076 922 143
1080 866 166
1081 1311 145
1099 1039 173
1105 830 171
1119 485 175
1121 1175 168
1131 923 196
1133 825 185
1147 647 173
1164 857 156
1178 456 150
1181 896 164
1181 612 131
1203 689 135
1206 411 199
1223 442 156
1226 520 160
1244 1187 153
1245 1176 141
1247 799 135
1250 405 178
1270 1188 146
1271 940 155
1298 933 168
1306 437 156
1308 696 195
1311 851 143
1326 891 156
1331 746 170
589 1166 168
593 1114 127
619 453 141
622 1052 188
902 345 162
1168 835 156
1314 377 145
322 41 150
323 51 149
328 5 147
333 25 150
334 3 179
334 43 162
335 16 175
335 47 154
337 0 177
339 28 165
348 45 129
349 54 182
362 6 150
367 12 179
369 52 147
372 23 135
391 20 139
401 49 137
404 7 135
406 16 129
410 5 162
429 38 150
434 51 139
435 18 147
441 56 160
450 8 174
450 41 152
451 21 175
452 16 164
456 30 137
457 30 210
462 15 154
464 20 182
464 22 150
465 19 154
467 59 162
475 44 135
476 10 164
485 46 182
502 62 145
508 35 164
509 12 137
509 28 150
514 11 169
520 3 187
529 34 135
533 41 139
533 11 147
539 22 160
541 32 154
551 30 157
555 37 160
557 0 154
558 45 197
560 56 175
561 26 194
575 16 162
643 57 135
650 30 139
656 41 162
657 7 135
667 37 139
672 56 182
672 45 150
690 8 154
690 19 187
691 60 145
694 5 139
694 62 172
701 27 175
718 58 129
724 28 147
730 32 140
736 26 144
742 45 137
744 1 135
746 9 154
746 41 172
753 58 135
753 62 164
756 21 172
767 33 125
767 4 179
772 17 177
774 0 125
779 61 179
780 22 137
782 37 125
787 9 129
788 50 157
799 48 150
799 19 214
804 47 137
819 12 140
819 46 174
820 60 137
823 56 135
827 15 179
834 56 177
839 10 150
843 42 149
848 61 157
854 20 160
861 40 154
861 50 172
863 48 125
863 33 139
865 16 147
872 54 135
880 42 139
889 53 162
894 40 160
908 53 129
923 12 157
923 55 125
926 25 144
926 36 172
927 53 125
928 29 139
933 26 172
944 2 170
958 44 179
961 14 152
970 42 125
971 18 144
973 58 137
975 39 200
976 43 149
977 26 172
977 39 165
984 33 179
985 2 167
990 25 165
995 58 164
997 43 147
999 39 165
1002 48 174
1003 36 147
1008 63 145
1018 39 129
1020 21 157
1021 59 165
1027 42 179
1033 26 162
1047 10 175
1062 53 139
1065 44 147
1073 32 145
1073 8 129
1075 35 172
1092 14 160
1096 9 164
1102 24 187
1102 14 160
1103 37 164
1106 25 197
1108 51 160
1109 24 129
1112 47 152
1119 22 165
1119 54 139
1121 56 157
1128 59 125
1131 36 189
1133 31 152
1140 24 175
1142 58 139
1144 10 147
1151 58 170
1152 56 139
1152 31 133
1152 6 165
1159 17 164
1160 26 143
1161 2 145
1163 11 149
1181 41 148
1184 17 150
1185 55 154
1187 18 148
1194 51 155
1199 9 184
1203 10 158
1206 40 145
1211 63 129
1221 21 177
1223 30 160
1226 25 144
1230 13 172
1231 26 150
1237 19 129
1245 4 177
1250 19 135
1265 35 154
1269 12 172
1276 3 125
1278 31 144
1292 5 137
1294 58 135
1311 18 129
1314 56 162
1334 40 135
1336 30 194
589 363 174
603 888 123
606 1235 156
614 531 193
615 716 168
898 328 142
1318 330 164
576 52 121
581 56 145
583 25 162
586 45 181
587 12 140
588 49 147
591 0 136
595 52 150
596 14 177
597 56 121
623 49 135
625 51 147
627 62 131
629 30 125
1168 1 139
1172 63 131
1175 31 189
329 633 83
332 1001 89
332 1331 124
336 659 89
336 1021 99
348 821 99
352 1113 118
358 886 89
365 1102 114
369 1326 79
372 625 89
373 815 79
374 1049 93
376 914 79
376 797 89
382 723 128
382 701 114
383 1339 89
383 666 113
389 819 114
390 516 109
396 757 93
396 629 89
402 404 99
407 563 124
419 1247 89
437 1215 89
438 905 99
438 1292 79
440 793 89
441 1153 93
441 785 89
445 805 109
447 901 89
450 923 94
450 663 124
451 1286 103
453 650 89
458 663 94
462 1330 99
466 1076 89
474 1162 124
485 931 79
492 1134 99
493 767 99
497 492 128
500 609 94
500 438 99
501 908 138
501 622 94
504 785 79
505 1095 99
511 395 89
513 1288 119
520 785 99
523 1000 99
542 720 109
544 1020 89
545 1002 89
545 958 89
548 636 128
550 673 99
552 546 89
553 1122 103
556 1144 109
558 760 79
563 723 103
568 653 109
571 493 99
575 581 104
646 396 89
652 946 99
653 1220 89
655 439 134
661 563 89
662 419 128
665 1247 89
665 663 79
667 943 93
673 746 89
679 546 99
683 705 89
687 880 124
688 1036 104
694 1012 103
699 838 99
701 1013 124
706 552 89
708 1263 89
710 688 79
716 1157 99
729 675 89
731 682 99
731 1255 89
731 685 99
732 844 89
732 595 89
734 1265 79
736 699 99
737 1018 103
746 643 79
747 993 99
748 858 99
753 1166 89
754 730 89
755 804 103
758 774 114
760 793 89
766 1034 118
768 666 89
771 791 109
779 973 113
782 1291 104
783 840 89
785 1037 94
787 1068 99
788 512 104
788 963 118
799 581 89
800 843 99
801 801 89
804 1219 89
806 857 89
809 1129 89
809 1004 79
815 1307 109
817 1336 103
817 571 89
817 492 79
821 1220 99
823 416 134
824 1161 89
830 846 103
838 390 89
839 997 89
840 948 99
843 1190 89
845 771 104
846 1250 89
846 718 89
858 691 89
858 1303 113
859 671 114
865 903 94
868 478 114
870 1182 89
871 987 114
872 1126 89
874 942 89
879 1074 89
880 970 103
880 1268 99
883 551 99
888 1001 79
888 764 89
891 942 114
895 982 89
896 403 89
899 491 79
910 997 104
910 846 99
912 808 124
912 918 79
914 891 89
914 1271 89
920 667 89
928 778 114
930 990 89
932 662 128
933 1003 99
934 1299 99
934 657 118
936 1027 99
940 1144 99
940 874 114
947 607 114
957 1119 99
960 1292 93
965 1073 99
965 1158 89
978 1036 89
982 480 89
982 874 114
984 943 103
986 905 99
986 1037 89
987 916 103
989 705 89
989 820 99
993 643 114
994 669 99
996 1320 99
997 964 99
999 452 109
1001 1265 94
1001 1092 103
1003 717 109
1008 1042 89
1013 424 104
1017 445 99
1019 476 99
1024 1206 118
1025 728 99
1027 596 89
1030 580 93
1031 932 89
1033 555 99
1034 1091 99
1034 758 79
1041 851 79
1043 627 114
1047 796 109
1050 872 99
1055 1141 104
1058 1199 99
1060 541 124
1062 564 93
1064 556 79
1068 586 109
1074 1041 103
1075 1093 109
1076 589 99
1083 830 118
1083 767 79
1089 475 79
1089 749 93
1094 1178 114
1100 423 89
1101 487 89
1105 864 89
1105 1153 124
1118 564 103
1124 1317 89
1127 902 109
1131 1158 89
1138 1251 109
1138 861 99
1144 1289 113
1145 851 114
1156 1034 89
1157 719 114
1158 1195 124
1161 934 109
1166 1041 89
1176 398 114
1182 649 89
1182 549 99
1190 1257 124
1191 824 89
1197 1024 99
1206 575 99
1208 497 109
1209 921 99
1215 573 89
1218 901 144
1218 1143 103
1222 950 89
1226 1206 89
1229 1134 89
1237 1263 89
1242 1012 89
1247 603 89
1248 804 89
1252 1152 89
1253 1043 79
1258 803 89
1263 791 114
1265 913 128
1265 1229 89
1270 564 99
1271 518 89
1273 983 124
1276 1119 89
1278 530 79
1286 1029 124
1286 1062 99
1290 866 104
1291 1318 89
1291 478 89
1299 1306 103
1300 761 99
1306 834 99
1308 1257 113
1310 551 109
1311 1188 89
1313 1184 79
1315 973 79
1316 840 94
1318 1057 79
1318 1015 109
1323 403 89
1335 430 93
1336 1131 99
1339 531 89
1340 875 103
1343 1237 109
600 56 125
605 53 184
605 46 150
607 62 135
609 18 174
609 31 135
322 1028 90
322 933 129
324 364 85
325 805 90
325 1158 129
327 523 115
335 339 85
347 1335 104
349 504 115
364 338 95
367 1303 119
371 336 95
373 1129 115
376 1245 104
384 968 110
392 796 110
395 1015 119
416 507 135
424 522 115
429 567 94
442 1224 100
445 1027 100
451 1114 94
455 337 85
461 834 90
461 1156 114
469 653 90
473 824 90
487 960 109
487 1313 115
491 1152 100
494 1065 104
502 1260 90
503 758 100
505 789 94
507 352 85
514 460 100
514 359 95
515 1231 100
522 897 90
537 961 94
544 1234 125
549 344 125
552 1037 119
553 647 100
554 1139 100
555 779 104
555 731 105
557 686 90
559 364 109
560 1031 115
560 995 90
561 1021 119
576 977 85
577 994 95
580 862 89
596 1268 85
598 1036 85
619 864 103
622 1065 75
624 825 95
630 1195 93
633 697 99
633 843 90
633 996 103
634 1312 85
636 1126 79
639 628 103
644 1060 140
655 1277 90
658 533 94
671 864 100
679 334 105
682 503 94
685 1196 115
697 817 90
703 984 94
708 392 105
711 672 140
716 1026 104
727 1303 115
732 764 115
753 673 129
753 1172 90
754 537 90
754 1179 119
755 918 100
759 1083 90
777 374 114
778 854 100
793 1254 115
810 975 94
819 653 140
820 882 90
821 744 129
831 951 115
835 1268 115
847 1129 114
848 358 100
852 522 90
857 911 114
861 1121 105
863 569 105
871 1339 119
880 846 100
887 501 100
889 404 119
889 654 115
891 378 125
894 487 94
905 655 90
906 1335 130
910 724 154
910 922 100
913 756 100
927 920 104
927 451 90
929 924 115
931 918 114
946 1249 100
960 367 100
964 866 119
966 1315 130
968 929 100
975 663 139
982 546 105
984 1059 100
984 1027 114
992 365 85
999 715 90
1013 351 119
1015 443 100
1026 740 90
1027 1134 114
1031 777 115
1032 378 95
1038 411 104
1041 1117 90
1047 1313 140
1047 723 109
1052 1312 115
1057 1161 90
1074 847 119
1078 1018 100
1081 674 125
1084 946 104
1086 791 125
1096 945 115
1097 903 94
1098 369 110
1099 491 140
1100 392 94
1102 358 75
1103 1156 115
1122 378 95
1124 757 90
1140 539 100
1141 682 119
1142 916 100
1145 357 125
1147 817 109
1152 383 105
1153 774 100
1157 344 100
1158 869 85
1162 498 100
1168 1013 99
1172 922 95
1173 999 114
1176 701 104
1181 1289 79
1183 1320 85
1184 513 125
1191 1119 115
1194 992 100
1207 859 105
1209 1001 115
1215 674 100
1222 1171 104
1224 371 85
1231 455 105
1249 531 104
1255 544 115
1261 1134 115
1283 416 104
1292 347 85
1313 406 100
1318 1065 129
1319 749 115
1326 736 110
1327 382 89
1339 1273 105
322 50 83
324 13 97
325 31 108
333 16 103
333 21 93
334 54 83
336 54 83
338 13 98
338 15 88
348 50 98
349 42 87
354 43 73
357 12 93
362 47 93
363 59 83
364 59 108
365 33 87
367 2 73
368 11 88
369 48 83
369 21 83
371 49 93
371 13 83
373 39 103
378 13 88
379 59 83
382 48 83
382 60 83
382 38 107
385 31 73
387 12 83
389 33 93
390 4 88
393 1 98
393 61 93
395 31 93
402 22 83
403 8 97
404 50 73
405 11 73
417 43 93
417 47 103
419 6 108
422 55 107
424 8 83
424 26 83
426 63 88
428 56 93
428 15 73
430 4 77
434 38 108
439 30 73
441 60 83
441 63 83
442 54 118
444 58 122
451 57 93
453 33 83
453 49 83
453 63 88
455 35 73
456 18 103
457 57 93
461 46 83
462 8 97
465 33 73
465 29 83
466 17 98
466 50 83
467 29 88
468 32 97
469 16 103
473 16 73
478 63 97
483 42 73
484 59 83
484 14 93
491 41 83
501 53 73
503 29 108
503 61 108
508 3 98
509 11 93
512 22 93
516 43 83
518 45 93
520 8 73
520 31 73
521 49 73
523 57 73
527 1 93
527 51 132
537 27 103
542 22 98
542 23 97
542 28 103
544 6 83
546 38 118
546 63 98
551 44 83
552 17 83
552 10 73
552 14 93
555 35 97
555 48 83
558 12 88
558 47 97
564 16 73
566 3 83
567 14 73
568 32 118
641 47 103
652 44 118
653 62 83
654 27 142
656 46 83
657 16 108
658 39 83
662 20 107
662 15 118
663 59 93
663 14 83
669 17 83
671 61 103
671 55 93
672 36 108
673 54 73
675 11 73
679 34 138
683 48 83
688 56 87
689 4 83
690 11 103
694 8 87
694 56 118
697 9 83
705 35 83
706 36 128
706 7 93
709 41 83
709 18 128
710 2 103
711 46 87
711 55 103
716 16 83
716 60 97
717 20 83
720 52 73
720 62 103
721 40 93
723 26 83
724 17 83
725 9 83
732 23 73
740 42 88
743 18 98
748 49 83
751 48 97
752 14 73
754 8 83
754 44 118
755 3 98
755 53 108
756 49 98
759 0 73
759 2 73
759 61 97
760 10 93
764 15 103
766 0 87
766 53 93
767 27 83
768 41 107
768 28 87
768 29 93
771 50 98
777 4 83
777 1 88
780 45 97
789 39 83
794 63 97
795 16 118
795 58 88
797 50 83
803 17 108
805 13 108
806 7 83
809 50 97
809 23 83
811 55 107
812 19 83
812 51 93
814 28 73
815 3 88
817 58 83
822 42 83
822 15 87
824 33 93
827 18 93
833 16 93
833 2 83
842 6 122
844 2 88
845 46 93
845 14 128
852 26 73
854 58 83
862 7 98
866 49 93
866 18 93
867 40 122
867 26 103
869 2 103
870 61 108
872 57 83
872 51 138
875 7 83
876 9 87
877 34 128
883 48 118
885 26 83
887 32 93
890 36 83
891 53 83
894 42 87
895 4 97
899 20 83
900 50 93
900 14 103
901 18 107
902 3 93
903 30 83
904 24 107
905 46 93
906 27 83
906 50 107
906 34 83
908 36 103
911 23 122
913 36 73
913 18 83
920 3 73
920 43 83
923 7 93
923 60 122
928 19 93
928 54 73
931 62 93
933 0 118
933 36 128
934 31 83
934 7 73
936 14 87
940 11 132
940 51 108
945 58 87
957 22 93
959 34 128
966 5 83
968 57 103
970 59 93
971 31 97
972 33 87
972 3 108
973 56 83
974 41 122
975 0 98
976 54 93
978 31 73
984 2 103
987 25 83
990 41 87
992 0 93
993 51 73
994 35 103
994 20 73
995 42 128
997 42 97
1003 44 93
1004 45 73
1005 40 107
1007 16 93
1008 32 118
1015 11 122
1015 6 73
1017 38 128
1019 25 118
1020 0 93
1021 13 107
1024 32 93
1024 57 118
1028 7 83
1029 34 122
1030 9 98
1031 14 73
1031 38 83
1033 6 83
1039 5 93
1049 8 73
1050 42 83
1056 39 73
1057 16 73
1060 52 83
1061 54 93
1062 36 93
1064 28 108
1067 33 87
1074 36 83
1074 42 83
1074 62 108
1076 15 97
1082 20 108
1082 34 108
1082 60 88
1083 48 83
1083 10 93
1083 43 77
1086 43 88
1086 13 103
1088 29 107
1090 19 83
1090 4 73
1091 38 97
1095 61 93
1097 43 83
1100 0 113
1100 10 83
1100 19 88
1102 54 83
1105 15 108
1105 20 98
1105 30 83
1106 8 98
1106 5 108
1108 50 87
1111 58 103
1112 1 87
1114 30 93
1115 8 73
1118 11 73
1120 24 83
1122 35 93
1126 25 93
1128 40 112
1131 29 98
1131 30 83
1133 36 97
1133 38 93
1139 62 83
1140 40 93
1145 6 83
1146 20 93
1159 36 118
1179 15 93
1185 52 103
1185 37 83
1185 45 108
1187 62 108
1187 55 128
1191 58 83
1196 46 93
1197 39 93
1211 9 83
1211 45 83
1213 14 128
1221 2 83
1222 17 83
1222 63 73
1242 48 73
1242 2 83
1245 59 83
1245 7 103
1248 16 83
1248 43 93
1249 20 93
1251 0 98
1257 50 112
1261 4 73
1266 63 97
1270 41 98
1271 7 93
1271 44 93
1279 26 97
1282 37 103
1286 4 83
1298 62 97
1299 34 83
1306 10 93
1306 24 73
1306 26 83
1310 52 108
1311 6 88
1313 63 93
1314 11 73
1318 46 88
1320 51 73
1322 41 83
1323 32 73
1326 3 93
1327 9 93
1327 12 87
1329 42 128
1329 58 103
1329 62 83
1332 5 93
1332 15 87
1334 26 83
1336 43 88
1340 33 97
1340 59 93
1343 40 83
322 438 106
328 690 95
328 1300 114
333 697 100
334 1252 111
339 864 105
345 918 84
348 1306 101
354 727 84
365 494 94
372 371 76
372 1244 94
373 716 84
377 615 100
379 364 94
387 1162 86
390 1245 111
401 377 84
402 767 98
406 363 95
407 958 80
410 593 105
416 819 86
428 539 115
435 1094 99
442 665 98
447 338 101
451 888 80
458 450 103
468 699 126
470 329 71
473 1233 111
473 507 90
476 950 108
483 507 91
486 647 109
505 723 98
509 1055 84
520 605 86
521 999 80
530 1184 80
530 1047 109
531 674 80
533 1198 105
537 377 84
542 1008 86
545 1224 109
553 324 85
563 365 101
573 365 90
579 1310 101
579 686 86
581 655 139
583 1300 111
586 1176 111
589 369 85
600 1332 95
601 1161 81
601 831 99
601 429 71
603 494 123
605 1017 91
612 727 91
613 777 104
613 501 91
615 594 91
618 521 86
624 1253 144
628 849 136
630 1219 96
634 906 104
637 1037 86
643 566 105
646 616 96
658 1059 86
667 587 86
680 1252 86
694 859 95
697 874 98
709 1112 94
720 1151 96
723 541 109
729 742 91
730 1057 115
737 785 88
744 1156 91
744 1029 90
750 376 88
754 1118 84
755 716 76
756 593 111
757 1062 101
758 542 90
767 817 88
769 1260 84
777 865 80
780 951 99
797 1082 84
800 898 76
804 890 80
804 786 98
804 366 91
810 1188 80
815 1072 103
819 1285 76
833 384 101
847 758 80
849 823 115
854 752 103
864 1231 113
865 812 76
871 606 121
879 1148 94
880 1123 84
883 823 95
886 888 91
890 493 80
895 1097 96
896 936 105
901 788 94
906 911 114
914 1119 113
921 994 98
923 363 76
926 690 96
935 1012 80
938 708 80
951 518 98
952 721 94
962 667 76
977 1206 99
992 822 94
994 1315 116
1001 618 86
1008 328 71
1009 1151 86
1013 720 111
1024 323 101
1035 1078 94
1050 786 101
1053 904 105
1056 706 108
1056 404 106
1056 766 90
1060 616 115
1061 1128 128
1068 1120 113
1068 958 76
1086 906 86
1095 515 80
1098 1257 90
1101 1311 101
1110 1094 113
1112 616 126
1119 889 94
1123 1033 88
1138 758 99
1139 567 86
1140 885 120
1144 1263 94
1148 1197 76
1151 814 99
1164 1135 109
1165 1260 76
1166 1250 90
1166 367 106
1170 654 90
1172 1160 91
1173 1305 99
1173 493 111
1174 1120 79
1186 743 86
1199 777 80
1208 359 96
1223 818 76
1225 593 111
1226 549 90
1229 720 99
1235 389 86
1249 383 80
1250 496 88
1256 760 95
1261 709 90
1270 1111 94
1282 419 80
1285 1097 80
1290 1142 94
1303 1198 90
1307 904 95
1308 430 99
1315 576 140
1315 1065 91
1315 605 96
1316 577 121
1317 1076 96
1319 468 103
1328 1290 90
1328 1199 90
1329 985 94
1339 877 95
1343 450 80
1343 1261 84
325 43 88
329 27 94
330 17 108
330 14 84
333 55 94
337 4 84
345 15 119
358 21 94
368 16 108
368 23 123
383 51 84
383 55 84
387 55 138
391 47 84
398 20 109
405 45 119
413 26 119
419 19 123
423 13 88
427 8 99
435 53 108
441 55 109
442 61 94
444 26 88
455 42 84
461 21 84
466 33 94
467 17 98
470 52 94
476 52 119
481 58 84
484 27 88
484 42 134
493 1 109
498 7 88
502 51 109
502 46 94
514 61 99
520 34 113
523 59 99
530 25 113
531 18 113
533 2 94
542 8 84
549 50 88
559 26 99
560 23 84
565 30 94
566 36 113
568 15 84
579 4 87
581 18 79
585 14 99
589 12 89
591 54 83
596 62 89
596 47 89
598 27 122
616 4 83
620 33 94
622 50 89
622 44 97
623 7 97
623 15 79
627 60 89
629 52 122
633 8 69
633 34 114
636 26 97
637 16 89
641 14 84
643 23 98
649 5 94
652 18 134
654 57 99
654 37 84
654 63 98
658 27 84
669 56 99
673 44 88
673 4 119
682 10 84
685 2 123
691 9 129
697 61 88
697 17 84
703 37 123
706 19 109
706 4 119
709 42 113
725 55 104
727 56 134
727 44 98
731 31 94
742 31 94
744 12 88
747 27 84
752 29 94
759 10 94
760 29 109
771 12 113
772 12 84
780 16 109
783 7 103
788 49 98
788 2 84
795 3 134
802 2 84
808 17 94
809 56 119
813 41 123
820 13 94
833 35 103
837 33 123
837 45 94
838 19 119
839 52 124
840 34 138
840 13 119
845 40 113
846 48 124
847 15 94
849 35 104
851 29 113
852 44 94
858 47 99
859 20 94
865 18 94
876 24 88
876 37 98
877 50 84
879 18 94
888 26 88
901 2 109
904 19 84
904 52 94
908 34 104
910 14 134
910 53 98
918 32 88
927 32 94
933 23 109
934 4 119
942 42 88
946 62 84
948 7 88
950 59 84
972 54 84
975 42 94
982 21 98
982 58 88
986 62 129
993 53 88
1003 37 84
1012 54 99
1013 33 124
1013 38 129
1013 8 98
1026 42 84
1027 41 98
1033 41 84
1036 24 109
1055 46 138
1074 12 94
1076 52 98
1090 32 109
1099 45 109
1101 27 94
1106 60 84
1108 24 94
1109 48 123
1112 10 88
1116 35 123
1119 1 84
1119 58 119
1131 1 99
1135 20 119
1141 54 88
1142 55 94
1153 54 84
1156 62 104
1156 54 99
1158 16 94
1159 43 84
1160 53 79
1164 26 94
1164 15 89
1168 6 83
1171 60 108
1174 13 89
1175 62 83
1178 5 84
1179 35 94
1179 38 94
1181 32 119
1182 22 98
1184 62 104
1191 62 83
1194 38 79
1195 52 99
1195 53 73
1196 22 73
1198 11 93
1199 31 119
1203 61 109
1203 37 69
1206 14 118
1207 10 84
1209 11 73
1213 42 94
1215 55 114
1219 56 94
1224 55 88
1226 33 119
1235 4 119
1235 12 119
1249 2 84
1250 49 88
1256 37 109
1268 40 94
1271 20 119
1278 50 98
1279 25 138
1289 18 94
1290 55 113
1295 39 99
1303 9 109
1305 9 84
1306 6 94
1312 37 88
1319 56 104
1332 11 148
1335 6 109
1340 63 113
1342 49 104
1342 22 99
421 605 82
458 630 82
490 598 91
576 351 84
581 812 87
583 1219 113
585 554 91
606 868 127
607 483 92
609 960 117
611 1074 117
616 490 80
620 922 98
625 588 127
634 1248 82
730 608 82
736 604 97
861 577 76
871 629 123
944 622 82
961 611 80
1035 605 103
1098 597 82
1170 374 85
1172 834 84
320 40 107
332 49 85
333 27 74
334 12 82
335 53 80
336 3 85
339 55 94
345 37 103
349 32 82
358 23 113
372 30 80
373 30 70
379 44 85
385 16 103
391 6 80
394 35 105
395 60 84
404 24 128
415 32 108
415 22 93
419 11 78
421 49 107
421 62 114
428 38 88
440 51 82
445 54 90
453 27 103
456 60 88
461 42 85
467 38 70
468 36 78
468 61 89
473 31 88
476 11 80
478 31 84
488 18 102
490 16 85
500 13 78
504 10 78
504 59 70
507 9 98
508 22 103
509 19 105
513 53 74
518 5 92
518 7 85
521 13 103
522 43 70
539 14 80
549 46 74
551 60 107
555 54 95
558 40 74
561 51 92
566 43 82
567 35 84
575 57 102
580 6 90
581 1 90
583 41 120
585 46 88
590 52 98
593 24 130
600 42 73
601 7 65
604 34 85
605 27 79
606 49 83
606 23 85
607 18 107
613 15 110
613 55 80
614 21 83
614 6 75
619 60 80
619 54 105
628 15 98
646 55 95
647 50 89
656 35 93
661 50 80
666 46 84
669 13 78
675 36 88
683 16 99
688 12 93
690 49 95
701 23 70
701 29 93
706 48 78
708 19 80
711 10 78
715 56 85
716 58 99
721 52 112
727 61 80
728 15 70
730 42 84
734 36 88
737 38 103
748 48 93
751 15 108
767 19 80
777 41 107
778 48 78
785 8 103
787 51 92
791 16 104
812 46 80
814 17 78
818 19 100
824 28 105
833 61 84
834 34 94
839 12 97
848 36 74
849 41 90
854 52 90
871 2 74
872 44 84
877 2 82
885 42 97
890 31 95
891 49 85
891 58 94
899 13 78
909 19 105
911 49 103
913 40 84
922 13 107
931 51 92
938 12 70
940 16 80
945 36 99
946 15 103
957 5 70
958 31 78
965 0 84
965 54 92
972 46 112
975 16 70
982 59 70
987 30 84
990 6 89
996 1 82
997 62 93
999 13 78
1001 11 80
1003 15 107
1004 25 80
1005 35 88
1007 11 84
1024 36 88
1026 32 80
1027 21 82
1029 12 85
1042 33 70
1043 9 74
1055 12 93
1056 7 80
1056 24 78
1060 21 78
1061 59 78
1088 5 93
1103 57 102
1124 22 85
1129 50 84
1131 43 103
1137 33 85
1137 59 78
1138 7 88
1140 9 95
1146 51 107
1147 48 99
1153 1 78
1158 41 70
1160 40 100
1163 60 85
1170 21 75
1173 63 119
1174 51 75
1175 17 99
1175 30 80
1187 8 99
1188 0 84
1195 2 70
1198 16 99
1199 42 105
1203 29 89
1204 31 95
1215 14 118
1215 54 74
1219 20 85
1223 39 122
1223 11 80
1223 48 118
1225 24 78
1225 44 85
1225 7 93
1237 26 118
1249 0 70
1249 61 100
1258 37 99
1260 9 78
1265 51 70
1271 28 108
1273 59 92
1282 18 84
1285 35 82
1285 54 85
1291 0 70
1306 13 78
1325 23 93
1327 21 90
1331 14 74
607 1119 84
620 588 100
576 49 89
579 1 78
580 11 81
589 29 97
591 61 92
593 39 66
598 7 80
606 40 98
607 19 76
609 8 86
609 19 101
612 0 123
612 41 76
612 23 116
614 52 113
615 44 80
615 2 128
616 35 66
617 0 82
627 41 89
629 36 81
630 33 76
636 4 95
1170 18 66
1173 28 80
604 49 80
611 39 77
