333 886 135
336 1242 139
346 744 139
368 715 139
372 780 139
373 701 143
374 1047 139
377 869 139
394 807 135
403 651 139
403 1295 143
407 710 143
416 1125 135
423 486 149
428 523 139
429 1020 139
444 445 139
450 734 139
458 1097 139
461 1278 139
477 479 135
479 976 139
479 605 139
485 685 143
493 568 135
494 805 139
502 830 139
504 1057 139
504 877 145
504 502 143
507 945 139
509 1158 139
515 403 145
520 575 139
527 1102 143
529 1281 143
529 1323 135
550 1031 139
555 1100 139
556 555 139
558 802 139
559 844 143
564 1162 139
569 1285 149
644 469 135
655 1045 139
665 461 153
667 706 143
675 819 135
675 1159 139
680 1117 139
682 1148 139
689 1039 149
694 964 143
699 1059 139
700 846 149
701 1138 135
705 897 139
705 1014 143
707 453 143
720 497 135
747 858 139
752 434 149
752 1175 139
760 1049 149
766 1303 143
800 701 139
800 487 139
805 1028 135
807 617 139
812 929 143
813 613 143
849 821 135
867 994 139
875 1256 139
876 594 149
879 670 149
902 1014 143
916 807 139
918 1113 139
932 527 135
958 409 139
960 728 143
963 440 143
964 453 135
966 430 139
967 554 139
972 515 139
976 427 139
978 655 143
985 554 139
990 613 149
991 1171 135
1009 508 149
1014 531 143
1021 1193 143
1024 614 145
1028 774 139
1033 970 139
1041 541 139
1043 461 139
1043 654 143
1047 514 139
1055 874 139
1059 861 135
1059 1070 139
1064 1036 143
1067 1198 143
1074 707 135
1074 491 139
1076 922 139
1080 866 139
1081 1311 139
1099 1039 143
1105 830 139
1119 485 139
1121 1175 135
1131 923 139
1133 825 143
1147 647 143
1164 857 135
1178 456 139
1181 896 139
1181 612 139
1203 689 145
1206 411 143
1223 442 139
1226 520 139
1244 1187 145
1245 1176 139
1247 799 143
1250 405 143
1270 1188 135
1271 940 149
1298 933 139
1306 437 149
1308 696 139
1311 851 143
1326 891 149
1331 746 139
464 957 131
468 864 139
468 560 139
589 1166 143
593 1114 141
619 453 135
622 1052 145
902 345 135
1168 835 131
1314 377 139
322 41 133
323 51 133
328 5 129
333 25 133
334 3 137
334 43 137
335 16 129
335 47 133
337 0 133
339 28 133
348 45 143
349 54 137
362 6 133
367 12 133
369 52 129
372 23 133
391 20 137
401 49 137
404 7 129
406 16 143
410 5 133
429 38 133
434 51 133
435 18 137
441 56 133
450 8 133
450 41 129
451 21 133
452 16 133
456 30 147
457 30 129
462 15 133
475 44 133
476 10 133
485 46 129
502 62 137
508 35 133
509 12 143
509 28 129
514 11 133
520 3 133
529 34 137
533 41 129
533 11 133
539 22 133
541 32 143
551 30 133
555 37 137
557 0 133
558 45 133
560 56 129
561 26 133
575 16 137
643 57 137
650 30 129
656 41 133
657 7 133
667 37 143
672 56 133
672 45 137
690 8 133
690 19 133
691 60 129
694 5 133
694 62 147
701 27 147
718 58 129
724 28 133
730 32 133
736 26 133
742 45 133
744 1 137
746 9 133
746 41 133
753 58 129
753 62 133
756 21 137
767 33 137
767 4 129
772 17 133
774 0 133
779 61 133
780 22 143
782 37 137
787 9 133
788 50 133
799 48 129
799 19 133
804 47 137
819 12 147
819 46 129
820 60 133
823 56 133
827 15 133
834 56 143
839 10 137
843 42 133
848 61 133
854 20 129
861 40 133
861 50 147
863 48 137
863 33 129
865 16 133
872 54 133
880 42 133
889 53 143
894 40 137
908 53 133
923 12 133
923 55 139
926 25 143
926 36 137
927 53 137
928 29 139
933 26 133
944 2 133
958 44 133
961 14 133
970 42 137
971 18 133
973 58 133
975 39 129
976 43 133
977 26 137
977 39 137
984 33 129
985 2 133
990 25 133
995 58 133
997 43 133
999 39 137
1002 48 133
1003 36 133
1008 63 129
1018 39 133
1020 21 137
1021 59 137
1027 42 129
1033 26 133
1047 10 133
1062 53 133
1065 44 133
1073 32 137
1073 8 133
1075 35 133
1092 14 129
1096 9 133
1102 24 137
1102 14 137
1103 37 129
1106 25 133
1108 51 133
1109 24 133
1112 47 133
1119 22 137
1119 54 143
1121 56 143
1128 59 129
1131 36 133
1133 31 137
1140 24 137
1142 58 129
1144 10 143
1151 58 133
1152 56 133
1152 31 139
1152 6 137
1159 17 133
1160 26 133
1161 2 129
1163 11 133
1181 41 133
1184 17 137
1185 55 139
1187 18 133
1194 51 133
1199 9 133
1203 10 129
1206 40 137
1211 63 133
1221 21 133
1223 30 139
1226 25 133
1230 13 137
1231 26 137
1237 19 129
1245 4 143
1250 19 133
1265 35 133
1269 12 133
1276 3 137
1278 31 133
1292 5 133
1294 58 129
1311 18 133
1314 56 147
1334 40 137
1336 30 139
589 363 131
603 888 145
606 1235 135
614 531 139
615 716 143
898 328 131
1318 330 145
464 20 125
464 22 133
465 19 133
467 59 137
586 45 125
587 12 129
588 49 129
591 0 129
595 52 133
596 14 137
597 56 129
623 49 129
625 51 125
627 62 129
629 30 137
1168 1 137
1172 63 135
1175 31 133
576 52 125
581 56 135
583 25 125
600 56 137
605 53 125
605 46 129
607 62 125
609 18 129
609 31 137
329 633 79
332 1001 89
332 1331 89
336 659 79
336 1021 83
348 821 89
352 1113 89
358 886 89
365 1102 89
369 1326 83
372 625 89
373 815 83
374 1049 89
376 914 79
376 797 83
382 723 89
382 701 89
383 1339 83
383 666 89
389 819 89
390 516 89
396 757 99
396 629 79
402 404 89
407 563 93
419 1247 79
437 1215 83
438 905 83
438 1292 83
440 793 89
441 1153 89
441 785 79
445 805 99
447 901 83
450 663 89
451 1286 89
462 1330 93
474 1162 89
492 1134 89
493 767 89
497 492 89
500 438 89
501 908 93
513 1288 89
520 785 79
523 1000 89
542 720 93
544 1020 83
545 1002 99
545 958 89
548 636 99
550 673 89
552 546 83
553 1122 89
556 1144 83
558 760 79
563 723 89
568 653 99
571 493 89
575 581 83
596 1268 79
598 1036 79
622 1065 79
633 697 79
633 843 79
634 1312 79
636 1126 83
646 396 79
652 946 93
653 1220 93
655 439 89
661 563 89
662 419 93
665 1247 89
665 663 79
667 943 89
673 746 83
679 546 83
683 705 83
687 880 89
688 1036 79
694 1012 89
699 838 83
701 1013 89
706 552 89
708 1263 89
710 688 79
716 1157 83
729 675 83
731 682 83
731 1255 83
731 685 99
732 844 79
732 595 83
734 1265 83
736 699 83
737 1018 89
746 643 79
747 993 89
748 858 83
753 1166 83
754 730 83
755 804 89
758 774 99
760 793 89
766 1034 89
768 666 99
771 791 103
779 973 93
782 1291 79
783 840 83
785 1037 83
787 1068 89
788 512 83
788 963 89
799 581 79
800 843 83
801 801 83
804 1219 83
806 857 89
809 1129 89
809 1004 79
815 1307 83
817 1336 89
817 571 93
817 492 93
821 1220 89
823 416 89
824 1161 89
830 846 89
838 390 89
839 997 79
840 948 83
843 1190 79
845 771 83
846 1250 83
846 718 83
858 691 89
858 1303 89
859 671 79
865 903 83
868 478 83
870 1182 89
871 987 83
872 1126 83
874 942 89
879 1074 79
880 970 89
880 1268 83
883 551 83
888 1001 83
888 764 89
891 942 79
895 982 83
896 403 83
899 491 83
910 997 83
910 846 79
912 808 89
912 918 83
914 891 83
914 1271 83
920 667 83
928 778 89
930 990 79
932 662 89
933 1003 83
934 1299 83
934 657 99
936 1027 79
940 1144 89
940 874 89
947 607 83
957 1119 89
960 1292 89
965 1073 79
965 1158 89
978 1036 83
982 480 89
982 874 83
984 943 89
986 905 89
986 1037 89
987 916 89
989 705 79
989 820 83
993 643 89
994 669 99
996 1320 79
997 964 83
999 452 89
1001 1265 93
1001 1092 89
1003 717 89
1008 1042 79
1013 424 83
1017 445 83
1019 476 99
1024 1206 89
1025 728 89
1027 596 89
1030 580 89
1031 932 89
1033 555 83
1034 1091 83
1034 758 79
1041 851 83
1043 627 83
1047 796 89
1050 872 99
1055 1141 83
1058 1199 89
1060 541 89
1062 564 79
1064 556 83
1068 586 99
1074 1041 89
1075 1093 99
1076 589 89
1083 830 89
1083 767 79
1089 475 83
1089 749 89
1094 1178 89
1100 423 89
1101 487 89
1105 864 83
1105 1153 89
1118 564 89
1124 1317 89
1127 902 89
1131 1158 93
1138 1251 89
1138 861 83
1144 1289 89
1145 851 89
1156 1034 89
1157 719 89
1158 1195 89
1158 869 79
1161 934 89
1166 1041 89
1176 701 89
1176 398 89
1181 1289 79
1182 649 89
1182 549 89
1183 1320 79
1190 1257 89
1191 824 89
1197 1024 89
1206 575 89
1208 497 103
1209 921 89
1215 573 89
1218 901 89
1218 1143 89
1222 950 79
1226 1206 83
1229 1134 79
1237 1263 83
1242 1012 83
1247 603 83
1248 804 89
1252 1152 93
1253 1043 79
1258 803 83
1263 791 83
1265 913 89
1265 1229 83
1270 564 89
1271 518 79
1273 983 89
1276 1119 83
1278 530 93
1286 1029 89
1286 1062 89
1290 866 79
1291 1318 83
1291 478 99
1299 1306 89
1300 761 89
1306 834 93
1308 1257 79
1310 551 89
1311 1188 83
1313 1184 83
1315 973 83
1316 840 83
1318 1057 79
1318 1015 89
1323 403 89
1335 430 89
1336 1131 89
1339 531 83
1340 875 89
1343 1237 89
324 364 75
450 923 83
453 650 83
458 663 93
485 931 75
500 609 83
501 622 83
504 785 83
505 1095 83
511 395 83
514 359 75
559 364 85
580 862 75
589 369 75
601 831 89
601 429 83
612 727 75
613 777 79
619 864 85
624 825 95
630 1195 93
633 996 93
639 628 95
848 358 75
992 365 85
1032 378 79
1098 369 85
1102 358 79
1122 378 85
1166 367 75
1168 1013 89
1172 1160 79
1172 922 89
1173 1305 83
1173 999 85
1174 1120 79
1208 359 79
1224 371 79
1292 347 79
1327 382 85
322 50 93
324 13 83
325 31 73
333 16 77
333 21 77
334 54 77
336 54 73
338 13 77
338 15 77
348 50 77
349 42 83
354 43 77
357 12 83
362 47 73
363 59 77
364 59 83
365 33 83
367 2 77
368 11 73
369 48 83
369 21 77
371 49 77
371 13 83
373 39 83
378 13 73
379 59 87
382 48 77
382 60 77
382 38 93
385 31 77
387 12 73
389 33 77
390 4 77
393 1 77
393 61 83
395 31 83
402 22 73
403 8 83
404 50 77
405 11 77
417 43 83
417 47 83
419 6 83
422 55 83
424 8 83
424 26 83
426 63 73
428 56 87
428 15 73
430 4 77
434 38 77
439 30 77
441 60 77
441 63 77
442 54 73
444 58 83
451 57 83
456 18 83
457 57 83
461 46 87
462 8 83
478 63 93
491 41 83
503 29 83
509 11 83
512 22 77
516 43 73
518 45 77
520 8 77
520 31 77
521 49 87
523 57 77
527 1 83
527 51 93
537 27 83
542 22 73
542 23 83
542 28 87
544 6 83
546 38 73
546 63 87
551 44 77
552 17 77
552 10 87
552 14 83
555 35 83
555 48 73
558 12 77
558 47 83
564 16 77
566 3 83
567 14 73
568 32 93
585 14 73
591 54 73
596 62 77
596 47 83
616 4 73
620 33 73
627 60 73
633 8 73
641 47 87
652 44 83
653 62 73
654 27 83
656 46 77
657 16 77
658 39 77
662 20 83
662 15 83
663 59 73
663 14 77
669 17 77
671 61 77
671 55 83
672 36 93
673 54 73
675 11 77
679 34 83
683 48 77
688 56 83
689 4 73
690 11 77
694 8 83
694 56 83
697 9 77
705 35 73
706 36 83
706 7 83
709 41 77
709 18 83
710 2 77
711 46 83
711 55 83
716 16 73
716 60 83
717 20 77
720 52 77
720 62 83
721 40 83
723 26 73
724 17 77
725 9 77
732 23 87
740 42 73
743 18 77
748 49 77
751 48 83
752 14 77
754 8 87
754 44 83
755 3 73
755 53 83
756 49 77
759 0 87
759 2 77
759 61 83
760 10 73
764 15 83
766 0 83
766 53 83
767 27 87
768 41 83
768 28 73
768 29 77
771 50 77
777 4 83
777 1 77
780 45 83
789 39 73
794 63 83
795 16 83
795 58 77
797 50 77
803 17 73
805 13 83
806 7 83
809 50 83
809 23 83
811 55 87
812 19 83
812 51 83
814 28 73
815 3 77
817 58 87
822 42 93
822 15 83
824 33 83
827 18 73
833 16 77
833 2 77
842 6 83
844 2 73
845 46 93
845 14 83
852 26 77
854 58 77
862 7 77
866 49 73
866 18 77
867 40 83
867 26 77
869 2 83
870 61 77
872 57 83
872 51 83
875 7 83
876 9 83
877 34 87
883 48 87
885 26 73
887 32 77
890 36 77
891 53 83
894 42 83
895 4 87
899 20 83
900 50 83
900 14 83
901 18 83
902 3 83
903 30 87
904 24 83
905 46 83
906 27 83
906 50 83
906 34 73
908 36 87
911 23 83
913 36 83
913 18 93
920 3 77
920 43 77
923 7 83
923 60 83
928 19 73
928 54 77
931 62 77
933 0 83
933 36 83
934 31 83
934 7 73
936 14 83
940 11 93
940 51 83
945 58 87
957 22 73
959 34 83
966 5 83
968 57 83
970 59 83
971 31 87
972 33 83
972 3 73
973 56 83
974 41 83
975 0 77
976 54 83
978 31 73
984 2 83
987 25 77
990 41 77
992 0 83
993 51 77
994 35 73
994 20 77
995 42 83
997 42 83
1003 44 77
1004 45 77
1005 40 83
1007 16 83
1008 32 83
1015 11 83
1015 6 73
1017 38 87
1019 25 93
1020 0 83
1021 13 83
1024 32 83
1024 57 87
1028 7 73
1029 34 93
1030 9 73
1031 14 87
1031 38 77
1033 6 77
1039 5 83
1049 8 73
1050 42 77
1056 39 77
1057 16 77
1060 52 77
1061 54 77
1062 36 83
1064 28 83
1067 33 83
1074 36 73
1074 42 77
1074 62 83
1076 15 83
1082 20 83
1082 34 83
1082 60 73
1083 48 83
1083 10 87
1083 43 73
1086 43 77
1086 13 83
1088 29 83
1090 19 83
1090 4 77
1091 38 83
1095 61 83
1097 43 73
1100 0 83
1100 10 83
1100 19 77
1102 54 83
1105 15 73
1105 20 77
1105 30 77
1106 8 77
1106 5 83
1108 50 93
1111 58 83
1112 1 83
1114 30 73
1115 8 77
1118 11 87
1120 24 73
1122 35 77
1126 25 83
1128 40 83
1131 29 77
1131 30 83
1133 36 83
1133 38 83
1139 62 73
1140 40 83
1145 6 77
1146 20 77
1156 62 73
1159 36 83
1160 53 73
1164 15 77
1179 15 93
1182 22 87
1185 52 93
1185 37 83
1185 45 83
1187 62 83
1187 55 83
1191 58 87
1191 62 73
1194 38 73
1195 53 77
1196 22 77
1196 46 83
1197 39 83
1198 11 73
1203 37 73
1206 14 87
1209 11 77
1211 9 83
1211 45 83
1213 14 83
1215 55 73
1221 2 83
1222 17 83
1222 63 73
1242 48 77
1242 2 73
1245 59 77
1245 7 83
1248 16 77
1248 43 83
1249 20 83
1251 0 73
1257 50 93
1261 4 77
1266 63 93
1270 41 77
1271 7 83
1271 44 83
1279 26 83
1282 37 83
1286 4 83
1298 62 87
1299 34 97
1306 10 73
1306 24 77
1306 26 77
1310 52 77
1311 6 77
1313 63 83
1314 11 73
1318 46 77
1320 51 87
1322 41 83
1323 32 77
1326 3 83
1327 9 83
1327 12 93
1329 42 93
1329 58 83
1329 62 73
1332 5 97
1332 15 73
1334 26 77
1336 43 77
1340 33 83
1340 59 83
1343 40 77
322 1028 94
322 933 86
322 438 80
325 805 90
325 1158 104
327 523 94
328 690 80
328 1300 80
333 697 84
334 1252 84
335 339 75
339 864 80
345 918 80
347 1335 96
348 1306 84
349 504 90
354 727 94
364 338 85
367 1303 94
371 336 81
372 371 76
372 1244 84
373 1129 86
373 716 84
376 1245 90
379 364 80
384 968 90
387 1162 80
390 1245 84
392 796 86
395 1015 94
401 377 80
402 767 84
406 363 80
407 958 84
416 819 84
416 507 90
421 605 80
424 522 90
428 539 90
429 567 86
435 1094 84
442 1224 94
442 665 80
445 1027 90
447 338 84
451 1114 94
455 337 89
461 834 94
461 1156 86
466 1076 71
473 824 90
487 960 104
487 1313 98
491 1152 86
494 1065 90
502 1260 94
503 758 94
505 789 86
507 352 79
514 460 100
515 1231 94
521 999 80
522 897 86
530 1184 84
530 1047 80
531 674 80
533 1198 84
537 377 84
537 961 104
542 1008 80
544 1234 90
545 1224 80
549 344 86
552 1037 94
553 324 75
553 647 90
554 1139 90
555 779 94
555 731 94
557 686 86
560 1031 100
560 995 98
561 1021 98
563 365 80
573 365 80
576 977 81
577 994 81
585 554 90
600 1332 93
601 1161 81
603 494 85
605 1017 85
613 501 85
615 594 93
620 922 88
620 588 80
634 1248 86
643 566 90
644 1060 86
655 1277 90
658 1059 84
658 533 86
671 864 104
679 334 90
680 1252 80
682 503 90
685 1196 98
694 859 76
697 874 84
697 817 86
703 984 94
708 392 100
709 1112 84
711 672 86
716 1026 94
720 1151 80
723 541 80
727 1303 90
729 742 84
730 608 80
730 1057 84
732 764 90
736 604 80
737 785 84
744 1156 94
744 1029 80
750 376 80
753 673 86
753 1172 90
754 537 94
754 1179 108
754 1118 80
755 716 94
755 918 86
757 1062 84
758 542 80
759 1083 90
767 817 80
769 1260 84
777 865 84
777 374 90
778 854 94
780 951 80
793 1254 86
797 1082 80
800 898 84
804 890 84
804 786 80
804 366 84
810 1188 80
810 975 90
815 1072 84
819 1285 80
819 653 90
820 882 94
821 744 86
831 951 90
833 384 80
835 1268 94
847 1129 90
847 758 94
849 823 80
852 522 86
854 752 90
857 911 90
861 577 84
861 1121 98
863 569 90
864 1231 80
865 812 84
871 1339 94
871 629 80
879 1148 84
880 1123 90
880 846 86
883 823 84
886 888 80
887 501 100
889 404 94
889 654 86
891 378 90
894 487 90
895 1097 80
896 936 84
901 788 94
905 655 100
906 1335 94
906 911 76
910 724 96
910 922 90
913 756 98
914 1119 80
921 994 84
923 363 84
926 690 80
927 920 86
927 451 86
929 924 90
931 918 94
935 1012 80
938 708 84
944 622 84
946 1249 98
951 518 76
952 721 94
960 367 86
961 611 84
962 667 84
964 866 90
966 1315 104
968 929 94
975 663 86
977 1206 76
982 546 90
984 1059 98
984 1027 86
992 822 80
994 1315 84
999 715 94
1008 328 75
1009 1151 80
1013 720 80
1013 351 90
1015 443 90
1024 323 81
1026 740 86
1027 1134 94
1031 777 94
1035 605 80
1035 1078 84
1038 411 86
1041 1117 94
1047 1313 98
1047 723 90
1050 786 76
1052 1312 86
1053 904 84
1056 706 84
1056 404 84
1056 766 76
1057 1161 94
1061 1128 84
1068 1120 84
1068 958 84
1074 847 94
1078 1018 100
1081 674 86
1084 946 94
1086 906 76
1086 791 90
1095 515 94
1096 945 100
1097 903 94
1098 1257 80
1098 597 84
1099 491 86
1100 392 98
1101 1311 76
1103 1156 100
1110 1094 84
1119 889 84
1123 1033 84
1124 757 86
1138 758 76
1139 567 84
1140 539 100
1140 885 84
1141 682 94
1142 916 98
1144 1263 80
1145 357 86
1147 817 90
1148 1197 90
1151 814 84
1152 383 90
1153 774 94
1157 344 94
1162 498 86
1164 1135 80
1165 1260 84
1166 1250 90
1170 374 71
1184 513 90
1186 743 80
1191 1119 90
1194 992 94
1199 777 84
1207 859 86
1209 1001 94
1215 674 94
1222 1171 86
1223 818 76
1226 549 84
1229 720 80
1231 455 86
1235 389 84
1249 531 90
1249 383 80
1255 544 90
1256 760 80
1261 709 84
1261 1134 94
1270 1111 94
1282 419 90
1283 416 96
1285 1097 80
1290 1142 84
1303 1198 84
1307 904 80
1308 430 84
1313 406 90
1315 1065 80
1317 1076 84
1318 1065 104
1319 749 86
1326 736 90
1328 1290 80
1328 1199 80
1329 985 94
1339 1273 90
1339 877 84
1343 1261 80
453 33 77
453 49 69
453 63 77
455 35 87
466 50 83
468 32 83
469 16 87
473 16 69
483 42 77
484 59 77
484 14 77
501 53 77
503 61 77
508 3 69
581 18 69
589 12 79
598 27 79
600 42 73
601 7 77
605 27 69
606 49 83
613 55 73
614 21 73
614 6 73
622 50 87
622 44 79
623 7 79
623 15 79
629 52 79
633 34 87
636 26 87
637 16 89
1168 6 79
1170 21 73
1171 60 83
1174 51 77
1174 13 93
1175 62 79
365 494 76
377 615 82
410 593 86
451 888 84
458 630 86
469 653 86
473 1233 80
476 950 84
486 647 84
490 598 84
505 723 90
509 1055 76
520 605 82
576 351 76
581 812 76
583 1219 76
586 1176 94
607 1119 76
616 490 76
618 521 90
624 1253 86
628 849 90
630 1219 98
634 906 90
637 1037 86
646 616 82
667 587 94
756 593 98
871 606 90
890 493 76
1001 618 82
1060 616 94
1112 616 86
1170 654 86
1172 834 80
1173 493 86
1225 593 82
1250 496 76
1315 576 86
1315 605 94
1316 577 92
1319 468 76
320 40 88
325 43 88
329 27 84
330 17 84
330 14 92
332 49 70
333 55 80
333 27 78
334 12 78
335 53 78
336 3 74
337 4 84
339 55 84
345 37 78
345 15 84
349 32 78
358 21 92
358 23 70
368 16 80
368 23 84
372 30 78
373 30 88
379 44 88
383 51 84
383 55 88
385 16 70
387 55 80
391 6 78
391 47 92
394 35 74
395 60 78
398 20 84
404 24 74
405 45 88
413 26 80
415 32 74
415 22 88
419 19 98
419 11 78
421 49 84
421 62 88
423 13 88
427 8 80
428 38 74
435 53 84
440 51 78
441 55 84
442 61 84
444 26 88
445 54 70
455 42 80
461 21 84
465 33 77
465 29 75
466 17 77
467 29 77
476 52 88
481 58 98
484 27 84
484 42 84
493 1 88
498 7 88
502 51 80
502 46 84
513 53 78
514 61 88
518 5 74
518 7 78
520 34 80
521 13 74
522 43 78
523 59 84
530 25 88
531 18 88
533 2 80
539 14 74
542 8 88
549 50 88
549 46 74
551 60 74
555 54 78
558 40 88
559 26 88
560 23 80
561 51 74
565 30 88
566 43 74
566 36 84
567 35 78
568 15 88
575 57 74
579 4 75
589 29 74
591 61 70
593 39 82
598 7 74
604 34 79
606 23 79
607 18 79
613 15 87
616 35 84
617 0 70
627 41 74
629 36 74
630 33 74
636 4 70
641 14 92
643 23 90
646 55 74
647 50 78
649 5 88
652 18 80
654 57 98
654 37 88
654 63 88
656 35 84
658 27 80
661 50 74
666 46 78
669 56 84
669 13 74
673 44 84
673 4 88
675 36 88
682 10 84
683 16 70
685 2 88
688 12 78
690 49 78
691 9 88
697 61 92
697 17 80
701 23 74
701 29 74
703 37 94
706 48 78
706 19 88
706 4 98
708 19 74
709 42 80
711 10 78
715 56 74
716 58 78
721 52 74
725 55 84
727 56 84
727 44 88
727 61 88
728 15 84
730 42 74
731 31 80
734 36 88
737 38 78
742 31 88
744 12 92
747 27 84
748 48 70
751 15 78
752 29 88
759 10 80
760 29 88
767 19 74
771 12 88
772 12 80
777 41 78
778 48 74
780 16 98
783 7 84
785 8 74
787 51 78
788 49 88
788 2 80
791 16 78
795 3 94
802 2 88
808 17 84
809 56 80
812 46 70
813 41 92
814 17 74
818 19 78
820 13 84
824 28 78
833 35 84
833 61 84
834 34 74
837 33 80
837 45 84
838 19 94
839 12 78
839 52 88
840 34 80
840 13 84
845 40 88
846 48 88
847 15 84
848 36 74
849 41 70
849 35 84
851 29 84
852 44 94
854 52 78
858 47 88
859 20 80
865 18 84
871 2 74
872 44 78
876 24 84
876 37 80
877 50 88
877 2 80
879 18 84
885 42 78
888 26 88
890 31 78
891 49 74
891 58 74
899 13 78
901 2 80
904 19 84
904 52 88
908 34 88
909 19 74
910 14 80
910 53 84
911 49 88
913 40 74
918 32 84
922 13 74
927 32 84
931 51 78
933 23 80
934 4 84
938 12 74
940 16 74
942 42 84
945 36 88
946 62 88
946 15 78
948 7 80
950 59 84
957 5 84
958 31 74
965 0 78
965 54 78
972 46 74
972 54 88
975 16 74
975 42 84
982 21 80
982 58 92
982 59 74
986 62 84
987 30 78
990 6 78
993 53 84
996 1 74
997 62 74
999 13 78
1001 11 88
1003 37 80
1003 15 74
1004 25 78
1005 35 74
1007 11 78
1012 54 84
1013 33 88
1013 38 84
1013 8 94
1024 36 70
1026 32 78
1026 42 84
1027 41 84
1027 21 78
1029 12 78
1033 41 84
1036 24 80
1042 33 70
1043 9 78
1055 12 78
1055 46 84
1056 7 74
1056 24 74
1060 21 88
1061 59 78
1074 12 88
1076 52 92
1088 5 74
1090 32 80
1099 45 84
1101 27 88
1103 57 74
1106 60 84
1108 24 80
1109 48 88
1112 10 84
1116 35 84
1119 1 102
1119 58 92
1124 22 74
1129 50 78
1131 1 80
1131 43 78
1135 20 84
1137 33 74
1137 59 74
1138 7 78
1140 9 78
1141 54 80
1142 55 88
1146 51 74
1147 48 74
1153 1 74
1153 54 84
1156 54 84
1158 16 80
1158 41 78
1159 43 88
1160 40 70
1163 60 74
1164 26 84
1178 5 94
1179 35 88
1179 38 80
1181 32 84
1184 62 88
1187 8 74
1188 0 78
1195 2 74
1195 52 80
1198 16 74
1199 42 74
1199 31 94
1203 61 84
1203 29 88
1204 31 70
1207 10 84
1213 42 80
1215 14 74
1215 54 78
1219 56 84
1219 20 74
1223 39 74
1223 11 78
1223 48 78
1224 55 88
1225 24 78
1225 44 70
1225 7 78
1226 33 84
1235 4 88
1235 12 80
1237 26 78
1249 0 84
1249 2 84
1249 61 74
1250 49 84
1256 37 90
1258 37 78
1260 9 74
1265 51 78
1268 40 94
1271 20 88
1271 28 74
1273 59 78
1278 50 94
1279 25 88
1282 18 74
1285 35 78
1285 54 74
1289 18 80
1290 55 94
1291 0 74
1295 39 84
1303 9 88
1305 9 80
1306 6 88
1306 13 74
1312 37 88
1319 56 80
1325 23 78
1327 21 74
1331 14 80
1332 11 84
1335 6 84
1340 63 88
1342 49 88
1342 22 80
468 699 84
470 329 67
473 507 80
483 507 80
579 1310 82
579 686 82
581 655 98
583 1300 86
606 868 78
607 483 86
609 960 90
611 1074 98
625 588 86
1343 450 76
453 27 88
456 60 84
461 42 78
466 33 84
467 17 92
470 52 84
473 31 78
476 11 78
478 31 74
488 18 78
490 16 78
500 13 70
504 10 74
504 59 78
507 9 78
508 22 78
509 19 74
576 49 70
579 1 70
580 11 74
585 46 84
590 52 92
593 24 84
604 49 66
611 39 70
619 60 84
619 54 80
628 15 88
1170 18 74
1173 63 84
1173 28 74
1175 17 80
1175 30 84
458 450 72
467 38 78
468 36 66
468 61 78
580 6 80
581 1 82
583 41 90
606 40 92
607 19 80
609 8 72
609 19 80
612 0 84
612 41 92
612 23 84
614 52 76
615 44 84
615 2 84
