333 886 135
336 1242 139
346 744 143
368 715 143
372 780 135
373 701 139
374 1047 143
377 869 143
394 807 145
403 651 149
403 1295 143
407 710 153
416 1125 135
423 486 149
428 523 153
429 1020 153
444 445 145
450 734 139
458 1097 149
461 1278 153
477 479 145
479 976 149
479 605 139
485 685 143
493 568 145
494 805 149
502 830 149
504 1057 143
504 877 135
504 502 149
507 945 139
509 1158 143
515 403 135
520 575 149
527 1102 143
529 1281 153
529 1323 135
550 1031 139
555 1100 143
556 555 143
558 802 135
559 844 139
564 1162 143
569 1285 143
644 469 135
655 1045 139
665 461 143
667 706 143
675 819 135
675 1159 149
680 1117 153
682 1148 153
689 1039 135
694 964 149
699 1059 143
700 846 153
701 1138 135
705 897 139
705 1014 143
707 453 153
720 497 145
747 858 139
752 434 143
752 1175 153
760 1049 135
766 1303 149
800 701 143
800 487 153
805 1028 135
807 617 149
812 929 143
813 613 143
849 821 135
867 994 139
875 1256 143
876 594 143
879 670 135
902 1014 139
916 807 153
918 1113 143
932 527 135
958 409 149
960 728 153
963 440 153
964 453 135
966 430 139
967 554 153
972 515 153
976 427 145
978 655 139
985 554 153
990 613 153
991 1171 135
1009 508 139
1014 531 153
1021 1193 143
1024 614 145
1028 774 149
1033 970 143
1041 541 153
1043 461 145
1043 654 139
1047 514 143
1055 874 153
1059 861 145
1059 1070 139
1064 1036 153
1067 1198 153
1074 707 135
1074 491 139
1076 922 153
1080 866 143
1081 1311 145
1099 1039 139
1105 830 153
1119 485 153
1121 1175 145
1131 923 149
1133 825 153
1147 647 143
1164 857 135
1178 456 149
1181 896 149
1181 612 143
1203 689 135
1206 411 139
1223 442 153
1226 520 143
1244 1187 135
1245 1176 139
1247 799 153
1250 405 143
1270 1188 145
1271 940 139
1298 933 153
1306 437 143
1308 696 145
1311 851 139
1326 891 153
1331 746 143
464 957 131
468 864 139
468 560 139
589 1166 153
593 1114 131
619 453 145
622 1052 143
902 345 139
1168 835 131
1314 377 145
322 41 133
323 51 137
328 5 139
333 25 143
334 3 137
334 43 137
335 16 139
335 47 133
337 0 147
339 28 147
348 45 129
349 54 133
362 6 147
367 12 137
369 52 139
372 23 133
391 20 147
401 49 147
404 7 129
406 16 143
410 5 137
429 38 147
434 51 139
435 18 133
441 56 137
450 8 133
450 41 139
451 21 143
452 16 143
456 30 147
457 30 139
462 15 133
475 44 143
476 10 147
485 46 139
502 62 143
508 35 133
509 12 147
509 28 129
514 11 143
520 3 137
529 34 137
533 41 139
533 11 133
539 22 147
541 32 147
551 30 139
555 37 133
557 0 147
558 45 137
560 56 129
561 26 133
575 16 137
643 57 137
650 30 129
656 41 143
657 7 137
667 37 147
672 56 129
672 45 143
690 8 137
690 19 137
691 60 129
694 5 133
694 62 137
701 27 147
718 58 129
724 28 133
730 32 137
736 26 147
742 45 139
744 1 133
746 9 137
746 41 137
753 58 129
753 62 133
756 21 147
767 33 137
767 4 129
772 17 143
774 0 137
779 61 147
780 22 139
782 37 133
787 9 137
788 50 137
799 48 129
799 19 133
804 47 137
819 12 137
819 46 129
820 60 143
823 56 147
827 15 147
834 56 139
839 10 133
843 42 137
848 61 147
854 20 129
861 40 133
861 50 137
863 48 137
863 33 139
865 16 133
872 54 137
880 42 137
889 53 129
894 40 133
908 53 137
923 12 147
923 55 129
926 25 143
926 36 147
927 53 137
928 29 129
933 26 133
944 2 147
958 44 147
961 14 129
970 42 143
971 18 137
973 58 147
975 39 129
976 43 133
977 26 147
977 39 147
984 33 129
985 2 143
990 25 137
995 58 137
997 43 139
999 39 133
1002 48 137
1003 36 147
1008 63 129
1018 39 143
1020 21 137
1021 59 137
1027 42 129
1033 26 143
1047 10 137
1062 53 137
1065 44 129
1073 32 133
1073 8 147
1075 35 137
1092 14 129
1096 9 143
1102 24 137
1102 14 137
1103 37 129
1106 25 143
1108 51 147
1109 24 147
1112 47 129
1119 22 133
1119 54 147
1121 56 137
1128 59 129
1131 36 133
1133 31 137
1140 24 147
1142 58 139
1144 10 143
1151 58 137
1152 56 147
1152 31 139
1152 6 143
1159 17 143
1160 26 147
1161 2 139
1163 11 133
1181 41 143
1184 17 137
1185 55 129
1187 18 143
1194 51 143
1199 9 137
1203 10 129
1206 40 133
1211 63 143
1221 21 147
1223 30 129
1226 25 133
1230 13 137
1231 26 137
1237 19 139
1245 4 133
1250 19 137
1265 35 147
1269 12 129
1276 3 143
1278 31 137
1292 5 147
1294 58 129
1311 18 143
1314 56 137
1334 40 147
1336 30 139
589 363 141
603 888 143
606 1235 153
614 531 137
615 716 135
898 328 135
1318 330 139
464 20 125
464 22 143
465 19 143
467 59 137
576 52 135
581 56 129
583 25 147
586 45 137
587 12 135
588 49 129
591 0 147
595 52 147
596 14 135
597 56 129
623 49 137
625 51 147
627 62 135
629 30 129
1168 1 139
1172 63 137
1175 31 125
600 56 135
605 53 129
605 46 147
607 62 121
609 18 135
609 31 137
322 438 98
328 690 84
328 1300 94
329 633 79
332 1001 93
332 1331 89
333 697 84
334 1252 88
336 659 79
336 1021 89
339 864 84
345 918 84
348 1306 88
348 821 89
352 1113 99
354 727 98
358 886 79
365 1102 89
369 1326 79
372 625 89
372 371 98
372 1244 94
373 716 84
373 815 79
374 1049 93
376 914 89
376 797 83
379 364 84
382 723 93
382 701 89
383 1339 79
383 666 89
387 1162 98
389 819 89
390 516 99
390 1245 88
396 757 93
396 629 89
401 377 84
402 404 99
402 767 98
406 363 84
407 563 89
407 958 88
416 819 98
419 1247 79
421 605 84
428 539 84
435 1094 88
437 1215 79
438 905 83
438 1292 93
440 793 93
441 1153 99
441 785 79
442 665 84
445 805 93
447 338 84
447 901 89
450 663 89
451 888 98
451 1286 99
462 1330 89
473 1233 84
474 1162 103
476 950 84
486 647 84
490 598 84
492 1134 93
493 767 89
497 492 99
500 438 99
501 908 93
505 723 84
509 1055 94
513 1288 103
520 785 79
521 999 94
523 1000 89
530 1184 88
530 1047 88
531 674 94
533 1198 84
537 377 88
542 1008 88
542 720 89
544 1020 83
545 1224 94
545 1002 103
545 958 79
548 636 89
550 673 89
552 546 93
553 1122 89
556 1144 79
558 760 83
563 723 103
563 365 84
568 653 89
571 493 103
573 365 88
575 581 89
580 862 89
596 1268 79
598 1036 93
622 1065 89
633 697 79
633 843 89
634 1312 93
636 1126 79
643 566 94
646 396 79
652 946 83
653 1220 79
655 439 89
658 1059 84
661 563 103
662 419 99
665 1247 89
665 663 89
667 943 103
673 746 79
679 546 83
680 1252 84
683 705 93
687 880 99
688 1036 89
694 1012 99
694 859 98
697 874 94
699 838 79
701 1013 89
706 552 103
708 1263 89
709 1112 94
710 688 89
716 1157 83
720 1151 84
723 541 84
729 675 89
729 742 88
730 608 84
730 1057 84
731 682 89
731 1255 93
731 685 89
732 844 89
732 595 83
734 1265 93
736 699 79
736 604 84
737 785 84
737 1018 93
744 1156 94
744 1029 84
746 643 79
747 993 93
748 858 79
750 376 84
753 1166 83
754 730 83
754 1118 84
755 804 99
755 716 88
757 1062 98
758 774 89
758 542 94
760 793 103
766 1034 93
767 817 84
768 666 89
769 1260 98
771 791 103
777 865 94
779 973 89
780 951 98
782 1291 79
783 840 89
785 1037 83
787 1068 99
788 512 83
788 963 99
797 1082 84
799 581 89
800 898 98
800 843 79
801 801 93
804 890 84
804 1219 83
804 786 84
804 366 84
806 857 103
809 1129 103
809 1004 89
810 1188 94
815 1072 84
815 1307 93
817 1336 99
817 571 79
817 492 83
819 1285 88
821 1220 99
823 416 89
824 1161 103
830 846 103
833 384 84
838 390 99
839 997 89
840 948 83
843 1190 79
845 771 93
846 1250 83
846 718 93
847 758 84
849 823 84
854 752 98
858 691 93
858 1303 99
859 671 79
861 577 94
864 1231 88
865 812 94
865 903 89
868 478 83
870 1182 93
871 629 84
871 987 79
872 1126 83
874 942 93
879 1148 94
879 1074 89
880 970 89
880 1123 98
880 1268 79
883 823 94
883 551 83
886 888 98
888 1001 89
888 764 89
891 942 93
895 1097 98
895 982 89
896 936 84
896 403 83
899 491 83
901 788 94
906 911 94
910 997 79
910 846 83
912 808 99
912 918 79
914 891 83
914 1271 83
914 1119 94
920 667 89
921 994 84
923 363 98
926 690 84
928 778 89
930 990 79
932 662 103
933 1003 89
934 1299 83
934 657 99
935 1012 98
936 1027 79
938 708 84
940 1144 99
940 874 93
944 622 94
947 607 79
951 518 84
952 721 98
957 1119 99
960 1292 89
961 611 88
962 667 88
965 1073 79
965 1158 99
977 1206 94
978 1036 83
982 480 89
982 874 79
984 943 89
986 905 93
986 1037 99
987 916 89
989 705 79
989 820 83
992 822 84
993 643 89
994 1315 88
994 669 93
996 1320 89
997 964 93
999 452 99
1001 1265 83
1001 1092 99
1003 717 89
1008 1042 89
1009 1151 98
1013 424 79
1013 720 94
1017 445 83
1019 476 93
1024 1206 99
1025 728 99
1027 596 93
1030 580 93
1031 932 79
1033 555 83
1034 1091 83
1034 758 83
1035 605 84
1035 1078 94
1041 851 89
1043 627 93
1047 796 89
1050 872 99
1050 786 88
1053 904 98
1055 1141 89
1056 706 84
1056 404 84
1056 766 98
1058 1199 89
1060 541 99
1061 1128 88
1062 564 79
1064 556 79
1068 1120 94
1068 586 99
1068 958 98
1074 1041 99
1075 1093 99
1076 589 103
1083 830 93
1083 767 79
1086 906 84
1089 475 83
1089 749 93
1094 1178 79
1095 515 94
1098 1257 84
1098 597 88
1100 423 99
1101 1311 84
1101 487 93
1105 864 89
1105 1153 99
1110 1094 84
1118 564 93
1119 889 88
1123 1033 84
1124 1317 89
1127 902 89
1131 1158 83
1138 1251 89
1138 861 89
1138 758 84
1139 567 88
1140 885 94
1144 1289 89
1144 1263 98
1145 851 103
1148 1197 84
1151 814 94
1156 1034 89
1157 719 93
1158 1195 99
1158 869 79
1161 934 89
1164 1135 88
1165 1260 84
1166 1041 89
1166 1250 94
1176 701 79
1176 398 89
1181 1289 89
1182 649 89
1182 549 93
1183 1320 89
1186 743 94
1190 1257 89
1191 824 93
1197 1024 89
1199 777 84
1206 575 89
1208 497 103
1209 921 89
1215 573 89
1218 901 103
1218 1143 103
1222 950 89
1223 818 84
1226 549 84
1226 1206 83
1229 720 94
1229 1134 79
1235 389 84
1237 1263 83
1242 1012 99
1247 603 83
1248 804 89
1249 383 88
1252 1152 79
1253 1043 93
1256 760 84
1258 803 83
1261 709 94
1263 791 79
1265 913 99
1265 1229 83
1270 564 99
1270 1111 94
1271 518 89
1273 983 93
1276 1119 79
1278 530 93
1282 419 84
1285 1097 88
1286 1029 89
1286 1062 99
1290 866 89
1290 1142 88
1291 1318 79
1291 478 99
1299 1306 89
1300 761 93
1303 1198 94
1306 834 89
1307 904 98
1308 1257 79
1308 430 84
1310 551 89
1311 1188 89
1313 1184 93
1315 1065 94
1315 973 79
1316 840 83
1317 1076 98
1318 1057 79
1318 1015 99
1323 403 99
1328 1290 98
1328 1199 84
1329 985 84
1335 430 93
1336 1131 103
1339 531 79
1339 877 94
1340 875 99
1343 1237 103
1343 1261 94
324 364 75
365 494 90
450 923 83
453 650 85
458 663 83
468 699 84
473 507 94
483 507 80
485 931 75
500 609 83
501 622 83
504 785 85
505 1095 93
511 395 93
514 359 89
559 364 95
576 977 95
576 351 88
577 994 93
581 812 80
583 1219 80
585 554 88
589 369 75
601 831 85
601 429 79
612 727 79
613 777 93
619 864 85
620 922 90
620 588 88
624 825 93
630 1195 85
633 996 95
634 1248 88
639 628 103
848 358 75
890 493 90
992 365 85
1032 378 89
1098 369 95
1102 358 75
1122 378 95
1166 367 85
1168 1013 85
1172 1160 89
1172 922 99
1172 834 84
1173 1305 85
1173 999 99
1174 1120 79
1208 359 89
1224 371 85
1250 496 80
1292 347 89
1319 468 84
1327 382 85
320 40 78
322 50 87
324 13 87
325 31 73
332 49 78
333 16 87
333 21 87
333 27 88
334 12 78
334 54 73
335 53 92
336 3 78
336 54 73
338 13 87
338 15 77
339 55 78
345 37 78
348 50 73
349 32 92
349 42 93
354 43 83
357 12 83
358 23 92
362 47 83
363 59 77
364 59 83
365 33 87
367 2 83
368 11 77
369 48 83
369 21 87
371 49 73
371 13 83
372 30 78
373 39 87
373 30 88
378 13 73
379 44 78
379 59 77
382 48 73
382 60 87
382 38 83
385 16 82
385 31 73
387 12 87
389 33 77
390 4 77
391 6 78
393 1 73
393 61 93
394 35 82
395 31 83
395 60 78
402 22 73
403 8 87
404 24 88
404 50 83
405 11 77
415 32 82
415 22 78
417 43 83
417 47 97
419 11 82
419 6 93
421 49 78
421 62 82
422 55 87
424 8 83
424 26 83
426 63 73
428 56 87
428 38 78
428 15 73
430 4 77
434 38 87
439 30 83
440 51 78
441 60 77
441 63 77
442 54 73
444 58 83
445 54 78
451 57 87
453 27 78
456 18 83
456 60 88
457 57 97
461 42 88
461 46 83
462 8 83
473 31 92
476 11 78
478 63 93
478 31 88
488 18 92
490 16 78
491 41 83
500 13 88
503 29 87
504 10 78
504 59 88
507 9 88
508 22 92
509 11 83
509 19 78
512 22 83
513 53 82
516 43 73
518 5 78
518 45 87
518 7 92
520 8 83
520 31 77
521 49 77
521 13 82
522 43 88
523 57 73
527 1 83
527 51 87
537 27 93
539 14 78
542 22 73
542 23 87
542 28 83
544 6 83
546 38 73
546 63 77
549 46 78
551 44 83
551 60 88
552 17 77
552 10 73
552 14 83
555 35 83
555 48 87
555 54 88
558 40 78
558 12 83
558 47 87
561 51 88
564 16 83
566 3 93
566 43 92
567 35 78
567 14 83
568 32 83
575 57 82
581 18 83
585 14 73
591 54 83
596 62 77
596 47 73
616 4 73
620 33 73
627 60 77
633 8 73
641 47 83
646 55 82
647 50 92
652 44 93
653 62 73
654 27 93
656 35 82
656 46 83
657 16 87
658 39 87
661 50 82
662 20 83
662 15 93
663 59 73
663 14 77
666 46 78
669 17 83
669 13 88
671 61 77
671 55 83
672 36 93
673 54 73
675 11 77
675 36 78
679 34 93
683 16 82
683 48 73
688 56 93
688 12 78
689 4 83
690 49 82
690 11 83
694 8 83
694 56 83
697 9 77
701 23 78
701 29 88
705 35 83
706 36 97
706 7 83
706 48 78
708 19 92
709 41 73
709 18 93
710 2 83
711 10 88
711 46 87
711 55 93
715 56 88
716 16 73
716 60 87
716 58 88
717 20 83
720 52 87
720 62 87
721 40 93
721 52 88
723 26 83
724 17 77
725 9 73
727 61 78
728 15 78
730 42 82
732 23 73
734 36 78
737 38 88
740 42 87
743 18 73
748 48 78
748 49 77
751 48 97
751 15 78
752 14 73
754 8 87
754 44 87
755 3 83
755 53 83
756 49 87
759 0 77
759 2 83
759 61 93
760 10 77
764 15 87
766 0 93
766 53 83
767 19 92
767 27 97
768 41 93
768 28 73
768 29 77
771 50 77
777 41 78
777 4 93
777 1 73
778 48 92
780 45 83
785 8 88
787 51 82
789 39 83
791 16 78
794 63 93
795 16 87
795 58 83
797 50 73
803 17 87
805 13 83
806 7 97
809 50 93
809 23 93
811 55 97
812 19 87
812 51 83
812 46 78
814 17 82
814 28 73
815 3 73
817 58 87
818 19 78
822 42 87
822 15 83
824 33 93
824 28 82
827 18 83
833 16 73
833 2 77
833 61 78
834 34 82
839 12 88
842 6 83
844 2 83
845 46 87
845 14 93
848 36 78
849 41 82
852 26 73
854 52 88
854 58 73
862 7 77
866 49 77
866 18 83
867 40 93
867 26 77
869 2 87
870 61 83
871 2 78
872 57 83
872 51 87
872 44 88
875 7 93
876 9 97
877 2 82
877 34 83
883 48 83
885 42 82
885 26 73
887 32 83
890 36 87
890 31 78
891 49 92
891 58 78
891 53 83
894 42 87
895 4 97
899 20 73
899 13 78
900 50 83
900 14 87
901 18 93
902 3 93
903 30 87
904 24 87
905 46 83
906 27 93
906 50 87
906 34 73
908 36 83
909 19 88
911 49 82
911 23 97
913 40 88
913 36 73
913 18 93
920 3 87
920 43 73
922 13 78
923 7 93
923 60 97
928 19 73
928 54 87
931 51 78
931 62 77
933 0 83
933 36 83
934 31 97
934 7 73
936 14 83
938 12 78
940 16 92
940 11 97
940 51 83
945 58 93
945 36 92
946 15 92
957 5 78
957 22 73
958 31 88
959 34 87
965 0 88
965 54 78
966 5 87
968 57 87
970 59 83
971 31 93
972 33 97
972 3 83
972 46 88
973 56 93
974 41 97
975 0 73
975 16 88
976 54 83
978 31 83
982 59 82
984 2 83
987 25 73
987 30 78
990 6 82
990 41 73
992 0 93
993 51 87
994 35 77
994 20 83
995 42 93
996 1 78
997 42 97
997 62 88
999 13 88
1001 11 92
1003 44 73
1003 15 88
1004 25 78
1004 45 83
1005 40 97
1005 35 78
1007 16 93
1007 11 92
1008 32 97
1015 11 93
1015 6 73
1017 38 83
1019 25 87
1020 0 93
1021 13 83
1024 32 97
1024 36 82
1024 57 83
1026 32 78
1027 21 92
1028 7 73
1029 34 93
1029 12 88
1030 9 73
1031 14 77
1031 38 83
1033 6 87
1039 5 87
1042 33 88
1043 9 88
1049 8 73
1050 42 77
1055 12 82
1056 7 78
1056 39 83
1056 24 78
1057 16 77
1060 52 73
1060 21 78
1061 59 78
1061 54 77
1062 36 83
1064 28 83
1067 33 97
1074 36 83
1074 42 83
1074 62 93
1076 15 93
1082 20 87
1082 34 93
1082 60 73
1083 48 93
1083 10 97
1083 43 83
1086 43 77
1086 13 83
1088 29 87
1088 5 78
1090 19 83
1090 4 73
1091 38 97
1095 61 93
1097 43 73
1100 0 83
1100 10 87
1100 19 73
1102 54 93
1103 57 88
1105 15 77
1105 20 83
1105 30 77
1106 8 87
1106 5 87
1108 50 93
1111 58 83
1112 1 87
1114 30 73
1115 8 73
1118 11 77
1120 24 77
1122 35 77
1124 22 78
1126 25 97
1128 40 83
1129 50 92
1131 43 88
1131 29 73
1131 30 93
1133 36 87
1133 38 83
1137 33 78
1137 59 92
1138 7 92
1139 62 83
1140 40 83
1140 9 78
1145 6 77
1146 51 88
1146 20 73
1147 48 78
1153 1 78
1156 62 73
1158 41 78
1159 36 83
1160 40 82
1160 53 73
1163 60 78
1164 15 73
1179 15 83
1182 22 83
1185 52 83
1185 37 83
1185 45 87
1187 8 78
1187 62 83
1187 55 93
1188 0 92
1191 58 93
1191 62 73
1194 38 83
1195 2 78
1195 53 73
1196 22 83
1196 46 83
1197 39 93
1198 16 78
1198 11 83
1199 42 88
1203 29 78
1203 37 83
1204 31 88
1206 14 73
1209 11 83
1211 9 93
1211 45 93
1213 14 83
1215 14 92
1215 54 78
1215 55 83
1219 20 88
1221 2 87
1222 17 83
1222 63 83
1223 39 78
1223 11 92
1223 48 78
1225 24 78
1225 44 82
1225 7 92
1237 26 88
1242 48 77
1242 2 73
1245 59 87
1245 7 83
1248 16 73
1248 43 83
1249 0 92
1249 20 93
1249 61 78
1251 0 73
1257 50 97
1258 37 78
1260 9 88
1261 4 83
1265 51 78
1266 63 87
1270 41 73
1271 7 83
1271 44 97
1271 28 78
1273 59 88
1279 26 87
1282 18 82
1282 37 93
1285 35 82
1285 54 78
1286 4 97
1291 0 88
1298 62 83
1299 34 87
1306 10 83
1306 13 78
1306 24 77
1306 26 83
1310 52 87
1311 6 73
1313 63 93
1314 11 77
1318 46 87
1320 51 83
1322 41 93
1323 32 77
1325 23 78
1326 3 93
1327 9 83
1327 12 87
1327 21 92
1329 42 83
1329 58 93
1329 62 83
1331 14 92
1332 5 93
1332 15 73
1334 26 77
1336 43 83
1340 33 83
1340 59 83
1343 40 87
322 1028 104
322 933 100
325 805 100
325 1158 100
327 523 104
335 339 71
347 1335 90
349 504 90
364 338 85
367 1303 96
371 336 95
373 1129 104
376 1245 94
384 968 100
392 796 96
395 1015 94
416 507 94
424 522 90
429 567 86
442 1224 104
445 1027 94
451 1114 90
455 337 95
458 450 90
461 834 90
461 1156 90
466 1076 81
473 824 90
487 960 86
487 1313 100
491 1152 104
494 1065 90
502 1260 100
503 758 90
505 789 90
507 352 79
514 460 96
515 1231 100
522 897 94
537 961 94
544 1234 94
549 344 96
552 1037 94
553 324 75
553 647 100
554 1139 100
555 779 96
555 731 94
557 686 94
560 1031 90
560 995 100
561 1021 90
600 1332 93
601 1161 81
603 494 85
605 1017 93
607 1119 98
613 501 95
615 594 81
616 490 84
644 1060 90
655 1277 100
658 533 90
671 864 104
679 334 100
682 503 100
685 1196 90
697 817 94
703 984 90
708 392 90
711 672 90
716 1026 94
727 1303 90
732 764 90
753 673 100
753 1172 94
754 537 100
754 1179 100
755 918 100
759 1083 94
777 374 100
778 854 90
793 1254 90
810 975 104
819 653 96
820 882 90
821 744 104
831 951 94
835 1268 90
847 1129 100
852 522 100
857 911 104
861 1121 86
863 569 94
871 1339 100
880 846 94
887 501 90
889 404 100
889 654 90
891 378 86
894 487 94
905 655 90
906 1335 94
910 724 94
910 922 90
913 756 100
927 920 90
927 451 94
929 924 90
931 918 90
946 1249 90
960 367 94
964 866 90
966 1315 90
968 929 100
975 663 94
982 546 100
984 1059 90
984 1027 90
999 715 104
1008 328 81
1013 351 86
1015 443 100
1024 323 99
1026 740 94
1027 1134 90
1031 777 86
1038 411 104
1041 1117 94
1047 1313 104
1047 723 86
1052 1312 90
1057 1161 96
1074 847 90
1078 1018 104
1081 674 94
1084 946 104
1086 791 100
1096 945 86
1097 903 104
1099 491 104
1100 392 90
1103 1156 96
1124 757 94
1140 539 104
1141 682 90
1142 916 86
1145 357 104
1147 817 94
1152 383 90
1153 774 96
1157 344 100
1162 498 94
1170 374 81
1184 513 100
1191 1119 100
1194 992 100
1207 859 100
1209 1001 90
1215 674 86
1222 1171 94
1231 455 100
1249 531 100
1255 544 90
1261 1134 94
1283 416 104
1313 406 90
1318 1065 86
1319 749 94
1326 736 104
1339 1273 90
1343 450 86
453 33 69
453 49 77
453 63 69
455 35 77
466 50 87
467 38 74
468 32 93
468 36 78
468 61 92
469 16 79
473 16 77
483 42 77
484 59 79
484 14 87
501 53 87
503 61 77
508 3 77
576 49 84
579 1 82
579 4 97
580 11 84
589 12 89
589 29 74
591 61 92
593 39 92
598 27 79
598 7 82
600 42 83
601 7 73
605 27 69
606 49 83
613 55 83
614 21 69
614 6 73
616 35 92
617 0 82
622 50 87
622 44 89
623 7 79
623 15 97
627 41 92
629 52 89
629 36 82
630 33 74
633 34 87
636 26 79
636 4 84
637 16 87
1168 6 79
1170 18 88
1170 21 73
1171 60 83
1173 28 82
1174 51 69
1174 13 83
1175 62 83
377 615 90
410 593 82
469 653 86
520 605 86
579 1310 94
579 686 82
581 655 94
583 1300 86
586 1176 94
618 521 82
624 1253 94
628 849 86
630 1219 94
634 906 92
637 1037 86
646 616 100
667 587 90
756 593 82
871 606 100
1001 618 82
1060 616 90
1112 616 96
1170 654 96
1173 493 100
1225 593 100
1315 576 82
1315 605 96
1316 577 90
325 43 80
329 27 84
330 17 88
330 14 88
333 55 98
337 4 90
345 15 98
358 21 94
368 16 88
368 23 90
383 51 94
383 55 98
387 55 88
391 47 90
398 20 98
405 45 98
413 26 84
419 19 90
423 13 84
427 8 98
435 53 98
441 55 80
442 61 84
444 26 98
455 42 90
461 21 84
465 33 65
465 29 65
466 17 77
467 29 77
476 52 94
481 58 84
484 27 90
484 42 84
493 1 84
498 7 88
502 51 90
502 46 84
514 61 98
520 34 88
523 59 98
530 25 80
531 18 84
533 2 98
542 8 90
549 50 84
559 26 88
560 23 98
565 30 98
566 36 80
568 15 84
604 49 82
604 34 85
606 23 79
607 18 87
611 39 82
613 15 85
641 14 84
643 23 88
649 5 84
652 18 98
654 57 80
654 37 84
654 63 88
658 27 88
669 56 80
673 44 88
673 4 88
682 10 94
685 2 80
691 9 84
697 61 98
697 17 88
703 37 90
706 19 84
706 4 98
709 42 88
725 55 94
727 56 88
727 44 94
731 31 94
742 31 80
744 12 84
747 27 80
752 29 88
759 10 98
760 29 84
771 12 98
772 12 88
780 16 90
783 7 98
788 49 84
788 2 90
795 3 84
802 2 88
808 17 98
809 56 90
813 41 98
820 13 84
833 35 88
837 33 80
837 45 94
838 19 88
839 52 88
840 34 98
840 13 80
845 40 88
846 48 84
847 15 98
849 35 80
851 29 98
852 44 94
858 47 80
859 20 84
865 18 88
876 24 88
876 37 80
877 50 98
879 18 98
888 26 88
901 2 90
904 19 84
904 52 98
908 34 90
910 14 94
910 53 84
918 32 88
927 32 98
933 23 98
934 4 80
942 42 84
946 62 98
948 7 90
950 59 88
972 54 80
975 42 84
982 21 88
982 58 84
986 62 88
993 53 98
1003 37 98
1012 54 90
1013 33 84
1013 38 88
1013 8 88
1026 42 90
1027 41 88
1033 41 98
1036 24 94
1055 46 90
1074 12 98
1076 52 98
1090 32 94
1099 45 80
1101 27 84
1106 60 88
1108 24 88
1109 48 80
1112 10 94
1116 35 98
1119 1 88
1119 58 90
1131 1 90
1135 20 98
1141 54 88
1142 55 88
1153 54 98
1156 54 94
1158 16 94
1159 43 80
1164 26 84
1178 5 84
1179 35 88
1179 38 90
1181 32 84
1184 62 88
1195 52 84
1199 31 94
1203 61 94
1207 10 84
1213 42 84
1219 56 90
1224 55 90
1226 33 94
1235 4 88
1235 12 88
1249 2 94
1250 49 98
1256 37 88
1268 40 80
1271 20 88
1278 50 84
1279 25 98
1289 18 80
1290 55 94
1295 39 80
1303 9 88
1305 9 94
1306 6 88
1312 37 98
1319 56 88
1332 11 90
1335 6 94
1340 63 90
1342 49 90
1342 22 88
458 630 96
470 329 79
606 868 88
607 483 86
609 960 104
611 1074 92
625 588 90
466 33 80
467 17 86
470 52 98
580 6 80
581 1 90
583 41 90
585 46 98
590 52 88
593 24 90
619 60 76
619 54 88
628 15 88
1173 63 90
1175 17 90
1175 30 88
606 40 80
607 19 90
609 8 84
609 19 80
612 0 82
612 41 80
612 23 88
614 52 88
615 44 98
615 2 76
