333 886 177
336 1242 152
346 744 167
368 715 162
372 780 172
373 701 197
374 1047 137
377 869 152
394 807 162
403 651 192
403 1295 127
407 710 137
416 1125 167
423 486 197
428 523 202
429 1020 167
444 445 182
450 734 172
458 1097 142
461 1278 167
464 957 172
468 864 197
468 560 172
477 479 212
479 976 187
485 685 177
493 568 162
494 805 137
502 830 187
504 1057 182
504 877 162
504 502 162
507 945 152
509 1158 212
515 403 152
520 575 177
527 1102 162
529 1281 162
529 1323 162
550 1031 182
555 1100 182
556 555 172
558 802 192
559 844 137
564 1162 167
569 1285 167
644 469 172
655 1045 177
665 461 172
667 706 162
675 819 172
675 1159 177
680 1117 177
682 1148 157
689 1039 177
694 964 162
699 1059 157
700 846 177
701 1138 172
705 897 177
705 1014 127
707 453 197
720 497 177
747 858 202
752 434 152
752 1175 167
760 1049 142
766 1303 182
800 701 172
800 487 177
805 1028 152
812 929 152
849 821 152
867 994 222
875 1256 152
879 670 207
898 328 212
902 345 142
902 1014 212
916 807 152
918 1113 177
932 527 182
958 409 157
960 728 192
963 440 177
964 453 177
966 430 137
967 554 222
972 515 192
976 427 187
978 655 157
985 554 182
991 1171 187
1009 508 192
1014 531 197
1021 1193 162
1028 774 147
1033 970 177
1041 541 162
1043 461 202
1043 654 172
1047 514 192
1055 874 147
1059 861 172
1059 1070 202
1064 1036 162
1067 1198 162
1074 707 187
1074 491 147
1076 922 152
1080 866 187
1081 1311 192
1099 1039 187
1105 830 152
1119 485 192
1121 1175 202
1131 923 177
1133 825 172
1147 647 187
1164 857 167
1168 835 207
1178 456 182
1181 896 147
1203 689 197
1206 411 172
1223 442 167
1226 520 177
1244 1187 192
1245 1176 222
1247 799 162
1250 405 197
1270 1188 167
1271 940 167
1298 933 167
1306 437 212
1308 696 137
1311 851 182
1314 377 197
1318 330 137
1326 891 147
1331 746 192
479 605 158
589 363 148
589 1166 158
593 1114 193
619 453 173
622 1052 163
807 617 158
813 613 163
876 594 148
990 613 158
1024 614 148
1181 612 193
322 41 191
323 51 176
328 5 156
333 25 166
334 3 166
334 43 191
335 16 166
335 47 156
337 0 171
339 28 161
348 45 156
349 54 171
362 6 141
367 12 176
369 52 176
372 23 146
391 20 161
401 49 151
404 7 181
406 16 201
410 5 161
429 38 146
434 51 156
435 18 181
441 56 141
450 8 166
450 41 181
451 21 181
452 16 151
456 30 151
457 30 166
462 15 186
464 20 181
464 22 146
465 19 161
467 59 176
475 44 181
476 10 161
485 46 131
502 62 146
508 35 166
509 12 146
509 28 191
514 11 171
520 3 146
529 34 191
533 41 141
533 11 161
539 22 156
541 32 201
551 30 161
555 37 201
557 0 151
558 45 141
560 56 146
561 26 136
575 16 186
643 57 196
650 30 146
656 41 166
657 7 121
667 37 166
672 56 181
672 45 171
690 8 166
690 19 181
691 60 176
694 5 181
694 62 191
701 27 166
718 58 186
724 28 171
730 32 186
736 26 121
742 45 166
744 1 196
746 9 121
746 41 186
753 58 176
753 62 181
756 21 191
767 33 156
767 4 161
772 17 181
774 0 191
779 61 166
780 22 171
782 37 181
787 9 156
788 50 171
799 48 186
799 19 181
804 47 176
819 12 166
819 46 191
820 60 161
823 56 156
827 15 171
834 56 156
839 10 121
843 42 166
848 61 191
854 20 136
861 40 181
861 50 146
863 48 151
863 33 166
865 16 171
872 54 171
880 42 161
889 53 156
894 40 146
908 53 146
923 12 181
923 55 171
926 25 141
926 36 131
927 53 146
928 29 166
933 26 181
944 2 181
958 44 186
961 14 141
970 42 166
971 18 146
973 58 156
975 39 206
976 43 146
977 26 156
977 39 171
984 33 171
985 2 176
990 25 156
995 58 191
997 43 151
999 39 176
1002 48 156
1003 36 141
1008 63 131
1018 39 171
1020 21 156
1021 59 196
1027 42 166
1033 26 181
1047 10 171
1062 53 146
1065 44 171
1073 32 196
1073 8 151
1075 35 141
1092 14 176
1096 9 131
1102 24 171
1102 14 156
1103 37 166
1106 25 166
1108 51 151
1109 24 176
1112 47 146
1119 22 176
1119 54 186
1121 56 176
1128 59 176
1131 36 166
1133 31 176
1140 24 171
1142 58 141
1144 10 161
1151 58 156
1152 56 186
1152 31 196
1152 6 201
1159 17 131
1160 26 201
1161 2 151
1163 11 146
1168 1 171
1172 63 161
1175 31 196
1181 41 171
1184 17 171
1185 55 171
1187 18 131
1194 51 181
1199 9 191
1203 10 191
1206 40 146
1211 63 146
1221 21 181
1223 30 181
1226 25 186
1230 13 146
1231 26 121
1237 19 151
1245 4 151
1250 19 176
1265 35 166
1269 12 156
1276 3 181
1278 31 181
1292 5 181
1294 58 156
1311 18 146
1314 56 186
1334 40 136
1336 30 146
603 888 178
606 1235 164
614 531 154
615 716 159
576 52 177
581 56 157
583 25 152
586 45 182
587 12 172
588 49 127
591 0 147
595 52 177
596 14 162
597 56 177
623 49 127
625 51 132
627 62 162
629 30 172
322 1028 140
322 933 115
325 805 140
325 1158 100
327 523 145
332 1001 120
332 1331 95
347 1335 115
348 821 95
349 504 140
352 1113 115
364 338 115
365 1102 95
367 1303 110
371 336 95
373 1129 125
374 1049 140
376 1245 145
382 723 120
382 701 105
383 666 140
384 968 90
389 819 115
390 516 110
392 796 160
395 1015 125
396 757 120
402 404 105
407 563 130
416 507 90
424 522 150
429 567 110
440 793 95
441 1153 140
442 1224 130
445 1027 90
445 805 95
450 663 140
451 1114 150
451 1286 85
455 337 120
461 834 135
461 1156 105
462 1330 95
469 653 135
473 824 160
474 1162 95
487 960 125
487 1313 125
491 1152 115
492 1134 120
493 767 95
494 1065 115
497 492 140
500 438 85
501 908 140
502 1260 115
503 758 125
505 789 135
513 1288 105
514 460 130
515 1231 130
522 897 125
523 1000 95
537 961 135
544 1234 110
545 1002 105
549 344 115
550 673 105
552 1037 110
553 1122 95
553 647 130
554 1139 130
555 779 105
555 731 115
557 686 130
559 364 85
560 1031 125
560 995 125
561 1021 130
563 723 115
568 653 115
571 493 105
644 1060 105
655 439 110
655 1277 125
658 533 90
661 563 140
662 419 85
665 1247 105
667 943 120
671 864 125
679 334 125
682 503 135
685 1196 115
687 880 125
694 1012 85
697 817 115
701 1013 105
703 984 105
706 552 85
708 392 90
708 1263 120
711 672 140
716 1026 100
727 1303 115
731 685 120
732 764 115
737 1018 130
747 993 120
753 673 110
753 1172 115
754 537 135
754 1179 100
755 804 130
755 918 140
758 774 105
759 1083 130
760 793 95
766 1034 95
768 666 120
771 791 95
777 374 130
778 854 135
779 973 125
787 1068 115
788 963 130
793 1254 120
806 857 120
809 1129 110
810 975 90
817 1336 120
819 653 145
820 882 115
821 744 130
821 1220 130
823 416 140
824 1161 105
830 846 130
831 951 125
835 1268 115
838 390 105
847 1129 135
852 522 110
857 911 125
858 691 105
858 1303 110
861 1121 130
863 569 135
870 1182 95
871 1339 115
874 942 95
880 970 95
880 846 90
887 501 115
888 764 130
889 404 125
889 654 115
891 378 105
894 487 130
905 655 135
906 1335 110
910 724 105
910 922 115
912 808 85
913 756 115
927 920 125
927 451 135
928 778 130
929 924 140
931 918 135
932 662 140
934 657 110
940 1144 130
940 874 110
946 1249 130
957 1119 120
960 1292 120
960 367 105
964 866 140
965 1158 150
966 1315 140
968 929 135
975 663 125
982 480 105
982 546 110
984 1059 100
984 1027 125
984 943 120
986 905 105
986 1037 95
987 916 130
992 365 110
993 643 95
994 669 150
999 715 135
999 452 115
1001 1092 105
1003 717 120
1013 351 150
1015 443 130
1019 476 85
1024 323 105
1024 1206 105
1025 728 85
1026 740 115
1027 1134 135
1031 777 115
1038 411 100
1041 1117 150
1047 1313 110
1047 723 115
1047 796 130
1050 872 95
1052 1312 130
1057 1161 150
1058 1199 85
1060 541 115
1074 847 110
1074 1041 85
1075 1093 140
1078 1018 160
1081 674 145
1083 830 120
1084 946 140
1086 791 140
1089 749 105
1096 945 110
1097 903 135
1098 369 150
1099 491 140
1100 392 90
1100 423 130
1101 487 150
1103 1156 125
1105 1153 105
1118 564 105
1122 378 120
1124 757 130
1127 902 110
1138 1251 140
1140 539 125
1141 682 145
1142 916 145
1144 1289 105
1145 851 105
1145 357 115
1147 817 115
1152 383 115
1153 774 110
1156 1034 140
1157 344 110
1157 719 120
1158 1195 105
1161 934 130
1162 498 90
1166 1041 150
1168 1013 105
1170 654 90
1172 922 110
1173 493 110
1173 999 120
1176 398 140
1182 649 130
1182 549 140
1184 513 100
1190 1257 95
1191 824 95
1191 1119 110
1194 992 125
1197 1024 140
1206 575 105
1207 859 160
1208 497 105
1209 921 115
1209 1001 110
1215 674 100
1215 573 140
1218 901 130
1218 1143 130
1222 1171 125
1231 455 115
1248 804 120
1249 531 175
1255 544 135
1261 1134 150
1265 913 140
1270 564 125
1273 983 130
1283 416 125
1286 1029 105
1286 1062 85
1291 478 120
1299 1306 110
1300 761 130
1306 834 105
1310 551 120
1313 406 150
1318 1015 120
1318 1065 100
1319 749 115
1323 403 110
1326 736 130
1327 382 95
1335 430 85
1336 1131 95
1339 1273 115
1340 875 105
1343 1237 125
600 56 158
605 53 158
605 46 157
607 62 123
609 18 143
609 31 193
322 438 90
324 364 81
328 690 101
328 1300 121
333 697 105
334 1252 111
335 339 116
336 659 96
336 1021 75
339 864 95
345 918 115
348 1306 111
354 727 80
358 886 91
365 494 111
369 1326 106
372 625 111
372 371 111
372 1244 130
373 716 110
373 815 116
376 914 90
376 797 126
377 615 86
379 364 91
383 1339 106
387 1162 120
390 1245 76
401 377 105
402 767 91
406 363 90
407 958 126
410 593 121
416 819 115
419 1247 106
428 539 121
435 1094 111
437 1215 91
438 905 116
438 1292 105
441 785 86
442 665 80
447 338 136
447 901 126
450 923 101
451 888 105
453 650 106
458 450 101
458 663 111
466 1076 100
468 699 115
470 329 86
473 1233 111
473 507 120
476 950 101
483 507 100
485 931 101
486 647 111
504 785 116
505 723 110
505 1095 106
507 352 75
509 1055 111
511 395 96
514 359 116
520 785 120
520 605 136
521 999 91
530 1184 115
530 1047 126
531 674 95
533 1198 116
537 377 110
542 1008 101
542 720 86
544 1020 116
545 1224 115
545 958 96
552 546 100
553 324 101
556 1144 75
558 760 101
563 365 76
573 365 120
576 977 126
577 994 106
579 1310 111
579 686 111
581 655 101
583 1300 136
586 1176 101
618 521 121
619 864 126
624 825 136
624 1253 111
628 849 146
630 1219 141
630 1195 136
633 996 116
634 906 111
637 1037 111
643 566 115
646 616 136
646 396 101
652 946 81
653 1220 85
658 1059 96
665 663 106
673 746 95
679 546 71
680 1252 116
683 705 106
688 1036 90
694 859 105
697 874 115
699 838 111
709 1112 126
710 688 71
716 1157 85
720 1151 126
723 541 110
729 675 86
729 742 91
730 1057 105
731 682 101
731 1255 71
732 844 105
734 1265 101
736 699 120
737 785 101
744 1156 95
744 1029 121
746 643 106
748 858 96
750 376 110
753 1166 96
754 730 110
754 1118 96
755 716 80
756 593 121
757 1062 91
758 542 115
767 817 126
769 1260 95
777 865 116
780 951 95
782 1291 81
783 840 95
785 1037 71
788 512 106
797 1082 126
800 898 106
800 843 86
801 801 110
804 890 105
804 1219 96
804 786 96
804 366 90
809 1004 116
810 1188 106
815 1072 105
815 1307 91
817 571 111
817 492 81
819 1285 116
833 384 115
839 997 106
840 948 75
843 1190 96
845 771 120
846 1250 106
846 718 106
847 758 86
848 358 86
849 823 106
854 752 76
859 671 81
864 1231 101
865 812 125
865 903 101
868 478 91
871 606 121
871 987 110
872 1126 101
879 1148 95
879 1074 91
880 1123 100
880 1268 101
883 823 101
883 551 96
886 888 115
888 1001 116
890 493 116
891 942 81
895 1097 95
895 982 96
896 936 126
896 403 101
899 491 95
901 788 120
906 911 110
910 997 96
910 846 95
912 918 106
914 891 100
914 1271 101
914 1119 120
920 667 96
921 994 91
923 363 105
926 690 80
930 990 96
933 1003 110
934 1299 116
935 1012 91
936 1027 96
938 708 86
951 518 101
952 721 125
962 667 90
965 1073 96
977 1206 106
978 1036 71
982 874 126
989 705 105
989 820 101
992 822 120
994 1315 91
996 1320 106
997 964 111
1001 1265 75
1001 618 106
1008 328 106
1008 1042 126
1009 1151 116
1013 424 101
1013 720 115
1017 445 130
1027 596 101
1030 580 136
1031 932 86
1032 378 86
1033 555 120
1034 1091 130
1034 758 116
1035 1078 76
1041 851 81
1050 786 115
1053 904 126
1055 1141 81
1056 706 120
1056 404 90
1056 766 106
1060 616 121
1061 1128 90
1062 564 106
1064 556 85
1068 1120 91
1068 586 136
1068 958 86
1076 589 101
1083 767 81
1086 906 115
1089 475 96
1094 1178 85
1095 515 91
1098 1257 115
1101 1311 100
1102 358 116
1105 864 91
1110 1094 76
1112 616 106
1119 889 101
1123 1033 111
1124 1317 71
1131 1158 91
1138 861 101
1138 758 96
1139 567 80
1140 885 91
1144 1263 105
1148 1197 91
1151 814 115
1158 869 106
1164 1135 115
1165 1260 126
1166 1250 90
1166 367 91
1170 374 86
1172 1160 90
1172 834 130
1173 1305 81
1174 1120 86
1176 701 110
1181 1289 91
1183 1320 105
1186 743 111
1199 777 100
1208 359 96
1222 950 105
1223 818 91
1224 371 71
1225 593 146
1226 549 126
1226 1206 96
1229 720 106
1229 1134 91
1235 389 76
1237 1263 106
1242 1012 126
1249 383 125
1250 496 86
1252 1152 81
1253 1043 96
1256 760 105
1258 803 91
1261 709 111
1263 791 106
1265 1229 85
1270 1111 96
1271 518 96
1276 1119 86
1278 530 105
1282 419 90
1285 1097 95
1290 866 126
1290 1142 86
1291 1318 81
1292 347 115
1303 1198 100
1307 904 90
1308 1257 96
1308 430 95
1311 1188 106
1313 1184 85
1315 576 111
1315 1065 111
1315 605 111
1315 973 91
1316 840 91
1316 577 131
1317 1076 111
1318 1057 106
1319 468 76
1328 1290 100
1328 1199 76
1329 985 95
1339 531 81
1339 877 105
1343 450 130
1343 1261 91
322 50 119
324 13 144
325 43 129
329 27 84
330 17 99
330 14 109
333 55 114
337 4 94
345 15 109
349 42 114
357 12 99
358 21 129
364 59 124
365 33 99
368 16 109
368 23 114
369 48 89
371 13 89
373 39 89
382 38 114
383 51 84
383 55 129
387 55 94
391 47 94
393 61 104
395 31 89
398 20 114
403 8 89
405 45 134
413 26 104
417 43 109
417 47 109
419 19 104
419 6 139
422 55 99
423 13 119
424 8 124
424 26 114
427 8 144
428 56 99
435 53 119
441 55 104
442 61 109
444 26 109
444 58 109
451 57 134
455 42 124
456 18 104
457 57 109
461 46 109
461 21 104
462 8 79
466 50 114
466 33 94
467 17 134
468 32 124
469 16 89
470 52 109
476 52 109
478 63 89
481 58 119
484 27 84
484 42 114
491 41 99
493 1 134
498 7 84
502 51 94
502 46 109
503 29 134
509 11 104
514 61 119
520 34 124
523 59 84
527 1 89
527 51 99
530 25 119
531 18 109
533 2 94
537 27 124
542 8 94
542 23 134
542 28 114
544 6 114
549 50 109
552 14 114
555 35 99
558 47 114
559 26 109
560 23 94
565 30 134
566 3 89
566 36 109
568 32 79
568 15 99
641 14 84
641 47 114
643 23 109
649 5 104
652 18 129
652 44 124
654 57 134
654 27 109
654 37 144
654 63 119
658 27 119
662 20 99
662 15 119
669 56 109
671 55 99
672 36 114
673 44 129
673 4 134
679 34 104
682 10 124
685 2 109
688 56 104
691 9 129
694 8 134
694 56 114
697 61 104
697 17 119
703 37 134
706 36 104
706 7 99
706 19 109
706 4 109
709 42 124
709 18 114
711 46 89
711 55 99
716 60 109
720 62 114
721 40 119
725 55 144
727 56 99
727 44 119
731 31 84
742 31 94
744 12 119
747 27 144
751 48 99
752 29 129
754 44 119
755 53 124
759 10 119
759 61 114
760 29 139
764 15 124
766 0 109
766 53 79
767 27 89
768 41 134
771 12 109
772 12 119
777 4 89
780 16 124
780 45 79
783 7 109
788 49 94
788 2 94
794 63 89
795 16 114
795 3 144
802 2 134
805 13 79
806 7 99
808 17 109
809 56 109
809 50 79
809 23 104
811 55 124
812 19 124
812 51 89
813 41 84
820 13 99
822 42 79
822 15 124
824 33 89
833 35 109
837 33 84
837 45 144
838 19 144
839 52 129
840 34 94
840 13 139
842 6 89
845 40 99
845 46 89
845 14 114
846 48 119
847 15 144
849 35 109
851 29 94
852 44 99
858 47 94
859 20 144
865 18 94
867 40 89
869 2 89
872 57 134
872 51 134
875 7 99
876 24 94
876 9 124
876 37 124
877 50 99
877 34 124
879 18 99
883 48 99
888 26 104
891 53 109
894 42 99
895 4 124
900 50 144
900 14 114
901 18 114
901 2 84
902 3 109
903 30 109
904 24 104
904 19 154
904 52 109
905 46 99
906 27 79
906 50 89
908 34 119
908 36 89
910 14 134
910 53 94
911 23 124
913 18 89
918 32 124
923 7 104
923 60 134
927 32 129
933 0 89
933 36 99
933 23 84
934 31 124
934 4 119
936 14 114
940 11 99
940 51 134
942 42 129
945 58 134
946 62 154
948 7 99
950 59 109
959 34 124
966 5 79
968 57 119
970 59 99
971 31 99
972 33 99
972 54 139
973 56 134
974 41 99
975 42 144
976 54 114
982 21 134
982 58 119
984 2 89
986 62 134
992 0 104
993 53 104
995 42 144
997 42 104
1003 37 109
1005 40 144
1007 16 99
1008 32 134
1012 54 129
1013 33 99
1013 38 84
1013 8 119
1015 11 99
1017 38 114
1019 25 109
1020 0 99
1021 13 104
1024 32 114
1024 57 119
1026 42 84
1027 41 99
1029 34 114
1033 41 134
1036 24 94
1039 5 104
1055 46 99
1062 36 144
1064 28 89
1067 33 119
1074 12 84
1074 62 134
1076 52 124
1076 15 79
1082 20 134
1082 34 89
1083 48 114
1083 10 79
1086 13 124
1088 29 99
1090 32 134
1090 19 104
1091 38 99
1095 61 99
1099 45 129
1100 0 134
1100 10 104
1101 27 134
1102 54 109
1106 60 109
1106 5 114
1108 24 109
1108 50 114
1109 48 99
1111 58 119
1112 1 79
1112 10 159
1116 35 109
1119 1 104
1119 58 109
1126 25 124
1128 40 144
1131 1 109
1131 30 124
1133 36 134
1133 38 99
1135 20 129
1140 40 99
1141 54 109
1142 55 119
1153 54 84
1156 54 124
1158 16 154
1159 43 144
1159 36 104
1164 26 104
1168 6 134
1171 60 124
1173 63 119
1174 13 104
1175 17 129
1175 62 144
1175 30 104
1178 5 99
1179 35 124
1179 38 109
1179 15 119
1181 32 124
1184 62 104
1185 52 89
1185 37 89
1185 45 134
1187 62 104
1187 55 124
1191 58 134
1195 52 109
1196 46 99
1197 39 89
1199 31 99
1203 61 119
1207 10 129
1211 9 89
1211 45 114
1213 42 144
1213 14 99
1219 56 84
1221 2 89
1222 17 134
1224 55 99
1226 33 144
1235 4 94
1235 12 139
1245 7 114
1248 43 114
1249 2 109
1249 20 104
1250 49 144
1256 37 99
1257 50 114
1266 63 89
1268 40 129
1271 7 134
1271 44 114
1271 20 134
1278 50 139
1279 25 119
1279 26 109
1282 37 79
1286 4 99
1289 18 104
1290 55 104
1295 39 129
1298 62 114
1299 34 89
1303 9 84
1305 9 109
1306 6 139
1312 37 119
1313 63 89
1319 56 134
1322 41 99
1326 3 104
1327 9 79
1327 12 114
1329 42 114
1329 58 109
1332 11 124
1332 5 89
1335 6 104
1340 33 99
1340 59 104
1340 63 124
1342 49 109
1342 22 109
396 629 102
421 605 112
458 630 132
490 598 101
500 609 92
501 622 81
548 636 97
575 581 112
576 351 87
580 862 67
581 812 87
583 1219 106
585 554 112
589 369 77
596 1268 92
598 1036 82
600 1332 107
601 1161 106
603 494 106
605 1017 87
606 868 127
607 483 146
609 960 152
611 1074 142
613 501 102
616 490 97
620 922 102
622 1065 102
633 697 87
633 843 86
634 1248 72
634 1312 67
636 1126 92
639 628 77
667 587 107
730 608 112
732 595 82
736 604 107
799 581 97
861 577 86
944 622 117
947 607 67
961 611 91
1035 605 116
1043 627 77
1098 597 107
1247 603 87
320 40 100
325 31 100
332 49 99
333 16 100
333 21 89
333 27 80
334 12 109
334 54 75
335 53 124
336 3 100
336 54 105
338 13 75
338 15 79
339 55 95
345 37 104
348 50 80
349 32 109
354 43 80
358 23 80
362 47 95
363 59 89
367 2 110
368 11 99
369 21 80
371 49 104
372 30 105
373 30 109
378 13 120
379 44 90
379 59 85
382 48 104
382 60 65
385 16 119
385 31 95
387 12 69
389 33 85
390 4 89
391 6 115
393 1 100
394 35 105
395 60 114
402 22 100
404 24 120
404 50 110
405 11 100
415 32 105
415 22 99
419 11 95
421 49 84
421 62 115
426 63 85
428 38 70
428 15 85
430 4 85
434 38 65
439 30 75
440 51 124
441 60 85
441 63 99
442 54 90
445 54 109
453 33 120
453 27 104
453 49 85
453 63 104
455 35 85
456 60 115
461 42 100
465 33 120
465 29 85
466 17 94
467 29 85
467 38 89
468 36 120
468 61 109
473 16 65
473 31 109
476 11 100
478 31 74
483 42 90
484 59 99
484 14 75
488 18 100
490 16 120
500 13 109
501 53 80
503 61 105
504 10 100
504 59 94
507 9 115
508 3 85
508 22 85
509 19 99
512 22 80
513 53 84
516 43 75
518 5 89
518 45 65
518 7 85
520 8 90
520 31 99
521 49 100
521 13 99
522 43 115
523 57 100
539 14 70
542 22 90
546 38 90
546 63 110
549 46 105
551 44 94
551 60 95
552 17 85
552 10 75
555 48 69
555 54 70
558 40 114
558 12 100
561 51 89
564 16 75
566 43 99
567 35 100
567 14 90
575 57 90
579 4 120
580 6 140
581 1 90
583 41 130
585 46 150
589 12 95
590 52 120
593 24 115
598 27 130
619 60 80
619 54 125
622 50 85
622 44 115
623 7 120
623 15 95
628 15 105
629 52 130
633 34 120
636 26 120
637 16 100
646 55 124
647 50 80
653 62 85
656 35 100
656 46 80
657 16 75
658 39 89
661 50 85
663 59 90
663 14 75
666 46 84
669 17 65
669 13 99
671 61 85
673 54 79
675 11 85
675 36 100
683 16 95
683 48 100
688 12 85
689 4 90
690 49 105
690 11 100
697 9 95
701 23 99
701 29 80
705 35 75
706 48 80
708 19 114
709 41 85
710 2 99
711 10 95
715 56 104
716 16 85
716 58 114
717 20 90
720 52 99
721 52 95
723 26 75
724 17 90
725 9 89
727 61 95
728 15 99
730 42 95
732 23 80
734 36 85
737 38 94
740 42 75
743 18 100
748 48 115
748 49 75
751 15 80
752 14 75
754 8 85
755 3 99
756 49 75
759 0 89
759 2 90
760 10 94
767 19 70
768 28 120
768 29 90
771 50 100
777 41 80
777 1 104
778 48 95
785 8 104
787 51 110
789 39 120
791 16 115
795 58 75
797 50 65
803 17 94
812 46 95
814 17 109
814 28 80
815 3 90
817 58 95
818 19 84
824 28 100
827 18 89
833 16 85
833 2 80
833 61 95
834 34 99
839 12 85
844 2 110
848 36 85
849 41 74
852 26 95
854 52 124
854 58 100
862 7 94
866 49 120
866 18 84
867 26 95
870 61 95
871 2 95
872 44 74
877 2 100
885 42 114
885 26 80
887 32 110
890 36 100
890 31 104
891 49 130
891 58 104
899 20 100
899 13 89
906 34 85
909 19 109
911 49 95
913 40 99
913 36 100
920 3 85
920 43 65
922 13 89
928 19 75
928 54 79
931 51 105
931 62 85
934 7 90
938 12 99
940 16 105
945 36 124
946 15 105
957 5 114
957 22 110
958 31 99
965 0 100
965 54 74
972 3 100
972 46 99
975 0 110
975 16 84
978 31 85
982 59 119
987 25 65
987 30 74
990 6 105
990 41 100
993 51 110
994 35 99
994 20 95
996 1 94
997 62 85
999 13 94
1001 11 90
1003 44 75
1003 15 105
1004 25 84
1004 45 80
1005 35 94
1007 11 120
1015 6 95
1024 36 85
1026 32 114
1027 21 90
1028 7 100
1029 12 105
1030 9 65
1031 14 80
1031 38 90
1033 6 95
1042 33 84
1043 9 100
1049 8 85
1050 42 90
1055 12 124
1056 7 120
1056 39 95
1056 24 80
1057 16 85
1060 52 120
1060 21 74
1061 59 95
1061 54 65
1074 36 110
1074 42 90
1082 60 75
1083 43 99
1086 43 85
1088 5 89
1090 4 90
1097 43 69
1100 19 95
1103 57 104
1105 15 100
1105 20 89
1105 30 95
1106 8 109
1114 30 85
1115 8 114
1118 11 85
1120 24 79
1122 35 65
1124 22 109
1129 50 100
1131 43 84
1131 29 100
1137 33 84
1137 59 105
1138 7 119
1139 62 90
1140 9 134
1145 6 95
1146 51 74
1146 20 100
1147 48 85
1153 1 90
1156 62 65
1158 41 95
1160 40 74
1160 53 90
1163 60 84
1164 15 90
1170 18 70
1170 21 90
1173 28 109
1174 51 100
1182 22 100
1187 8 95
1188 0 109
1191 62 90
1194 38 114
1195 2 110
1195 53 90
1196 22 65
1198 16 134
1198 11 100
1199 42 119
1203 29 95
1203 37 100
1204 31 80
1206 14 65
1209 11 120
1215 14 124
1215 54 110
1215 55 65
1219 20 100
1222 63 85
1223 39 80
1223 11 99
1223 48 120
1225 24 94
1225 44 100
1225 7 99
1237 26 85
1242 48 90
1242 2 85
1245 59 110
1248 16 75
1249 0 89
1249 61 110
1251 0 95
1258 37 70
1260 9 134
1261 4 80
1265 51 109
1270 41 110
1271 28 89
1273 59 80
1282 18 119
1285 35 85
1285 54 89
1291 0 105
1306 10 110
1306 13 95
1306 24 80
1306 26 110
1310 52 65
1311 6 100
1314 11 90
1318 46 85
1320 51 94
1323 32 85
1325 23 89
1327 21 95
1329 62 94
1331 14 110
1332 15 85
1334 26 75
1336 43 100
1343 40 75
329 633 87
601 831 83
601 429 101
607 1119 108
612 727 98
613 777 103
615 594 108
620 588 103
625 588 123
871 629 83
576 49 85
579 1 91
580 11 80
581 18 86
585 14 91
589 29 101
591 61 120
591 54 86
593 39 80
596 62 86
596 47 75
598 7 66
604 34 120
606 40 116
606 23 120
607 19 76
607 18 95
609 8 121
609 19 76
612 0 76
612 41 125
612 23 96
613 15 75
614 52 116
615 44 140
615 2 126
616 35 101
616 4 96
617 0 91
620 33 71
627 41 66
627 60 86
629 36 126
630 33 91
633 8 106
636 4 101
600 42 71
601 7 82
604 49 101
605 27 92
606 49 76
611 39 92
613 55 67
614 21 77
614 6 86
