333 886 141
336 1242 139
346 744 149
368 715 143
372 780 139
373 701 139
374 1047 139
377 869 139
394 807 139
403 651 143
403 1295 139
407 710 149
416 1125 131
423 486 143
428 523 143
429 1020 139
444 445 131
450 734 139
458 1097 139
461 1278 143
464 957 141
468 864 139
468 560 139
477 479 139
479 976 149
479 605 139
485 685 149
493 568 139
494 805 141
502 830 143
504 1057 139
504 877 139
504 502 131
507 945 149
509 1158 143
515 403 139
520 575 131
527 1102 149
529 1281 153
529 1323 153
550 1031 131
555 1100 139
556 555 139
558 802 143
559 844 139
564 1162 139
569 1285 139
644 469 139
655 1045 139
665 461 143
667 706 139
675 819 139
675 1159 141
680 1117 143
682 1148 143
689 1039 139
694 964 131
699 1059 139
700 846 143
701 1138 153
705 897 131
705 1014 139
707 453 139
720 497 153
747 858 139
752 434 139
752 1175 149
760 1049 149
766 1303 139
800 701 153
800 487 139
805 1028 139
807 617 131
812 929 143
813 613 143
849 821 149
867 994 131
875 1256 139
876 594 143
879 670 143
902 1014 131
916 807 149
918 1113 139
932 527 143
958 409 139
960 728 149
963 440 139
964 453 149
966 430 149
967 554 143
972 515 139
976 427 139
978 655 131
985 554 153
990 613 143
991 1171 149
1009 508 131
1014 531 139
1021 1193 143
1024 614 143
1028 774 141
1033 970 139
1041 541 139
1043 461 153
1043 654 139
1047 514 139
1055 874 139
1059 861 139
1059 1070 149
1064 1036 143
1067 1198 139
1074 707 149
1074 491 131
1076 922 143
1080 866 143
1081 1311 149
1099 1039 131
1105 830 139
1119 485 143
1121 1175 143
1131 923 131
1133 825 149
1147 647 139
1164 857 139
1168 835 139
1178 456 139
1181 896 139
1181 612 139
1203 689 131
1206 411 143
1223 442 149
1226 520 139
1244 1187 131
1245 1176 143
1247 799 143
1250 405 149
1270 1188 141
1271 940 139
1298 933 143
1306 437 143
1308 696 131
1311 851 139
1326 891 139
1331 746 143
589 1166 139
593 1114 135
603 888 135
606 1235 135
614 531 149
615 716 143
619 453 135
622 1052 135
902 345 127
1314 377 149
322 41 137
323 51 143
328 5 135
333 25 133
334 3 137
334 43 137
335 16 135
335 47 143
337 0 133
339 28 147
348 45 133
349 54 133
362 6 133
367 12 133
369 52 133
372 23 137
391 20 133
401 49 143
404 7 125
406 16 137
410 5 147
429 38 133
434 51 125
435 18 133
441 56 137
450 8 133
450 41 125
451 21 143
452 16 133
456 30 133
457 30 133
462 15 133
464 20 129
464 22 133
465 19 125
467 59 137
475 44 133
476 10 133
485 46 125
502 62 133
508 35 137
509 12 143
509 28 125
514 11 133
520 3 137
529 34 137
533 41 125
533 11 133
539 22 143
541 32 147
551 30 133
555 37 133
557 0 133
558 45 133
560 56 133
561 26 137
575 16 133
643 57 143
650 30 125
656 41 137
657 7 137
667 37 143
672 56 125
672 45 143
690 8 137
690 19 137
691 60 125
694 5 133
694 62 143
701 27 147
718 58 133
724 28 133
730 32 133
736 26 133
742 45 133
744 1 137
746 9 133
746 41 133
753 58 125
753 62 137
756 21 137
767 33 133
767 4 135
772 17 133
774 0 137
779 61 137
780 22 125
782 37 133
787 9 143
788 50 137
799 48 133
799 19 133
804 47 133
819 12 133
819 46 143
820 60 137
823 56 133
827 15 133
834 56 125
839 10 147
843 42 137
848 61 133
854 20 125
861 40 133
861 50 147
863 48 137
863 33 125
865 16 133
872 54 143
880 42 137
889 53 133
894 40 133
908 53 133
923 12 133
923 55 143
926 25 137
926 36 143
927 53 133
928 29 135
933 26 147
944 2 137
958 44 133
961 14 125
970 42 133
971 18 137
973 58 137
975 39 125
976 43 133
977 26 133
977 39 137
984 33 133
985 2 133
990 25 133
995 58 133
997 43 133
999 39 137
1002 48 133
1003 36 133
1008 63 135
1018 39 147
1020 21 147
1021 59 133
1027 42 125
1033 26 133
1047 10 137
1062 53 137
1065 44 125
1073 32 133
1073 8 133
1075 35 137
1092 14 133
1096 9 133
1102 24 133
1102 14 133
1103 37 133
1106 25 147
1108 51 133
1109 24 133
1112 47 135
1119 22 147
1119 54 137
1121 56 133
1128 59 125
1131 36 133
1133 31 147
1140 24 137
1142 58 135
1144 10 133
1151 58 133
1152 56 133
1152 31 133
1152 6 143
1159 17 133
1160 26 133
1161 2 125
1163 11 137
1168 1 129
1172 63 133
1175 31 125
1181 41 133
1184 17 137
1185 55 133
1187 18 125
1194 51 133
1199 9 133
1203 10 147
1206 40 135
1211 63 133
1221 21 143
1223 30 137
1226 25 133
1230 13 133
1231 26 143
1237 19 133
1245 4 133
1250 19 137
1265 35 143
1269 12 133
1276 3 125
1278 31 137
1292 5 147
1294 58 133
1311 18 125
1314 56 133
1334 40 137
1336 30 147
589 363 123
898 328 131
1318 330 145
586 45 137
587 12 133
588 49 129
591 0 129
595 52 129
596 14 143
597 56 137
600 56 135
605 53 129
605 46 121
607 62 137
609 18 137
609 31 125
623 49 121
625 51 129
627 62 147
629 30 137
329 633 89
336 659 83
336 1021 83
358 886 83
369 1326 83
373 815 79
376 914 83
376 797 83
383 1339 93
396 629 83
419 1247 89
437 1215 93
438 905 83
438 1292 83
441 785 83
447 901 79
520 785 93
542 720 83
544 1020 93
545 958 83
552 546 89
556 1144 83
558 760 83
575 581 83
596 1268 89
598 1036 79
622 1065 79
633 697 89
633 843 79
634 1312 83
636 1126 89
646 396 89
652 946 83
653 1220 93
665 663 83
673 746 89
679 546 93
683 705 83
688 1036 83
699 838 83
710 688 89
716 1157 93
729 675 93
731 682 83
731 1255 93
732 844 79
732 595 83
734 1265 93
736 699 83
746 643 83
748 858 79
753 1166 93
754 730 93
782 1291 83
783 840 83
785 1037 79
788 512 83
799 581 83
800 843 83
801 801 83
804 1219 79
809 1004 93
815 1307 83
817 571 83
817 492 83
839 997 79
840 948 83
843 1190 83
845 771 83
846 1250 83
846 718 79
859 671 83
865 903 83
868 478 83
871 987 83
872 1126 79
879 1074 83
880 1268 83
883 551 93
888 1001 83
891 942 89
895 982 83
896 403 83
899 491 83
910 997 83
910 846 79
912 918 83
914 891 83
914 1271 83
920 667 93
930 990 89
933 1003 93
934 1299 83
936 1027 93
947 607 83
965 1073 79
978 1036 83
982 874 83
989 705 83
989 820 93
996 1320 79
997 964 93
1001 1265 83
1008 1042 83
1013 424 83
1017 445 79
1031 932 83
1033 555 83
1034 1091 83
1034 758 83
1041 851 79
1043 627 93
1055 1141 83
1062 564 83
1064 556 93
1083 767 79
1089 475 83
1094 1178 83
1105 864 83
1124 1317 83
1131 1158 79
1138 861 93
1158 869 79
1176 701 83
1181 1289 93
1183 1320 79
1222 950 79
1226 1206 93
1229 1134 83
1237 1263 83
1242 1012 79
1247 603 93
1252 1152 93
1253 1043 83
1258 803 83
1263 791 79
1265 1229 93
1271 518 83
1276 1119 83
1278 530 83
1290 866 89
1291 1318 83
1308 1257 93
1311 1188 93
1313 1184 93
1315 973 79
1316 840 83
1318 1057 83
1339 531 83
576 52 117
581 56 125
583 25 139
324 364 85
332 1001 89
332 1331 93
348 821 89
352 1113 89
365 1102 89
372 625 93
374 1049 103
382 723 89
382 701 89
383 666 85
389 819 103
390 516 93
396 757 99
402 404 85
407 563 89
440 793 93
441 1153 103
445 805 85
450 923 75
450 663 89
451 1286 89
453 650 83
458 663 75
462 1330 89
474 1162 85
485 931 83
492 1134 93
493 767 99
497 492 99
500 609 75
500 438 95
501 908 103
501 622 75
504 785 83
505 1095 83
511 395 93
513 1288 89
514 359 75
523 1000 89
545 1002 95
548 636 89
550 673 93
553 1122 89
563 723 85
568 653 89
571 493 93
580 862 79
589 369 75
601 831 79
601 429 79
612 727 79
613 777 83
655 439 89
661 563 85
662 419 89
665 1247 93
667 943 103
687 880 85
694 1012 89
701 1013 99
706 552 103
708 1263 93
731 685 89
737 1018 89
747 993 89
755 804 93
758 774 93
760 793 89
766 1034 89
768 666 85
771 791 93
779 973 93
787 1068 89
788 963 95
806 857 89
809 1129 103
817 1336 103
821 1220 85
823 416 99
824 1161 89
830 846 93
838 390 93
848 358 75
858 691 89
858 1303 89
870 1182 89
874 942 103
880 970 89
888 764 89
912 808 89
928 778 93
932 662 103
934 657 89
940 1144 89
940 874 85
957 1119 93
960 1292 93
965 1158 99
982 480 85
984 943 89
986 905 103
986 1037 103
987 916 85
993 643 89
994 669 89
999 452 103
1001 1092 93
1003 717 99
1019 476 89
1024 1206 89
1025 728 93
1027 596 93
1030 580 89
1032 378 85
1047 796 89
1050 872 85
1058 1199 93
1060 541 89
1068 586 89
1074 1041 85
1075 1093 93
1076 589 93
1083 830 89
1089 749 85
1100 423 89
1101 487 93
1102 358 75
1105 1153 89
1118 564 95
1127 902 99
1138 1251 103
1144 1289 103
1145 851 85
1156 1034 89
1157 719 89
1158 1195 99
1161 934 93
1166 1041 99
1166 367 85
1168 1013 99
1172 1160 79
1172 922 89
1173 1305 75
1173 999 85
1174 1120 79
1176 398 89
1182 649 89
1182 549 89
1190 1257 85
1191 824 99
1197 1024 89
1206 575 93
1208 497 85
1208 359 75
1209 921 89
1215 573 99
1218 901 103
1218 1143 85
1224 371 75
1248 804 89
1265 913 89
1270 564 93
1273 983 85
1286 1029 99
1286 1062 89
1291 478 103
1292 347 75
1299 1306 85
1300 761 99
1306 834 89
1310 551 93
1318 1015 103
1323 403 89
1335 430 89
1336 1131 89
1340 875 93
1343 1237 103
325 31 73
333 16 77
333 21 77
334 54 77
336 54 87
338 13 73
338 15 77
348 50 77
354 43 87
362 47 87
363 59 73
367 2 77
368 11 77
369 21 77
371 49 77
378 13 83
379 59 87
382 48 77
382 60 87
385 31 87
387 12 73
389 33 77
390 4 87
393 1 77
402 22 77
404 50 73
405 11 77
426 63 77
428 15 77
430 4 77
434 38 73
439 30 87
441 60 87
441 63 87
442 54 77
512 22 83
516 43 87
518 45 77
520 8 77
520 31 87
521 49 83
523 57 87
542 22 77
546 38 87
546 63 77
551 44 73
552 17 77
552 10 77
555 48 77
558 12 77
564 16 73
567 14 87
585 14 83
591 54 73
596 62 77
596 47 73
616 4 73
620 33 83
627 60 73
633 8 87
653 62 73
656 46 77
657 16 77
658 39 77
663 59 77
663 14 83
669 17 87
671 61 87
673 54 87
675 11 77
683 48 73
689 4 77
690 11 77
697 9 77
705 35 77
709 41 73
710 2 77
716 16 77
717 20 87
720 52 77
723 26 73
724 17 77
725 9 77
732 23 77
740 42 77
743 18 73
748 49 77
752 14 77
754 8 77
755 3 77
756 49 83
759 0 77
759 2 77
760 10 77
768 28 77
768 29 73
771 50 77
777 1 77
789 39 77
795 58 77
797 50 73
803 17 77
814 28 77
815 3 77
817 58 77
827 18 73
833 16 77
833 2 77
844 2 77
852 26 77
854 58 83
862 7 77
866 49 87
866 18 87
867 26 77
870 61 73
885 26 77
887 32 77
890 36 77
899 20 77
906 34 73
913 36 87
920 3 77
920 43 77
928 19 77
928 54 73
931 62 87
934 7 77
957 22 77
972 3 77
975 0 73
978 31 77
987 25 77
990 41 77
993 51 77
994 35 73
994 20 77
1003 44 77
1004 45 77
1015 6 77
1028 7 73
1030 9 77
1031 14 87
1031 38 77
1033 6 77
1049 8 73
1050 42 77
1056 39 87
1057 16 77
1060 52 77
1061 54 73
1074 36 77
1074 42 77
1082 60 77
1083 43 77
1086 43 73
1090 4 77
1097 43 77
1100 19 87
1105 15 77
1105 20 83
1105 30 77
1106 8 77
1114 30 77
1115 8 77
1118 11 73
1120 24 77
1122 35 77
1131 29 87
1139 62 77
1145 6 73
1146 20 87
1156 62 73
1160 53 77
1164 15 77
1182 22 73
1191 62 73
1194 38 77
1195 53 87
1196 22 77
1198 11 83
1203 37 73
1206 14 77
1209 11 87
1215 55 77
1222 63 73
1242 48 87
1242 2 77
1245 59 77
1248 16 77
1251 0 83
1261 4 77
1270 41 77
1306 10 77
1306 24 77
1306 26 73
1310 52 77
1311 6 77
1314 11 77
1318 46 87
1320 51 83
1323 32 77
1329 62 77
1332 15 77
1334 26 77
1336 43 73
1343 40 87
322 1028 90
322 933 100
322 438 84
325 805 86
325 1158 90
327 523 90
328 690 80
328 1300 88
333 697 94
334 1252 80
335 339 75
339 864 84
345 918 98
347 1335 90
348 1306 80
349 504 96
354 727 84
367 1303 94
372 371 76
372 1244 94
373 1129 90
373 716 84
376 1245 94
379 364 90
384 968 86
387 1162 84
390 1245 90
392 796 94
395 1015 100
401 377 84
402 767 80
406 363 94
407 958 98
416 819 84
416 507 100
421 605 90
424 522 86
428 539 88
429 567 90
435 1094 86
442 1224 90
442 665 84
445 1027 94
447 338 80
451 1114 96
461 834 90
461 1156 90
466 1076 83
469 653 86
473 824 96
487 960 94
487 1313 90
491 1152 94
494 1065 86
502 1260 94
503 758 90
505 789 90
507 352 79
514 460 86
515 1231 94
521 999 80
522 897 90
530 1184 88
530 1047 84
531 674 76
533 1198 84
537 377 84
537 961 94
542 1008 76
544 1234 86
545 1224 84
549 344 90
552 1037 94
553 324 71
553 647 90
554 1139 86
555 779 94
555 731 104
557 686 100
559 364 81
560 1031 100
560 995 108
561 1021 94
563 365 80
573 365 84
585 554 80
600 1332 91
601 1161 103
603 494 81
605 1017 85
613 501 91
615 594 93
619 864 93
620 922 80
620 588 90
624 825 95
630 1195 103
633 996 93
634 1248 76
639 628 85
643 566 84
644 1060 104
655 1277 104
658 1059 80
658 533 90
671 864 100
679 334 90
680 1252 84
682 503 86
685 1196 90
694 859 76
697 874 84
697 817 104
703 984 90
708 392 86
709 1112 90
711 672 90
716 1026 94
720 1151 80
723 541 84
727 1303 90
729 742 80
730 608 84
730 1057 84
732 764 86
736 604 76
737 785 84
744 1156 98
744 1029 84
750 376 76
753 673 90
753 1172 90
754 537 94
754 1179 86
754 1118 76
755 716 84
755 918 90
757 1062 84
758 542 94
759 1083 100
767 817 94
769 1260 80
777 865 88
777 374 90
778 854 86
780 951 76
793 1254 90
797 1082 98
800 898 94
804 890 90
804 786 84
804 366 84
810 1188 88
810 975 100
815 1072 80
819 1285 94
819 653 90
820 882 94
821 744 90
831 951 90
833 384 76
835 1268 90
847 1129 94
847 758 80
849 823 84
852 522 90
854 752 90
857 911 90
861 577 84
861 1121 100
863 569 86
864 1231 90
865 812 88
871 1339 90
871 629 86
879 1148 84
880 1123 84
880 846 104
883 823 90
886 888 94
887 501 90
889 404 96
889 654 94
891 378 90
894 487 90
895 1097 86
896 936 84
901 788 88
905 655 96
906 1335 90
906 911 76
910 724 100
910 922 94
913 756 86
914 1119 76
921 994 84
923 363 84
926 690 80
927 920 90
929 924 100
931 918 90
935 1012 76
938 708 88
944 622 84
946 1249 86
951 518 76
952 721 84
960 367 94
961 611 84
962 667 80
964 866 100
966 1315 90
968 929 104
975 663 90
977 1206 76
982 546 90
984 1059 100
984 1027 94
992 365 85
992 822 76
994 1315 84
999 715 90
1008 328 75
1009 1151 76
1013 720 84
1013 351 90
1015 443 86
1026 740 94
1027 1134 90
1031 777 100
1035 605 90
1035 1078 94
1038 411 94
1041 1117 90
1047 1313 104
1047 723 90
1050 786 76
1052 1312 104
1053 904 84
1056 706 80
1056 404 84
1056 766 84
1057 1161 94
1061 1128 76
1068 1120 94
1068 958 84
1074 847 100
1078 1018 94
1081 674 96
1084 946 100
1086 906 86
1086 791 90
1095 515 90
1096 945 90
1097 903 86
1098 1257 80
1098 597 84
1098 369 99
1099 491 100
1100 392 90
1101 1311 76
1103 1156 86
1110 1094 98
1119 889 84
1122 378 95
1123 1033 80
1124 757 90
1138 758 98
1139 567 84
1140 539 90
1140 885 80
1141 682 96
1142 916 94
1144 1263 90
1145 357 90
1147 817 90
1148 1197 94
1151 814 80
1152 383 96
1153 774 90
1157 344 100
1162 498 90
1164 1135 80
1165 1260 94
1166 1250 84
1170 374 71
1170 654 86
1173 493 94
1184 513 90
1186 743 90
1191 1119 90
1194 992 86
1199 777 80
1207 859 100
1209 1001 90
1215 674 90
1222 1171 96
1223 818 86
1226 549 76
1229 720 84
1235 389 94
1249 531 90
1249 383 80
1255 544 90
1256 760 94
1261 709 94
1261 1134 94
1270 1111 90
1282 419 84
1283 416 86
1285 1097 86
1290 1142 94
1303 1198 88
1307 904 94
1308 430 76
1313 406 90
1315 1065 84
1317 1076 88
1318 1065 90
1319 749 90
1326 736 86
1327 382 89
1328 1290 86
1328 1199 86
1329 985 84
1339 1273 90
1339 877 84
1343 1261 80
322 50 83
324 13 79
349 42 83
357 12 87
364 59 97
365 33 79
369 48 83
371 13 93
373 39 87
382 38 87
393 61 83
395 31 83
403 8 83
417 43 97
417 47 87
419 6 93
422 55 83
424 8 79
424 26 87
428 56 87
444 58 93
451 57 79
453 33 79
453 49 77
453 63 77
455 35 69
456 18 83
457 57 93
461 46 83
462 8 87
466 50 89
468 32 83
469 16 83
473 16 87
478 63 79
483 42 79
484 59 77
484 14 77
491 41 83
501 53 77
503 29 83
503 61 69
508 3 77
509 11 93
527 1 97
527 51 83
537 27 93
542 23 83
542 28 87
544 6 97
552 14 93
555 35 83
558 47 79
566 3 87
568 32 87
581 18 69
600 42 79
601 7 73
605 27 73
606 49 77
613 55 69
614 21 73
614 6 73
641 47 83
652 44 97
654 27 93
662 20 83
662 15 83
671 55 87
672 36 97
679 34 93
688 56 83
694 8 79
694 56 97
706 36 97
706 7 83
709 18 79
711 46 83
711 55 87
716 60 97
720 62 79
721 40 93
751 48 83
754 44 87
755 53 97
759 61 93
764 15 93
766 0 93
766 53 87
767 27 87
768 41 83
777 4 83
780 45 79
794 63 87
795 16 97
805 13 93
806 7 79
809 50 93
809 23 87
811 55 87
812 19 79
812 51 83
822 42 93
822 15 87
824 33 87
842 6 93
845 46 93
845 14 83
867 40 97
869 2 87
872 57 83
872 51 83
875 7 79
876 9 87
877 34 97
883 48 83
891 53 89
894 42 93
895 4 87
900 50 87
900 14 89
901 18 93
902 3 83
903 30 97
904 24 87
905 46 93
906 27 83
906 50 83
908 36 87
911 23 87
913 18 93
923 7 83
923 60 79
933 0 87
933 36 87
934 31 83
936 14 89
940 11 93
940 51 87
945 58 97
959 34 79
966 5 83
968 57 93
970 59 87
971 31 97
972 33 83
973 56 83
974 41 83
976 54 97
984 2 87
992 0 103
995 42 83
997 42 89
1005 40 87
1007 16 97
1008 32 83
1015 11 89
1017 38 83
1019 25 97
1020 0 87
1021 13 79
1024 32 93
1024 57 83
1029 34 97
1039 5 87
1062 36 83
1064 28 83
1067 33 93
1074 62 87
1076 15 87
1082 20 83
1082 34 83
1083 48 79
1083 10 87
1086 13 87
1088 29 93
1090 19 79
1091 38 83
1095 61 87
1100 0 87
1100 10 79
1102 54 83
1106 5 83
1108 50 97
1111 58 87
1112 1 93
1126 25 83
1128 40 83
1131 30 87
1133 36 87
1133 38 83
1140 40 83
1159 36 89
1168 6 79
1170 21 73
1171 60 89
1174 51 73
1174 13 93
1175 62 89
1179 15 83
1185 52 93
1185 37 83
1185 45 79
1187 62 83
1187 55 87
1191 58 83
1196 46 79
1197 39 83
1211 9 93
1211 45 87
1213 14 79
1221 2 83
1222 17 93
1245 7 87
1248 43 87
1249 20 83
1257 50 83
1266 63 83
1271 7 87
1271 44 87
1279 26 83
1282 37 93
1286 4 89
1298 62 97
1299 34 97
1313 63 83
1322 41 79
1326 3 83
1327 9 97
1327 12 87
1329 42 79
1329 58 83
1332 5 83
1340 33 87
1340 59 87
364 338 81
365 494 80
371 336 85
377 615 90
410 593 90
451 888 76
455 337 81
458 630 86
473 1233 84
476 950 98
486 647 76
490 598 84
505 723 84
509 1055 84
520 605 90
576 977 77
576 351 80
577 994 85
581 812 80
583 1219 88
586 1176 96
606 868 86
607 483 82
607 1119 76
609 960 94
611 1074 82
616 490 76
618 521 100
624 1253 94
628 849 94
630 1219 86
634 906 100
637 1037 82
646 616 90
667 587 90
756 593 94
871 606 82
890 493 76
927 451 90
1001 618 90
1024 323 85
1060 616 92
1112 616 96
1172 834 72
1225 593 90
1231 455 86
1250 496 90
1315 576 82
1315 605 90
1316 577 90
1319 468 76
320 40 78
325 43 84
329 27 80
330 17 98
330 14 84
332 49 70
333 55 84
333 27 74
334 12 88
335 53 88
336 3 80
337 4 80
339 55 78
345 37 82
345 15 84
349 32 74
358 21 84
358 23 88
368 16 88
368 23 80
372 30 70
373 30 78
379 44 78
383 51 88
383 55 94
385 16 70
387 55 84
391 6 74
391 47 80
394 35 78
395 60 74
398 20 84
404 24 78
405 45 88
413 26 84
415 32 70
415 22 78
419 19 80
419 11 78
421 49 78
421 62 78
423 13 94
427 8 88
428 38 74
435 53 84
440 51 88
441 55 80
442 61 88
444 26 88
445 54 70
455 42 94
461 21 80
465 33 77
465 29 87
466 17 65
466 33 84
467 17 88
467 29 77
470 52 84
476 52 90
481 58 84
484 27 88
484 42 94
493 1 88
498 7 84
502 51 88
502 46 84
513 53 84
514 61 90
518 5 78
518 7 74
520 34 84
521 13 78
522 43 82
523 59 84
530 25 84
531 18 80
533 2 92
539 14 74
542 8 84
549 50 84
549 46 78
551 60 80
555 54 92
558 40 78
559 26 80
560 23 94
561 51 84
565 30 88
566 43 88
566 36 84
567 35 70
568 15 80
575 57 82
589 12 89
589 29 84
591 61 70
593 39 74
598 27 75
598 7 74
604 34 89
606 23 87
607 18 87
613 15 87
616 35 74
617 0 70
622 50 87
622 44 75
623 7 87
623 15 89
627 41 84
629 52 89
629 36 92
630 33 74
633 34 85
636 26 89
636 4 84
637 16 87
641 14 88
643 23 90
646 55 70
647 50 88
649 5 84
652 18 98
654 57 84
654 37 80
654 63 84
656 35 74
658 27 88
661 50 70
666 46 88
669 56 84
669 13 78
673 44 88
673 4 84
675 36 84
682 10 84
683 16 74
685 2 84
688 12 78
690 49 88
691 9 80
697 61 88
697 17 92
701 23 74
701 29 78
703 37 94
706 48 78
706 19 88
706 4 84
708 19 74
709 42 94
711 10 78
715 56 74
716 58 78
721 52 78
725 55 94
727 56 88
727 44 88
727 61 74
728 15 74
730 42 78
731 31 84
734 36 82
737 38 74
742 31 84
744 12 80
747 27 94
748 48 74
751 15 78
752 29 84
759 10 94
760 29 88
767 19 84
771 12 84
772 12 94
777 41 74
778 48 78
780 16 88
783 7 80
785 8 70
787 51 78
788 49 84
788 2 88
791 16 74
795 3 94
802 2 84
808 17 94
809 56 88
812 46 70
813 41 94
814 17 78
818 19 88
820 13 88
824 28 84
833 35 84
833 61 74
834 34 82
837 33 84
837 45 84
838 19 80
839 12 78
839 52 88
840 34 92
840 13 84
845 40 90
846 48 94
847 15 102
848 36 74
849 41 78
849 35 84
851 29 80
852 44 88
854 52 70
858 47 84
859 20 84
865 18 80
871 2 74
872 44 82
876 24 84
876 37 94
877 50 94
877 2 70
879 18 88
885 42 70
888 26 84
890 31 78
891 49 88
891 58 84
899 13 78
901 2 84
904 19 88
904 52 90
908 34 88
909 19 74
910 14 84
910 53 84
911 49 88
913 40 70
918 32 80
922 13 74
927 32 84
931 51 82
933 23 88
934 4 84
938 12 74
940 16 78
942 42 80
945 36 74
946 62 84
946 15 88
948 7 84
950 59 88
957 5 70
958 31 78
965 0 78
965 54 88
972 46 74
972 54 88
975 16 88
975 42 94
982 21 84
982 58 88
982 59 70
986 62 80
987 30 78
990 6 74
993 53 84
996 1 84
997 62 88
999 13 78
1001 11 78
1003 37 88
1003 15 70
1004 25 78
1005 35 78
1007 11 84
1012 54 94
1013 33 88
1013 38 84
1013 8 94
1024 36 74
1026 32 78
1026 42 88
1027 41 80
1027 21 74
1029 12 78
1033 41 84
1036 24 88
1042 33 70
1043 9 78
1055 12 78
1055 46 94
1056 7 78
1056 24 88
1060 21 78
1061 59 84
1074 12 80
1076 52 88
1088 5 78
1090 32 84
1099 45 84
1101 27 88
1103 57 70
1106 60 84
1108 24 84
1109 48 84
1112 10 92
1116 35 88
1119 1 94
1119 58 84
1124 22 70
1129 50 78
1131 1 88
1131 43 74
1135 20 84
1137 33 74
1137 59 78
1138 7 92
1140 9 88
1141 54 84
1142 55 84
1146 51 74
1147 48 82
1153 1 74
1153 54 90
1156 54 94
1158 16 84
1158 41 74
1159 43 84
1160 40 88
1163 60 78
1164 26 90
1173 63 88
1175 17 80
1175 30 88
1178 5 80
1179 35 80
1179 38 84
1181 32 84
1184 62 94
1187 8 74
1188 0 74
1195 2 70
1195 52 84
1198 16 82
1199 42 78
1199 31 94
1203 61 88
1203 29 74
1204 31 78
1207 10 80
1213 42 84
1215 14 70
1215 54 88
1219 56 84
1219 20 84
1223 39 88
1223 11 82
1223 48 88
1224 55 84
1225 24 74
1225 44 88
1225 7 80
1226 33 80
1235 4 84
1235 12 84
1237 26 92
1249 0 88
1249 2 84
1249 61 78
1250 49 80
1256 37 88
1258 37 78
1260 9 78
1265 51 88
1268 40 94
1271 20 88
1271 28 70
1273 59 78
1278 50 84
1279 25 88
1282 18 78
1285 35 88
1285 54 80
1289 18 84
1290 55 94
1291 0 88
1295 39 88
1303 9 94
1305 9 84
1306 6 88
1306 13 84
1312 37 88
1319 56 84
1325 23 78
1327 21 80
1331 14 78
1332 11 88
1335 6 84
1340 63 80
1342 49 94
1342 22 88
468 699 72
470 329 73
473 507 76
483 507 80
579 1310 86
579 686 104
581 655 82
583 1300 86
625 588 82
1343 450 76
453 27 66
456 60 88
461 42 78
473 31 78
476 11 78
478 31 82
488 18 78
490 16 88
500 13 70
504 10 78
504 59 92
507 9 88
508 22 70
509 19 78
576 49 82
579 1 74
579 4 71
580 11 84
585 46 90
590 52 88
593 24 92
604 49 76
606 40 86
607 19 98
609 8 76
609 19 88
611 39 66
612 0 76
612 41 80
612 23 98
614 52 88
615 44 76
615 2 84
619 60 88
619 54 80
628 15 88
1170 18 70
1173 28 84
458 450 76
467 38 88
468 36 78
468 61 66
580 6 86
581 1 80
583 41 80
