333 886 133
336 1242 135
346 744 135
368 715 135
372 780 127
373 701 135
374 1047 139
377 869 135
394 807 123
403 651 135
403 1295 135
407 710 135
416 1125 127
428 523 139
429 1020 135
444 445 135
515 403 123
520 575 135
527 1102 135
529 1281 139
529 1323 127
550 1031 135
555 1100 135
556 555 135
558 802 123
559 844 135
564 1162 139
569 1285 139
589 363 123
589 1166 131
593 1114 131
603 888 131
606 1235 127
614 531 131
615 716 139
622 1052 131
655 1045 123
667 706 135
675 819 135
675 1159 135
680 1117 127
682 1148 139
689 1039 135
694 964 135
699 1059 123
700 846 135
701 1138 135
705 897 139
705 1014 127
747 858 135
752 434 135
752 1175 135
760 1049 123
766 1303 135
800 701 139
805 1028 139
807 617 123
812 929 135
813 613 135
849 821 135
867 994 127
875 1256 135
876 594 139
879 670 135
898 328 123
902 345 135
902 1014 135
916 807 135
918 1113 127
932 527 139
958 409 135
960 728 135
963 440 123
966 430 135
967 554 135
972 515 139
976 427 127
978 655 135
985 554 135
990 613 135
991 1171 123
1014 531 135
1021 1193 139
1024 614 139
1028 774 123
1033 970 135
1041 541 135
1043 654 135
1047 514 127
1055 874 135
1059 861 139
1059 1070 135
1064 1036 123
1067 1198 135
1074 707 135
1076 922 135
1080 866 127
1081 1311 139
1099 1039 135
1105 830 135
1121 1175 123
1131 923 135
1133 825 135
1147 647 139
1164 857 127
1168 835 131
1181 896 135
1181 612 135
1203 689 123
1206 411 135
1223 442 135
1226 520 139
1244 1187 123
1245 1176 135
1247 799 135
1250 405 135
1270 1188 127
1271 940 135
1298 933 139
1306 437 135
1308 696 123
1311 851 135
1314 377 135
1318 330 135
1326 891 127
1331 746 139
450 734 135
458 1097 135
461 1278 119
464 957 131
468 864 135
468 560 135
479 976 131
479 605 135
485 685 135
493 568 135
494 805 119
502 830 135
619 453 127
644 469 135
665 461 119
707 453 131
964 453 131
1009 508 131
1043 461 123
1178 456 131
322 41 129
323 51 129
328 5 117
333 25 129
334 3 129
334 43 129
335 16 121
335 47 133
337 0 129
339 28 129
348 45 117
349 54 129
362 6 129
367 12 133
369 52 121
372 23 129
391 20 129
401 49 129
404 7 117
406 16 129
410 5 133
429 38 133
434 51 117
435 18 129
441 56 129
514 11 129
520 3 121
529 34 129
533 41 133
533 11 129
539 22 117
541 32 129
551 30 129
555 37 129
557 0 121
558 45 133
560 56 129
561 26 129
575 16 117
576 52 121
581 56 121
583 25 133
586 45 121
587 12 125
588 49 125
591 0 125
595 52 117
596 14 125
597 56 133
600 56 133
605 53 117
605 46 125
607 62 125
609 18 125
609 31 117
623 49 133
625 51 133
627 62 125
629 30 117
643 57 129
650 30 129
656 41 129
657 7 121
667 37 133
672 56 129
672 45 129
690 8 117
690 19 129
691 60 129
694 5 133
694 62 121
701 27 129
718 58 129
724 28 129
730 32 117
736 26 129
742 45 133
744 1 133
746 9 117
746 41 129
753 58 129
753 62 129
756 21 121
767 33 129
767 4 133
772 17 129
774 0 117
779 61 129
780 22 129
782 37 129
787 9 121
788 50 133
799 48 129
799 19 129
804 47 117
819 12 129
819 46 129
820 60 133
823 56 121
827 15 129
834 56 129
839 10 129
843 42 117
848 61 129
854 20 133
861 40 133
861 50 117
863 48 129
863 33 129
865 16 129
872 54 121
880 42 129
889 53 133
894 40 129
908 53 117
923 12 129
923 55 129
926 25 129
926 36 121
927 53 133
928 29 129
933 26 129
944 2 117
958 44 129
961 14 129
970 42 133
971 18 121
973 58 129
975 39 129
976 43 129
977 26 117
977 39 129
984 33 133
985 2 133
990 25 117
995 58 129
997 43 129
999 39 129
1002 48 121
1003 36 129
1008 63 133
1018 39 129
1020 21 117
1021 59 129
1027 42 129
1033 26 129
1047 10 121
1062 53 133
1065 44 129
1073 32 129
1073 8 117
1075 35 129
1092 14 129
1096 9 133
1102 24 121
1102 14 129
1103 37 129
1106 25 129
1108 51 117
1109 24 129
1112 47 133
1119 22 133
1119 54 117
1121 56 129
1128 59 129
1131 36 129
1133 31 121
1140 24 129
1142 58 133
1144 10 129
1151 58 117
1152 56 129
1152 31 129
1152 6 129
1159 17 121
1160 26 129
1161 2 129
1163 11 129
1168 1 117
1172 63 129
1175 31 129
1181 41 133
1184 17 117
1185 55 129
1187 18 129
1194 51 129
1199 9 117
1203 10 129
1206 40 129
1211 63 133
1221 21 117
1223 30 129
1226 25 129
1230 13 129
1231 26 121
1237 19 129
1245 4 133
1250 19 129
1265 35 117
1269 12 129
1276 3 129
1278 31 129
1292 5 121
1294 58 133
1311 18 129
1314 56 129
1334 40 117
1336 30 129
324 364 75
329 633 79
335 339 79
336 659 75
336 1021 75
358 886 79
369 1326 79
373 815 79
376 914 79
376 797 79
383 1339 75
396 629 75
419 1247 79
423 486 131
437 1215 79
438 905 79
438 1292 79
441 785 75
447 901 75
504 1057 135
504 877 135
507 945 135
509 1158 131
514 359 79
520 785 75
542 720 75
544 1020 79
545 958 79
552 546 79
553 324 79
556 1144 79
558 760 75
575 581 75
589 369 75
596 1268 75
598 1036 75
622 1065 75
633 697 79
633 843 75
634 1312 75
636 1126 75
646 396 75
652 946 79
653 1220 79
665 663 79
673 746 75
679 546 75
683 705 79
688 1036 79
699 838 79
710 688 79
716 1157 79
720 497 137
729 675 75
731 682 75
731 1255 79
732 844 79
732 595 79
734 1265 79
736 699 75
746 643 75
748 858 79
753 1166 79
754 730 79
782 1291 79
783 840 79
785 1037 75
788 512 75
799 581 79
800 843 79
800 487 123
801 801 79
804 1219 79
809 1004 75
815 1307 75
817 571 79
839 997 79
840 948 79
843 1190 79
845 771 79
846 1250 75
846 718 75
848 358 79
859 671 79
865 903 79
871 987 79
872 1126 79
879 1074 75
880 1268 75
883 551 79
888 1001 79
891 942 79
895 982 79
896 403 79
910 997 75
910 846 75
912 918 79
914 891 79
914 1271 79
920 667 79
930 990 79
933 1003 75
934 1299 75
936 1027 79
947 607 79
965 1073 79
978 1036 79
982 874 79
989 705 75
989 820 75
996 1320 79
997 964 79
1001 1265 79
1008 328 79
1008 1042 79
1013 424 75
1017 445 75
1031 932 79
1032 378 79
1033 555 79
1034 1091 79
1034 758 79
1041 851 75
1043 627 75
1055 1141 79
1062 564 79
1064 556 79
1074 491 127
1083 767 79
1094 1178 75
1102 358 75
1105 864 79
1119 485 131
1124 1317 79
1131 1158 79
1138 861 79
1158 869 75
1166 367 75
1176 701 75
1181 1289 79
1183 1320 79
1208 359 79
1222 950 79
1224 371 75
1226 1206 75
1229 1134 79
1237 1263 79
1242 1012 79
1247 603 79
1252 1152 79
1253 1043 75
1258 803 75
1263 791 79
1265 1229 79
1271 518 79
1276 1119 79
1278 530 79
1290 866 75
1291 1318 75
1292 347 79
1308 1257 79
1311 1188 79
1313 1184 79
1315 973 79
1316 840 75
1318 1057 75
1339 531 79
450 8 129
450 41 129
451 21 129
452 16 125
456 30 129
457 30 117
462 15 129
464 20 125
464 22 129
465 19 129
467 59 129
475 44 129
476 10 129
485 46 117
502 62 129
322 1028 90
322 933 90
322 438 80
325 805 90
325 1158 90
327 523 90
328 690 76
328 1300 84
332 1001 89
332 1331 89
333 697 84
334 1252 84
339 864 76
345 918 84
347 1335 90
348 1306 88
348 821 93
352 1113 89
354 727 76
364 338 81
365 1102 89
367 1303 90
371 336 89
372 625 89
372 371 84
372 1244 84
373 1129 90
373 716 80
374 1049 89
376 1245 94
377 615 86
379 364 76
382 723 89
382 701 89
383 666 89
384 968 90
387 1162 84
389 819 93
390 516 89
390 1245 84
392 796 90
395 1015 86
396 757 89
401 377 88
402 404 93
402 767 84
406 363 76
407 563 89
407 958 84
410 593 86
416 819 84
421 605 80
424 522 90
428 539 84
429 567 90
435 1094 80
440 793 89
441 1153 81
442 1224 94
442 665 84
445 1027 90
445 805 89
447 338 76
450 923 71
453 650 79
458 663 79
477 479 127
485 931 71
500 609 79
501 622 79
513 1288 89
515 1231 90
520 605 90
521 999 76
522 897 90
523 1000 89
530 1184 84
530 1047 84
531 674 84
533 1198 80
537 377 84
537 961 90
542 1008 80
544 1234 90
545 1224 84
545 1002 81
548 636 93
549 344 90
550 673 89
552 1037 86
553 1122 89
553 647 90
554 1139 94
555 779 94
555 731 90
557 686 90
559 364 89
560 1031 86
560 995 90
561 1021 94
563 723 93
563 365 76
568 653 81
573 365 84
576 977 81
577 994 81
580 862 75
585 554 88
586 1176 86
600 1332 81
601 1161 85
601 831 75
601 429 75
605 1017 85
612 727 79
613 777 71
615 594 85
618 521 86
619 864 81
620 922 76
620 588 80
624 825 93
624 1253 86
628 849 86
630 1219 86
630 1195 81
633 996 85
634 1248 80
634 906 94
637 1037 86
639 628 81
643 566 80
644 1060 90
646 616 86
655 439 89
655 1277 90
658 1059 76
658 533 90
661 563 81
662 419 89
665 1247 89
667 587 86
667 943 89
671 864 90
679 334 90
680 1252 76
685 1196 90
687 880 81
694 1012 89
694 859 84
697 874 84
697 817 90
701 1013 89
703 984 86
706 552 89
708 392 94
708 1263 93
709 1112 84
711 672 90
716 1026 90
720 1151 76
723 541 84
727 1303 90
729 742 84
730 608 84
730 1057 84
731 685 89
732 764 90
736 604 80
737 785 84
737 1018 93
744 1156 84
744 1029 84
747 993 89
750 376 80
753 673 90
753 1172 90
754 537 94
754 1179 90
754 1118 80
755 804 89
755 716 84
755 918 90
756 593 86
757 1062 80
758 774 89
758 542 84
759 1083 90
760 793 81
766 1034 89
767 817 80
768 666 93
769 1260 84
771 791 89
777 865 84
777 374 90
778 854 90
779 973 93
780 951 80
787 1068 89
788 963 81
793 1254 90
797 1082 84
800 898 76
804 890 84
804 786 88
804 366 84
806 857 89
809 1129 89
810 1188 76
810 975 90
815 1072 84
817 1336 93
819 1285 84
819 653 90
820 882 90
821 744 86
821 1220 89
823 416 93
824 1161 93
830 846 81
831 951 90
833 384 80
835 1268 90
838 390 89
847 1129 90
847 758 88
849 823 76
852 522 90
854 752 84
857 911 90
858 691 89
858 1303 89
861 577 84
861 1121 90
863 569 90
864 1231 76
865 812 76
870 1182 89
871 1339 90
871 606 90
871 629 84
874 942 81
879 1148 80
880 970 89
880 1123 84
880 846 90
883 823 88
886 888 80
888 764 81
889 404 90
889 654 90
891 378 90
895 1097 84
896 936 80
901 788 84
905 655 90
906 1335 90
906 911 80
910 724 90
910 922 90
912 808 89
913 756 90
914 1119 80
921 994 84
923 363 84
926 690 80
927 920 90
928 778 89
929 924 90
931 918 90
932 662 89
934 657 81
935 1012 80
938 708 84
940 1144 93
940 874 89
944 622 84
946 1249 90
951 518 80
952 721 84
957 1119 81
960 1292 93
960 367 90
961 611 84
962 667 76
964 866 90
965 1158 81
966 1315 90
968 929 94
975 663 90
977 1206 80
982 546 90
984 1059 90
984 1027 90
984 943 89
986 905 89
986 1037 89
987 916 89
992 365 89
992 822 80
993 643 81
994 1315 84
994 669 93
999 715 90
1001 618 86
1001 1092 81
1003 717 89
1009 1151 76
1013 720 84
1013 351 94
1015 443 90
1024 323 81
1024 1206 89
1025 728 89
1026 740 90
1027 596 85
1027 1134 94
1030 580 89
1031 777 94
1035 605 80
1035 1078 84
1038 411 90
1041 1117 90
1047 1313 94
1047 723 90
1047 796 81
1050 872 89
1050 786 76
1052 1312 90
1053 904 84
1056 706 84
1056 404 84
1056 766 84
1057 1161 90
1058 1199 81
1060 616 86
1060 541 93
1061 1128 80
1068 1120 84
1068 586 89
1068 958 76
1074 847 90
1074 1041 89
1075 1093 89
1076 589 93
1078 1018 90
1081 674 90
1083 830 89
1084 946 90
1086 906 76
1086 791 90
1089 749 89
1095 515 84
1096 945 90
1097 903 90
1098 1257 80
1098 597 84
1098 369 81
1100 392 94
1100 423 89
1101 1311 76
1103 1156 90
1105 1153 81
1110 1094 84
1112 616 86
1118 564 93
1119 889 80
1122 378 89
1123 1033 84
1124 757 90
1127 902 89
1138 1251 89
1138 758 80
1139 567 84
1140 539 90
1140 885 84
1141 682 86
1142 916 90
1144 1289 93
1144 1263 88
1145 851 89
1145 357 90
1147 817 90
1148 1197 76
1151 814 84
1152 383 90
1153 774 90
1156 1034 81
1157 344 90
1157 719 89
1158 1195 89
1161 934 85
1164 1135 84
1165 1260 80
1166 1041 89
1166 1250 76
1168 1013 89
1170 374 75
1170 654 90
1172 1160 75
1172 922 89
1173 1305 71
1173 999 89
1174 1120 75
1176 398 89
1182 649 89
1182 549 81
1184 513 90
1186 743 84
1190 1257 89
1191 824 89
1191 1119 86
1194 992 90
1197 1024 89
1199 777 88
1206 575 89
1207 859 90
1209 921 89
1209 1001 90
1215 674 90
1215 573 85
1218 901 89
1218 1143 89
1222 1171 90
1223 818 76
1225 593 86
1226 549 80
1229 720 84
1235 389 84
1248 804 89
1249 531 90
1249 383 76
1255 544 90
1256 760 84
1261 709 80
1261 1134 94
1265 913 81
1270 564 89
1270 1111 84
1273 983 89
1282 419 84
1283 416 90
1285 1097 88
1286 1029 89
1286 1062 89
1290 1142 84
1299 1306 89
1300 761 81
1303 1198 88
1306 834 93
1307 904 76
1308 430 84
1310 551 89
1313 406 90
1315 576 86
1315 1065 84
1315 605 90
1316 577 86
1317 1076 80
1318 1015 89
1318 1065 86
1319 749 90
1323 403 89
1326 736 94
1327 382 81
1328 1290 84
1328 1199 76
1329 985 84
1335 430 89
1336 1131 89
1339 1273 94
1339 877 84
1340 875 81
1343 1237 89
1343 1261 76
325 31 73
333 16 73
333 21 73
334 54 69
336 54 69
338 13 73
338 15 73
348 50 73
354 43 73
362 47 73
363 59 69
367 2 69
368 11 73
369 21 73
371 49 73
378 13 73
379 59 73
382 48 69
382 60 69
385 31 73
387 12 73
389 33 73
390 4 73
393 1 73
402 22 69
404 50 69
405 11 73
426 63 73
428 15 73
430 4 73
434 38 73
439 30 69
441 60 69
441 63 73
442 54 73
508 35 129
509 12 129
509 28 133
512 22 69
516 43 69
518 45 73
520 8 73
520 31 73
521 49 73
523 57 73
542 22 69
546 38 69
546 63 73
551 44 73
552 17 73
552 10 73
555 48 73
558 12 69
564 16 69
567 14 73
585 14 69
591 54 69
596 62 69
596 47 73
616 4 69
620 33 69
627 60 69
633 8 69
653 62 69
656 46 73
657 16 73
658 39 69
663 59 69
663 14 73
669 17 73
671 61 73
673 54 73
675 11 73
683 48 69
689 4 69
690 11 73
697 9 73
705 35 73
709 41 73
710 2 73
716 16 69
717 20 69
720 52 73
723 26 73
724 17 73
725 9 73
732 23 73
740 42 69
743 18 69
748 49 73
752 14 73
754 8 73
755 3 73
756 49 73
759 0 69
759 2 69
760 10 73
768 28 73
768 29 73
771 50 73
777 1 73
789 39 69
795 58 69
797 50 73
803 17 73
814 28 73
815 3 73
817 58 73
827 18 69
833 16 69
833 2 73
844 2 73
852 26 73
854 58 73
862 7 73
866 49 69
866 18 69
867 26 73
870 61 73
885 26 73
887 32 73
890 36 73
899 20 69
906 34 69
913 36 73
920 3 73
920 43 73
928 19 73
928 54 73
931 62 69
934 7 69
957 22 73
972 3 73
975 0 73
978 31 73
987 25 73
990 41 69
993 51 69
994 35 73
994 20 73
1003 44 73
1004 45 73
1015 6 73
1028 7 69
1030 9 69
1031 14 73
1031 38 73
1033 6 73
1049 8 73
1050 42 73
1056 39 69
1057 16 69
1060 52 73
1061 54 73
1074 36 73
1074 42 73
1082 60 73
1083 43 69
1086 43 69
1090 4 73
1097 43 73
1100 19 73
1105 15 73
1105 20 73
1105 30 69
1106 8 69
1114 30 73
1115 8 73
1118 11 73
1120 24 73
1122 35 73
1131 29 69
1139 62 69
1145 6 73
1146 20 73
1156 62 69
1160 53 73
1164 15 73
1182 22 69
1191 62 69
1194 38 69
1195 53 73
1196 22 73
1198 11 73
1203 37 73
1206 14 69
1209 11 69
1215 55 69
1222 63 73
1242 48 73
1242 2 73
1245 59 73
1248 16 69
1251 0 69
1261 4 73
1270 41 73
1306 10 73
1306 24 73
1306 26 73
1310 52 69
1311 6 69
1314 11 73
1318 46 73
1320 51 73
1323 32 73
1329 62 73
1332 15 69
1334 26 69
1336 43 73
1343 40 73
349 504 90
365 494 80
416 507 90
450 663 89
451 888 84
451 1114 82
451 1286 89
455 337 89
458 630 86
461 834 94
461 1156 86
462 1330 89
466 1076 67
469 653 90
470 329 79
473 824 90
473 1233 84
474 1162 77
476 950 72
486 647 80
487 960 90
487 1313 90
490 598 84
491 1152 94
492 1134 77
493 767 89
494 1065 90
500 438 81
501 908 89
502 1260 90
503 758 98
504 785 67
504 502 115
505 1095 79
507 352 79
511 395 79
514 460 90
576 351 76
579 1310 82
579 686 82
581 812 76
581 655 86
583 1219 88
583 1300 86
606 868 94
607 483 82
607 1119 80
609 960 86
611 1074 86
616 490 72
625 588 86
682 503 94
817 492 67
868 478 67
887 501 90
890 493 80
894 487 90
899 491 75
999 452 85
1089 475 67
1099 491 90
1162 498 82
1172 834 80
1173 493 90
1250 496 80
1319 468 76
320 40 78
322 50 83
324 13 83
325 43 84
329 27 84
330 17 88
330 14 88
332 49 74
333 55 80
333 27 78
334 12 78
335 53 78
336 3 78
337 4 88
339 55 74
345 37 78
345 15 84
349 32 70
349 42 83
357 12 83
358 21 84
358 23 78
364 59 83
365 33 83
368 16 80
368 23 84
369 48 87
371 13 87
372 30 78
373 39 75
373 30 78
379 44 70
382 38 83
383 51 84
383 55 88
385 16 78
387 55 80
391 6 78
391 47 84
393 61 83
394 35 82
395 31 87
395 60 70
398 20 84
403 8 83
404 24 78
405 45 84
413 26 84
415 32 78
415 22 78
417 43 75
417 47 83
419 19 84
419 11 70
419 6 83
421 49 82
421 62 78
422 55 75
423 13 84
424 8 83
424 26 83
427 8 84
428 56 87
428 38 78
435 53 84
440 51 78
441 55 84
442 61 80
444 26 88
444 58 87
445 54 78
453 33 65
453 49 65
453 63 73
455 35 73
473 16 73
483 42 73
484 59 65
484 14 65
501 53 73
503 61 73
513 53 74
514 61 84
518 5 78
518 7 78
520 34 80
521 13 78
522 43 78
523 59 84
527 1 87
527 51 87
530 25 80
531 18 84
533 2 84
537 27 83
539 14 78
542 8 84
542 23 87
542 28 83
544 6 83
549 50 84
549 46 78
551 60 78
552 14 87
555 35 87
555 54 70
558 40 78
558 47 83
559 26 84
560 23 84
561 51 78
565 30 88
566 3 83
566 43 70
566 36 84
567 35 74
568 32 83
568 15 84
575 57 82
579 4 75
581 18 65
585 46 80
589 12 75
589 29 70
590 52 88
591 61 82
593 24 80
593 39 74
598 27 75
598 7 74
600 42 69
601 7 69
604 34 87
605 27 65
606 49 69
606 23 79
607 18 79
613 15 75
613 55 69
614 21 73
614 6 65
616 35 74
617 0 70
619 60 80
619 54 80
622 50 87
622 44 75
623 7 79
623 15 79
627 41 70
628 15 80
629 52 75
629 36 74
630 33 78
633 34 79
636 26 79
636 4 74
637 16 79
641 14 84
641 47 87
643 23 88
646 55 70
647 50 78
649 5 84
652 18 80
652 44 83
654 57 84
654 27 87
654 37 84
654 63 84
656 35 74
658 27 84
661 50 78
662 20 83
662 15 83
666 46 78
669 56 84
669 13 74
671 55 83
672 36 83
673 44 84
673 4 88
675 36 74
679 34 83
682 10 84
683 16 78
685 2 84
688 56 83
688 12 74
690 49 78
691 9 84
694 8 83
694 56 75
697 61 84
697 17 88
701 23 74
701 29 78
703 37 84
706 36 75
706 7 83
706 48 70
706 19 84
706 4 88
708 19 78
709 42 80
709 18 83
711 10 78
711 46 83
711 55 87
715 56 82
716 60 75
716 58 78
720 62 83
721 40 83
721 52 74
725 55 84
727 56 88
727 44 84
727 61 74
728 15 78
730 42 78
731 31 84
734 36 78
737 38 78
742 31 84
744 12 84
747 27 84
748 48 70
751 48 83
751 15 78
752 29 88
754 44 75
755 53 83
759 10 84
759 61 83
760 29 84
764 15 79
766 0 87
766 53 83
767 19 74
767 27 75
768 41 83
771 12 84
772 12 84
777 41 78
777 4 75
778 48 78
780 16 84
780 45 83
783 7 84
785 8 70
787 51 82
788 49 84
788 2 84
791 16 74
794 63 83
795 16 83
795 3 84
802 2 88
805 13 75
806 7 83
808 17 84
809 56 84
809 50 79
809 23 83
811 55 83
812 19 83
812 51 83
812 46 70
813 41 84
814 17 70
818 19 78
820 13 88
822 42 75
822 15 83
824 33 83
824 28 78
833 35 84
833 61 70
834 34 82
837 33 84
837 45 84
838 19 84
839 12 74
839 52 84
840 34 84
840 13 88
842 6 75
845 40 84
845 46 79
845 14 83
846 48 88
847 15 84
848 36 78
849 41 78
849 35 84
851 29 84
852 44 84
854 52 70
858 47 84
859 20 88
865 18 80
867 40 83
869 2 79
871 2 78
872 57 83
872 51 83
872 44 82
875 7 83
876 24 80
876 9 83
876 37 84
877 50 84
877 2 82
877 34 79
879 18 84
883 48 83
885 42 70
888 26 84
890 31 78
891 49 74
891 58 82
891 53 75
894 42 83
895 4 83
899 13 78
900 50 83
900 14 79
901 18 87
901 2 84
902 3 83
903 30 75
904 24 83
904 19 84
904 52 88
905 46 79
906 27 83
906 50 83
908 34 84
908 36 75
909 19 74
910 14 84
910 53 88
911 49 74
911 23 83
913 40 78
913 18 75
918 32 84
922 13 74
923 7 83
923 60 83
927 32 84
931 51 78
933 0 83
933 36 83
933 23 88
934 31 79
934 4 84
936 14 83
938 12 74
940 16 78
940 11 83
940 51 75
942 42 88
945 58 83
945 36 70
946 62 84
946 15 78
948 7 80
950 59 84
957 5 82
958 31 78
959 34 83
965 0 70
965 54 78
966 5 83
968 57 75
970 59 87
971 31 83
972 33 83
972 46 78
972 54 84
973 56 83
974 41 87
975 16 70
975 42 84
976 54 75
982 21 84
982 58 84
982 59 70
984 2 83
986 62 88
987 30 78
990 6 78
992 0 75
993 53 84
995 42 83
996 1 70
997 42 83
997 62 78
999 13 78
1001 11 74
1003 37 84
1003 15 78
1004 25 82
1005 40 87
1005 35 74
1007 16 83
1007 11 78
1008 32 75
1012 54 84
1013 33 84
1013 38 88
1013 8 80
1015 11 83
1017 38 83
1019 25 83
1020 0 79
1021 13 83
1024 32 87
1024 36 78
1024 57 83
1026 32 78
1026 42 80
1027 41 84
1027 21 82
1029 34 87
1029 12 78
1033 41 84
1036 24 80
1039 5 83
1042 33 78
1043 9 82
1055 12 74
1055 46 84
1056 7 78
1056 24 78
1060 21 70
1061 59 78
1062 36 87
1064 28 75
1067 33 83
1074 12 84
1074 62 83
1076 52 84
1076 15 83
1082 20 87
1082 34 87
1083 48 75
1083 10 83
1086 13 83
1088 29 83
1088 5 74
1090 32 84
1090 19 83
1091 38 83
1095 61 83
1099 45 84
1100 0 83
1100 10 83
1101 27 88
1102 54 79
1103 57 70
1106 60 84
1106 5 83
1108 24 84
1108 50 75
1109 48 84
1111 58 87
1112 1 83
1112 10 80
1116 35 84
1119 1 84
1119 58 84
1124 22 70
1126 25 83
1128 40 83
1129 50 78
1131 1 84
1131 43 78
1131 30 87
1133 36 75
1133 38 87
1135 20 84
1137 33 70
1137 59 78
1138 7 78
1140 40 83
1140 9 74
1141 54 88
1142 55 84
1146 51 78
1147 48 70
1153 1 78
1153 54 84
1156 54 84
1158 16 84
1158 41 74
1159 43 84
1159 36 83
1160 40 78
1163 60 70
1164 26 84
1168 6 83
1170 21 65
1171 60 83
1173 63 84
1174 51 69
1174 13 83
1175 17 84
1175 62 83
1175 30 80
1178 5 84
1179 35 80
1179 38 84
1179 15 83
1181 32 84
1184 62 84
1185 52 83
1185 37 83
1185 45 83
1187 8 78
1187 62 75
1187 55 83
1188 0 82
1191 58 83
1195 2 74
1195 52 84
1196 46 75
1197 39 83
1198 16 78
1199 42 82
1199 31 84
1203 61 84
1203 29 70
1204 31 78
1207 10 80
1211 9 83
1211 45 87
1213 42 84
1213 14 75
1215 14 78
1215 54 78
1219 56 84
1219 20 70
1221 2 83
1222 17 83
1223 39 78
1223 11 78
1223 48 70
1224 55 84
1225 24 78
1225 44 82
1225 7 74
1226 33 84
1235 4 84
1235 12 84
1237 26 70
1245 7 83
1248 43 83
1249 0 78
1249 2 84
1249 20 83
1249 61 78
1250 49 80
1256 37 88
1257 50 87
1258 37 78
1260 9 78
1265 51 70
1266 63 83
1268 40 84
1271 7 83
1271 44 87
1271 20 84
1271 28 78
1273 59 74
1278 50 84
1279 25 84
1279 26 83
1282 18 82
1282 37 83
1285 35 70
1285 54 78
1286 4 75
1289 18 84
1290 55 84
1291 0 78
1295 39 84
1298 62 75
1299 34 83
1303 9 84
1305 9 84
1306 6 84
1306 13 82
1312 37 84
1313 63 83
1319 56 84
1322 41 75
1325 23 70
1326 3 83
1327 9 87
1327 12 83
1327 21 78
1329 42 75
1329 58 83
1331 14 78
1332 11 88
1332 5 87
1335 6 80
1340 33 83
1340 59 83
1340 63 84
1342 49 84
1342 22 88
468 699 80
473 507 80
483 507 80
505 723 80
505 789 90
509 1055 80
571 493 81
603 494 81
613 501 73
927 451 90
982 480 81
1019 476 73
1101 487 85
1208 497 81
1231 455 94
1291 478 73
1343 450 68
451 57 83
453 27 78
455 42 84
456 18 83
456 60 82
457 57 71
461 42 66
461 46 83
461 21 84
462 8 83
465 33 73
465 29 73
466 17 61
466 50 71
466 33 84
467 17 84
467 29 73
468 32 83
469 16 83
470 52 80
473 31 66
476 11 78
476 52 84
478 63 83
478 31 78
481 58 88
484 27 76
484 42 84
488 18 66
490 16 78
491 41 83
493 1 84
498 7 88
500 13 70
502 51 80
502 46 84
503 29 83
508 3 73
576 49 70
579 1 66
580 11 70
580 6 76
581 1 80
583 41 80
604 49 74
606 40 84
607 19 88
609 8 76
609 19 80
611 39 70
612 0 80
612 41 80
612 23 80
614 52 88
615 44 76
615 2 80
1170 18 66
1173 28 78
458 450 80
497 492 69
467 38 74
468 36 74
468 61 78
504 10 74
504 59 74
507 9 78
508 22 78
509 11 87
509 19 74
