287 93 159 1000
117 439 158 1000
286 183 152 1000
176 10 159 1000
172 36 145 1000
177 36 145 1000
117 19 159 1000
121 19 157 1000
446 36 143 1000
116 18 142 1000
91 464 148 1000
468 36 165 1000
178 426 141 1000
416 19 141 1000
116 352 157 1000
359 484 154 1000
434 40 150 1000
438 40 151 1000
202 35 146 1000
450 33 164 1000
450 27 150 1000
290 12 150 1000
250 264 155 1000
237 279 162 1000
450 135 139 1000
126 11 139 1000
407 36 144 1000
370 10 152 1000
415 3 139 1000
468 27 149 1000
118 12 154 1000
360 35 101 1000
407 416 141 1000
256 120 138 1000
462 2 153 1000
181 21 156 1000
361 260 141 1000
406 3 147 1000
185 10 143 1000
372 36 145 1000
116 34 150 1000
365 3 147 1000
175 446 98 1000
439 14 144 1000
209 415 136 1000
447 35 96 1000
447 327 159 1000
331 36 143 1000
459 303 146 1000
234 36 136 1000
86 32 148 1000
90 32 143 1000
95 3 96 1000
287 224 146 1000
173 19 107 1000
460 33 154 1000
109 22 139 1000
336 461 145 1000
173 17 151 1000
118 21 143 1000
416 32 138 1000
101 302 105 1000
175 14 142 1000
276 33 143 1000
371 11 134 1000
126 449 104 1000
313 443 157 1000
93 404 97 1000
181 417 104 1000
390 479 144 1000
410 215 139 1000
381 27 152 1000
462 449 103 1000
444 17 137 1000
151 32 151 1000
260 2 152 1000
128 236 143 1000
113 24 137 1000
144 31 140 1000
122 126 141 1000
431 189 133 1000
448 10 93 1000
222 12 156 1000
222 2 140 1000
127 97 115 1000
384 31 133 1000
110 13 136 1000
319 10 141 1000
122 16 148 1000
380 22 133 1000
229 20 136 1000
242 100 96 1000
283 38 104 1000
118 16 142 1000
186 20 142 1000
378 37 138 1000
176 290 94 1000
117 18 92 1000
439 22 93 1000
224 32 145 1000
323 20 150 1000
434 6 131 1000
263 217 135 1000
141 470 138 1000
338 21 149 1000
229 40 131 1000
206 5 134 1000
417 17 138 1000
287 0 149 1000
448 28 141 1000
440 31 91 1000
486 450 148 1000
153 273 92 1000
353 12 101 1000
376 39 135 1000
176 359 112 1000
213 19 146 1000
464 361 90 1000
349 23 130 1000
138 36 138 1000
93 202 95 1000
250 331 144 1000
242 13 140 1000
360 37 93 1000
321 33 145 1000
293 121 129 1000
122 27 99 1000
321 27 152 1000
370 17 137 1000
459 17 129 1000
422 211 142 1000
284 121 100 1000
280 24 144 1000
150 23 137 1000
144 36 88 1000
269 189 100 1000
438 33 111 1000
332 14 150 1000
389 10 91 1000
251 24 138 1000
231 24 128 1000
82 33 90 1000
155 16 135 1000
390 18 89 1000
287 8 141 1000
111 28 136 1000
247 17 143 1000
343 456 89 1000
345 189 110 1000
145 4 131 1000
257 23 135 1000
334 15 135 1000
348 27 97 1000
110 0 141 1000
205 14 134 1000
434 125 102 1000
377 16 127 1000
469 37 97 1000
322 19 100 1000
425 140 134 1000
209 36 87 1000
354 1 101 1000
338 1 114 1000
396 40 126 1000
349 484 98 1000
177 27 106 1000
93 26 99 1000
208 89 126 1000
114 40 86 1000
115 40 98 1000
488 459 149 1000
152 35 98 1000
156 35 98 1000
82 10 108 1000
466 7 129 1000
236 16 126 1000
456 109 97 1000
372 15 131 1000
118 38 108 1000
433 27 111 1000
254 3 96 1000
396 35 86 1000
354 9 89 1000
447 202 97 1000
374 352 87 1000
172 131 85 1000
292 11 135 1000
415 37 88 1000
461 453 87 1000
304 35 85 1000
356 17 102 1000
172 17 92 1000
343 32 86 1000
386 33 85 1000
453 143 125 1000
295 12 138 1000
163 33 96 1000
171 33 85 1000
425 5 125 1000
337 27 88 1000
364 30 140 1000
232 38 85 1000
283 24 86 1000
409 133 87 1000
284 9 96 1000
261 146 134 1000
123 245 94 1000
283 136 112 1000
286 343 95 1000
422 35 86 1000
209 33 85 1000
333 19 95 1000
407 37 84 1000
142 10 96 1000
415 39 85 1000
382 22 97 1000
177 5 96 1000
181 5 109 1000
461 29 123 1000
176 4 90 1000
254 12 85 1000
143 18 103 1000
151 18 105 1000
259 2 86 1000
448 22 109 1000
322 0 123 1000
133 21 123 1000
272 489 95 1000
238 457 94 1000
425 186 93 1000
134 255 128 1000
99 270 105 1000
116 12 88 1000
109 3 93 1000
337 32 86 1000
479 279 83 1000
390 36 95 1000
454 31 83 1000
104 329 86 1000
309 17 131 1000
449 370 82 1000
197 16 136 1000
409 40 95 1000
144 40 85 1000
213 327 122 1000
349 1 107 1000
371 420 102 1000
194 18 94 1000
410 39 83 1000
472 39 135 1000
265 12 92 1000
430 24 122 1000
245 6 127 1000
127 34 104 1000
274 34 93 1000
248 32 83 1000
244 36 107 1000
251 36 102 1000
334 39 83 1000
97 12 99 1000
333 356 94 1000
208 18 107 1000
210 32 94 1000
368 278 88 1000
344 11 101 1000
135 9 131 1000
440 409 96 1000
95 10 112 1000
265 10 101 1000
184 32 81 1000
125 5 93 1000
443 39 103 1000
379 34 93 1000
276 40 83 1000
433 14 98 1000
348 128 97 1000
420 11 91 1000
234 29 131 1000
161 3 103 1000
234 10 97 1000
100 17 96 1000
180 23 86 1000
243 40 94 1000
251 5 82 1000
230 5 90 1000
250 99 95 1000
175 154 94 1000
370 183 87 1000
373 5 80 1000
412 17 81 1000
451 28 84 1000
145 263 87 1000
175 22 86 1000
245 38 93 1000
249 38 96 1000
334 184 87 1000
89 32 100 1000
286 20 105 1000
408 229 95 1000
190 27 87 1000
146 35 99 1000
110 17 80 1000
236 34 91 1000
434 10 102 1000
439 10 98 1000
276 174 103 1000
306 35 102 1000
340 33 102 1000
478 319 143 1000
486 18 80 1000
138 23 120 1000
455 227 86 1000
349 295 90 1000
304 28 128 1000
164 33 106 1000
383 251 81 1000
441 4 102 1000
433 332 104 1000
425 25 123 1000
260 286 91 1000
479 36 81 1000
234 5 91 1000
236 5 81 1000
405 24 81 1000
431 4 135 1000
200 458 81 1000
336 357 100 1000
360 38 86 1000
91 119 104 1000
101 0 105 1000
153 405 91 1000
470 21 91 1000
344 15 89 1000
142 12 91 1000
209 302 95 1000
151 10 95 1000
443 30 90 1000
160 19 94 1000
371 12 86 1000
184 286 90 1000
376 33 91 1000
357 12 106 1000
420 26 90 1000
322 200 106 1000
356 8 78 1000
333 123 79 1000
203 224 85 1000
380 251 86 1000
458 10 84 1000
309 404 89 1000
99 30 100 1000
403 14 80 1000
122 24 100 1000
104 4 90 1000
420 386 101 1000
383 20 100 1000
276 24 78 1000
254 333 88 1000
457 37 105 1000
360 336 93 1000
255 12 83 1000
366 14 84 1000
360 17 107 1000
219 26 133 1000
189 27 98 1000
186 354 93 1000
320 12 79 1000
292 26 136 1000
320 2 89 1000
125 33 93 1000
157 18 93 1000
462 137 94 1000
111 36 106 1000
247 11 88 1000
153 16 79 1000
332 23 79 1000
145 86 77 1000
143 86 83 1000
249 483 90 1000
459 27 108 1000
199 29 129 1000
278 20 98 1000
127 29 80 1000
386 31 99 1000
344 20 92 1000
254 14 82 1000
441 389 106 1000
223 22 99 1000
372 17 87 1000
380 17 79 1000
158 27 94 1000
131 14 99 1000
245 20 93 1000
114 403 102 1000
257 214 87 1000
413 372 100 1000
374 20 99 1000
307 37 87 1000
130 34 84 1000
306 10 94 1000
122 19 102 1000
253 31 99 1000
160 462 92 1000
455 26 92 1000
457 26 88 1000
244 16 87 1000
194 34 88 1000
420 3 106 1000
458 118 101 1000
463 297 92 1000
378 16 80 1000
479 383 126 1000
463 28 81 1000
171 15 82 1000
303 32 90 1000
194 7 131 1000
219 290 86 1000
274 35 103 1000
430 12 79 1000
463 6 83 1000
214 0 130 1000
235 12 86 1000
238 12 89 1000
251 32 89 1000
122 7 99 1000
350 160 89 1000
225 1 93 1000
122 89 94 1000
372 23 76 1000
389 39 86 1000
280 83 89 1000
175 145 98 1000
375 1 93 1000
378 1 81 1000
236 17 83 1000
82 17 98 1000
269 18 81 1000
360 26 103 1000
409 21 88 1000
230 34 98 1000
385 36 91 1000
408 413 94 1000
85 29 88 1000
108 30 87 1000
200 39 76 1000
352 339 94 1000
217 404 79 1000
89 28 82 1000
326 16 80 1000
479 484 87 1000
270 1 93 1000
88 6 92 1000
89 6 80 1000
281 39 96 1000
244 4 90 1000
479 352 95 1000
154 13 97 1000
433 25 90 1000
131 32 90 1000
378 4 82 1000
375 4 87 1000
140 10 101 1000
463 26 87 1000
121 454 93 1000
460 38 90 1000
126 16 94 1000
273 28 75 1000
304 3 92 1000
89 40 90 1000
143 321 85 1000
274 13 97 1000
165 38 90 1000
420 14 100 1000
140 32 75 1000
274 21 96 1000
338 245 87 1000
151 30 85 1000
212 22 74 1000
408 486 81 1000
299 470 87 1000
249 13 100 1000
237 5 84 1000
146 152 76 1000
238 26 87 1000
90 26 87 1000
348 7 74 1000
142 24 87 1000
405 22 91 1000
407 22 79 1000
123 0 90 1000
407 9 86 1000
374 21 86 1000
279 0 79 1000
154 273 92 1000
146 478 79 1000
406 241 91 1000
420 5 79 1000
414 8 74 1000
456 164 80 1000
410 33 89 1000
453 24 84 1000
245 0 74 1000
86 21 90 1000
171 165 75 1000
226 375 85 1000
385 9 96 1000
153 24 89 1000
84 14 92 1000
235 311 79 1000
154 9 88 1000
311 35 98 1000
479 38 89 1000
389 456 98 1000
311 27 83 1000
254 22 80 1000
462 26 90 1000
117 30 89 1000
259 9 105 1000
406 20 78 1000
373 113 79 1000
384 29 83 1000
377 30 88 1000
379 30 76 1000
390 29 85 1000
323 38 98 1000
327 38 91 1000
464 341 89 1000
376 141 79 1000
485 7 128 1000
326 20 97 1000
308 11 83 1000
390 6 76 1000
158 28 87 1000
221 39 72 1000
481 13 74 1000
183 23 89 1000
223 476 78 1000
422 249 77 1000
431 1 87 1000
171 38 89 1000
238 248 88 1000
85 197 97 1000
379 480 79 1000
193 448 87 1000
446 11 89 1000
343 0 108 1000
186 36 77 1000
333 3 79 1000
396 16 78 1000
253 229 101 1000
454 8 85 1000
340 8 78 1000
487 249 72 1000
340 82 97 1000
307 451 97 1000
365 39 89 1000
199 32 87 1000
334 10 87 1000
155 2 86 1000
355 39 99 1000
171 7 95 1000
247 294 87 1000
297 21 73 1000
371 4 99 1000
408 33 76 1000
327 22 87 1000
329 36 78 1000
150 455 78 1000
251 16 81 1000
137 356 99 1000
231 249 90 1000
224 224 104 1000
379 16 91 1000
373 14 94 1000
386 26 84 1000
145 21 76 1000
300 259 73 1000
208 366 97 1000
212 283 93 1000
140 422 93 1000
202 34 76 1000
471 11 87 1000
126 331 78 1000
330 125 98 1000
160 26 97 1000
190 38 76 1000
238 33 96 1000
134 9 72 1000
400 26 76 1000
195 4 84 1000
132 232 74 1000
259 4 82 1000
293 225 76 1000
453 16 90 1000
163 386 97 1000
157 459 77 1000
367 366 95 1000
137 2 83 1000
483 348 82 1000
251 7 84 1000
222 7 81 1000
377 8 71 1000
267 20 90 1000
182 12 88 1000
322 38 97 1000
245 15 86 1000
321 39 82 1000
372 39 87 1000
197 36 95 1000
327 23 82 1000
431 23 80 1000
447 5 102 1000
202 37 85 1000
270 83 80 1000
341 0 82 1000
267 39 76 1000
479 37 85 1000
236 2 84 1000
211 13 85 1000
313 13 91 1000
150 328 94 1000
139 32 95 1000
469 34 86 1000
364 26 103 1000
487 31 80 1000
309 13 85 1000
241 39 74 1000
302 21 81 1000
468 393 94 1000
393 0 79 1000
400 0 71 1000
130 24 89 1000
427 26 79 1000
211 400 74 1000
306 256 81 1000
213 37 86 1000
195 289 87 1000
198 3 94 1000
392 3 83 1000
332 161 105 1000
136 26 79 1000
236 13 74 1000
131 21 92 1000
372 0 90 1000
263 397 73 1000
104 8 81 1000
309 286 73 1000
481 4 81 1000
303 3 93 1000
221 34 84 1000
138 386 70 1000
313 112 75 1000
315 30 80 1000
279 30 78 1000
280 30 80 1000
210 26 85 1000
409 6 84 1000
189 15 97 1000
148 11 73 1000
406 489 85 1000
486 444 83 1000
296 15 83 1000
327 0 79 1000
226 165 100 1000
236 0 77 1000
195 17 80 1000
333 11 73 1000
267 25 82 1000
243 32 84 1000
247 32 72 1000
142 8 105 1000
376 32 84 1000
303 130 92 1000
454 25 95 1000
457 25 87 1000
272 29 79 1000
280 29 79 1000
398 16 83 1000
151 213 83 1000
219 172 99 1000
295 448 71 1000
321 23 79 1000
397 3 71 1000
243 6 88 1000
457 298 84 1000
373 11 84 1000
322 31 87 1000
255 8 93 1000
261 7 92 1000
297 0 68 1000
320 7 82 1000
308 40 73 1000
486 36 71 1000
247 30 81 1000
339 29 89 1000
428 29 68 1000
397 17 84 1000
472 36 70 1000
373 7 91 1000
376 7 77 1000
480 9 81 1000
319 334 80 1000
396 33 80 1000
426 242 87 1000
183 7 87 1000
456 39 83 1000
370 24 83 1000
270 8 91 1000
302 458 81 1000
488 38 69 1000
139 6 70 1000
135 38 82 1000
235 25 93 1000
245 34 96 1000
294 22 81 1000
299 474 71 1000
134 19 82 1000
235 7 87 1000
223 5 85 1000
485 40 80 1000
153 13 79 1000
135 82 96 1000
85 23 88 1000
140 25 84 1000
481 7 68 1000
254 21 84 1000
294 38 80 1000
211 24 70 1000
483 18 78 1000
132 37 78 1000
199 337 82 1000
372 21 80 1000
375 21 83 1000
192 32 90 1000
293 86 84 1000
298 85 85 1000
300 25 85 1000
424 0 88 1000
302 32 79 1000
297 4 89 1000
298 4 75 1000
300 4 85 1000
299 17 85 1000
237 13 79 1000
295 33 77 1000
294 32 77 1000
398 6 82 1000
142 23 84 1000
302 11 66 1000
195 8 83 1000
133 30 81 1000
319 479 88 1000
135 384 88 1000
385 23 85 1000
474 28 90 1000
425 11 75 1000
425 24 88 1000
308 34 77 1000
430 22 77 1000
136 11 65 1000
400 5 80 1000
472 427 81 1000
483 136 85 1000
476 6 74 1000
422 215 76 1000
486 8 95 1000
220 6 68 1000
299 11 86 1000
480 7 69 1000
482 297 79 1000
134 34 85 1000
298 25 73 1000
487 29 80 1000
298 8 82 1000
480 40 78 1000
219 40 84 1000
216 39 73 1000
354 108 146 300
177 453 149 300
438 300 150 300
118 398 139 300
450 20 142 300
474 31 74 1000
420 22 144 300
406 405 154 300
237 38 138 300
443 339 139 300
479 439 142 300
313 19 152 300
263 398 137 300
286 25 148 300
468 17 141 300
258 31 140 300
221 23 77 1000
241 11 147 300
368 39 132 300
150 35 93 300
130 89 150 300
175 270 102 300
283 273 109 300
471 420 91 300
440 34 91 300
470 38 104 300
392 206 147 300
413 18 100 300
376 172 130 300
349 15 148 300
272 185 101 300
225 225 142 300
456 17 129 300
166 17 144 300
409 18 101 300
382 10 88 300
180 280 103 300
440 27 100 300
308 22 133 300
293 3 143 300
448 18 100 300
440 241 102 300
203 14 127 300
449 27 107 300
165 385 148 300
401 35 87 300
234 18 97 300
127 21 87 300
386 393 86 300
211 283 96 300
153 425 86 300
286 17 85 300
177 35 100 300
366 466 95 300
413 38 96 300
330 309 93 300
208 154 133 300
90 1 113 300
366 31 86 300
360 329 92 300
322 27 84 300
124 14 89 300
253 36 94 300
152 8 122 300
229 10 108 300
368 38 93 300
185 37 95 300
361 377 83 300
360 20 106 300
381 36 94 300
376 31 93 300
290 13 97 300
469 35 92 300
292 319 128 300
172 158 95 300
375 40 80 300
381 5 81 300
354 185 98 300
286 368 94 300
256 13 82 300
265 40 80 300
226 3 92 300
319 202 81 300
144 440 96 300
231 173 81 300
332 92 96 300
409 10 86 300
416 15 94 300
223 227 80 300
383 12 106 300
99 337 95 300
139 35 98 300
114 30 93 300
449 416 95 300
464 22 94 300
408 15 92 300
434 30 90 300
226 10 82 300
97 11 84 300
303 37 77 300
316 18 89 300
109 0 77 300
170 25 78 300
190 37 92 300
212 0 124 300
352 199 103 300
100 7 88 300
374 27 110 300
184 34 86 300
470 8 79 300
188 90 87 300
415 460 100 300
151 20 90 300
471 26 101 300
350 40 91 300
171 3 89 300
163 273 92 300
354 6 110 300
188 13 96 300
486 27 79 300
352 25 92 300
114 143 85 300
227 315 85 300
265 0 83 300
352 294 100 300
316 350 79 300
161 29 76 300
373 339 88 300
215 3 82 300
270 23 88 300
383 5 79 300
264 24 84 300
440 189 149 150
235 30 77 300
350 26 94 300
135 35 86 300
212 253 78 300
255 40 78 300
260 83 98 300
116 22 89 300
295 290 87 300
279 12 89 300
145 14 90 300
186 243 86 300
279 7 76 300
302 35 77 300
175 21 103 300
114 1 152 150
354 19 146 150
408 0 83 300
439 38 160 150
471 35 154 150
361 10 161 150
400 28 71 300
195 307 87 300
361 18 145 150
291 19 156 150
91 7 96 300
157 0 82 300
382 2 84 300
136 27 100 300
302 13 95 300
433 459 154 150
220 20 79 300
462 397 84 300
153 101 156 150
160 97 162 150
390 30 79 300
327 16 87 300
451 38 146 150
431 328 80 300
157 31 73 300
355 11 149 150
400 22 85 300
108 19 151 150
211 322 86 300
242 1 141 150
469 353 146 150
319 9 85 300
180 22 152 150
323 0 78 300
365 6 100 300
180 37 140 150
413 40 88 300
311 237 77 300
354 32 140 150
287 12 158 150
189 166 93 300
197 220 83 300
364 19 139 150
439 13 149 150
248 186 145 150
338 19 151 150
155 489 93 300
148 10 149 150
451 2 139 150
283 215 150 150
449 20 144 150
180 39 148 150
355 1 98 150
152 10 156 150
460 36 151 150
334 36 138 150
382 18 138 150
382 36 154 150
176 35 111 150
180 35 110 150
250 19 142 150
308 14 87 300
309 6 69 300
253 10 146 150
236 269 148 150
204 462 141 150
426 22 73 300
393 5 73 300
468 22 138 150
254 36 147 150
458 412 149 150
444 34 155 150
245 488 94 300
270 469 137 150
338 38 141 150
146 3 154 150
188 11 93 300
119 31 145 150
372 18 141 150
479 30 66 300
225 25 84 300
190 18 149 150
91 20 137 150
133 474 72 300
82 92 106 150
343 22 142 150
123 39 146 150
212 290 82 300
383 203 158 150
200 35 142 150
100 1 108 150
176 9 146 150
376 38 139 150
176 346 154 150
302 4 90 300
175 17 144 150
144 396 139 150
210 3 135 150
439 4 152 150
157 33 153 150
83 5 138 150
486 295 70 300
340 396 135 150
280 33 140 150
152 27 145 150
466 23 92 300
312 185 135 150
382 426 142 150
487 34 70 300
334 11 134 150
247 33 138 150
125 317 141 150
483 19 80 300
279 27 142 150
97 400 94 150
459 22 139 150
413 39 149 150
354 25 152 150
357 25 144 150
359 25 139 150
178 15 139 150
180 15 142 150
341 20 134 150
289 10 104 150
181 26 145 150
357 4 142 150
396 19 134 150
398 19 138 150
401 19 139 150
183 27 142 150
253 20 133 150
136 8 64 300
389 216 155 150
369 31 149 150
469 24 143 150
487 33 89 300
189 11 146 150
429 17 79 300
385 31 141 150
332 34 151 150
211 22 136 150
462 131 137 150
247 480 151 150
122 14 141 150
485 15 74 300
287 26 136 150
294 6 70 300
319 18 149 150
482 35 140 150
99 32 92 150
145 1 92 150
296 364 76 300
184 37 144 150
154 5 138 150
160 5 142 150
237 12 132 150
290 35 108 150
390 39 150 150
335 1 93 150
91 17 132 150
284 28 145 150
256 40 147 150
328 20 140 150
259 5 132 150
438 37 91 150
424 117 137 150
337 180 154 150
164 35 103 150
343 17 131 150
365 21 137 150
86 112 104 150
438 212 103 150
444 3 101 150
88 368 149 150
415 17 143 150
256 35 92 150
165 21 131 150
122 3 92 150
128 3 94 150
407 223 141 150
349 441 101 150
343 16 144 150
420 92 112 150
211 39 138 150
355 19 103 150
292 10 94 300
274 174 147 150
175 471 113 150
212 19 140 150
279 21 134 150
356 480 103 150
220 466 138 150
130 308 100 150
247 175 140 150
438 38 100 150
320 302 153 150
95 189 95 150
225 21 130 150
439 39 90 150
378 278 93 150
443 271 99 150
439 3 102 150
174 18 105 150
101 1 114 150
441 330 101 150
422 3 139 150
417 15 143 150
90 35 101 150
353 34 101 150
97 35 106 150
173 34 102 150
226 225 129 150
396 428 139 150
304 407 140 150
451 11 102 150
153 339 129 150
341 17 129 150
404 440 99 150
185 182 102 150
306 27 152 150
89 111 89 150
441 287 99 150
401 11 138 150
446 19 101 150
139 200 150 150
365 10 90 150
199 2 128 150
263 250 128 150
300 16 86 300
359 353 104 150
389 14 146 150
368 18 101 150
303 12 138 150
161 16 131 150
336 23 145 150
441 411 109 150
171 366 136 150
391 23 138 150
257 115 88 150
156 23 140 150
257 16 136 150
235 444 88 150
137 461 128 150
360 13 90 150
427 392 143 150
100 14 87 150
138 37 67 300
115 10 105 150
116 10 107 150
125 32 89 150
281 18 100 150
193 34 137 150
119 219 87 150
317 31 135 150
432 17 93 150
344 425 98 150
142 35 102 150
413 27 87 150
451 40 90 150
361 230 104 150
360 1 101 150
423 22 136 150
186 23 131 150
461 35 108 150
101 15 92 150
253 38 98 150
357 100 103 150
383 35 98 150
85 37 86 150
104 424 88 150
286 256 89 150
242 25 126 150
377 413 86 150
432 32 98 150
459 111 88 150
138 20 139 150
313 1 96 150
199 35 86 150
481 461 144 150
335 303 89 150
124 3 95 150
99 36 100 150
82 294 96 150
308 1 97 150
83 31 87 150
430 34 137 150
390 0 125 150
231 1 107 150
142 406 85 150
352 17 101 150
384 33 88 150
434 15 92 150
441 15 95 150
119 174 97 150
310 13 143 150
466 3 112 150
258 291 95 150
203 28 135 150
110 10 96 150
356 37 97 150
178 37 100 150
241 4 130 150
226 206 98 150
120 254 101 150
355 14 89 150
178 16 90 150
127 33 97 150
281 374 132 150
287 11 100 150
165 27 85 150
464 211 96 150
89 359 96 150
176 23 94 150
126 1 99 150
403 352 105 150
97 142 98 150
253 446 100 150
478 25 74 300
112 243 99 150
118 227 90 150
82 278 99 150
315 40 87 300
290 22 94 150
188 0 137 150
281 27 94 150
237 197 84 150
209 143 142 150
189 33 97 150
190 33 94 150
474 322 74 300
468 1 101 150
348 3 101 150
446 338 83 150
247 265 94 150
175 25 97 150
261 11 96 150
224 27 83 150
286 14 83 150
449 129 96 150
441 38 108 150
359 4 85 150
157 22 93 150
128 11 95 150
97 36 88 150
143 292 83 150
183 408 86 150
460 10 110 150
295 5 133 150
453 6 138 150
121 11 105 150
291 31 99 150
304 236 131 150
315 17 141 150
284 35 98 150
176 36 111 150
278 22 84 150
403 7 134 150
408 7 131 150
489 7 84 300
131 20 105 150
229 19 98 150
178 28 83 150
390 31 84 150
197 14 141 150
151 40 84 150
244 473 82 150
123 16 84 150
142 27 94 150
182 360 92 150
143 38 94 150
100 6 82 150
193 36 94 150
466 22 104 150
354 413 100 150
183 22 85 150
408 39 85 150
409 39 92 150
354 255 92 150
113 14 88 150
119 14 89 150
125 23 93 150
310 16 122 150
414 249 82 150
416 248 99 150
310 371 140 150
345 27 98 150
329 11 93 150
381 116 92 150
464 18 97 150
279 31 83 150
353 38 107 150
414 35 97 150
334 27 102 150
117 32 94 150
267 22 93 150
110 263 88 150
364 39 92 150
472 447 93 150
469 16 87 150
429 19 83 150
449 25 93 150
89 132 102 150
427 125 139 150
86 349 83 150
374 295 91 150
450 4 95 150
198 15 134 150
247 31 83 150
369 3 107 150
365 272 97 150
345 9 88 150
289 28 81 150
291 28 91 150
84 20 93 150
115 470 96 150
474 21 139 150
271 6 143 150
470 31 101 150
489 19 82 150
386 281 87 150
280 5 81 150
434 16 93 150
293 271 91 150
303 26 129 150
461 211 106 150
220 8 90 300
339 21 82 150
479 19 81 150
397 384 129 150
408 453 91 150
447 28 84 150
258 3 98 150
322 32 91 150
352 9 90 150
440 40 97 150
146 244 92 150
206 432 95 150
446 21 103 150
480 247 133 150
194 192 80 150
231 353 90 150
163 256 85 150
278 323 93 150
83 35 108 150
174 33 95 150
357 17 102 150
155 289 97 150
182 39 81 150
145 93 95 150
265 5 82 150
229 3 91 150
389 454 102 150
332 227 96 150
121 177 107 150
214 17 123 150
230 327 81 150
377 328 91 150
283 30 81 150
322 93 94 150
479 18 90 150
352 297 95 150
238 5 79 150
200 379 136 150
410 9 81 150
255 459 102 150
172 6 79 150
432 33 106 150
95 0 104 150
397 188 91 150
331 39 92 150
434 13 85 150
145 237 96 150
255 248 79 150
137 25 137 150
378 257 94 150
302 0 119 150
310 0 133 150
350 5 91 150
408 17 92 150
344 4 94 150
404 10 84 150
146 17 80 150
331 273 86 150
108 35 85 150
397 27 80 150
253 27 101 150
384 9 80 150
484 16 131 150
132 361 79 150
454 130 79 150
443 155 93 150
273 27 106 150
341 350 90 150
369 17 94 150
331 13 90 150
175 7 82 150
141 1 88 150
374 1 103 150
444 9 91 150
320 430 80 150
109 25 88 150
291 294 83 150
468 150 85 150
182 244 86 150
391 22 94 150
478 1 88 150
345 302 84 150
378 27 98 150
126 9 90 150
182 35 103 150
172 18 96 150
278 9 83 150
253 12 100 150
156 20 104 150
481 23 133 150
104 39 99 150
377 432 104 150
264 231 79 150
382 37 90 150
432 26 102 150
401 473 78 150
367 23 79 150
470 205 100 150
330 231 81 150
175 386 88 150
462 164 88 150
170 14 89 150
368 1 96 150
274 10 83 150
461 32 90 150
339 1 84 150
198 29 127 150
469 22 82 150
193 37 90 150
338 27 111 150
182 11 89 150
164 23 77 150
383 27 97 150
86 276 94 150
315 29 121 150
281 451 92 150
253 16 79 150
139 33 90 150
194 6 117 150
264 19 92 150
369 91 77 150
155 27 102 150
413 0 92 150
284 25 97 150
183 124 82 150
93 11 103 150
85 30 77 150
412 20 92 150
261 32 89 150
425 164 120 150
455 15 80 150
456 25 77 150
148 39 87 150
461 5 99 150
158 82 101 150
158 464 92 150
485 27 88 150
385 15 83 150
327 11 104 150
230 16 81 150
248 14 93 150
88 24 87 150
408 36 91 150
319 31 88 150
236 9 89 150
327 336 78 150
119 23 89 150
287 454 81 150
401 7 128 150
243 214 88 150
235 139 89 150
450 237 93 150
298 0 128 150
143 28 86 150
328 10 83 150
280 90 76 150
242 27 96 150
447 4 103 150
468 19 94 150
123 10 97 150
356 26 110 150
174 26 103 150
474 422 86 150
414 24 88 150
141 19 92 150
370 172 97 150
454 304 93 150
89 220 91 150
330 37 88 150
278 4 81 150
241 37 88 150
326 14 77 150
329 14 77 150
321 441 94 150
141 22 77 150
458 21 96 150
245 25 77 150
264 31 98 150
414 263 93 150
406 379 77 150
205 40 101 150
166 13 87 150
226 4 85 150
293 30 115 150
287 2 103 150
269 86 99 150
232 27 105 150
412 416 81 150
352 31 91 150
410 428 80 150
126 14 100 150
349 6 87 150
400 13 77 150
391 0 90 150
265 15 93 150
90 12 102 150
487 18 85 150
271 26 76 150
154 20 89 150
226 28 76 150
360 29 90 150
328 26 81 150
166 468 92 150
295 478 76 150
160 468 79 150
89 4 91 150
431 27 81 150
403 36 90 150
104 34 81 150
212 10 94 150
307 286 86 150
296 10 90 150
420 85 96 150
334 161 74 150
143 33 99 150
172 24 92 150
369 9 90 150
127 26 98 150
91 32 89 150
221 18 94 150
333 9 89 150
335 9 100 150
248 379 78 150
223 374 90 150
354 478 91 150
432 40 91 150
244 20 93 150
152 154 75 150
377 379 74 150
380 381 86 150
164 24 85 150
138 39 75 150
473 5 75 150
133 355 86 150
448 152 86 150
320 360 94 150
199 19 79 150
208 144 75 150
311 319 75 150
258 163 75 150
254 153 88 150
406 16 95 150
405 14 85 150
300 8 123 150
412 33 101 150
427 261 76 150
289 6 99 150
412 32 98 150
356 219 101 150
454 29 89 150
484 180 73 150
221 5 84 150
203 30 84 150
365 364 94 150
340 16 100 150
401 17 83 150
157 29 82 150
158 29 95 150
182 121 101 150
433 13 90 150
182 30 88 150
188 30 84 150
297 27 94 150
274 33 87 150
480 172 84 150
152 28 88 150
472 31 73 300
242 36 77 150
225 9 87 150
272 17 94 150
374 22 87 150
284 30 106 150
163 38 90 150
373 9 85 150
161 6 77 150
473 209 78 150
257 29 87 150
401 18 89 150
396 37 88 150
286 7 95 150
369 40 88 150
189 9 84 150
229 461 87 150
273 29 77 150
396 14 72 150
259 38 99 150
340 2 92 150
346 15 97 150
458 7 83 150
123 11 89 150
455 83 94 150
113 29 98 150
281 6 72 150
241 116 91 150
200 23 75 150
382 7 77 150
184 17 83 150
170 8 87 150
215 21 75 150
317 212 84 150
304 16 83 150
276 19 89 150
139 404 99 150
320 32 93 150
407 33 76 150
158 89 84 150
133 27 84 150
341 26 87 150
206 14 81 150
144 32 86 150
371 17 86 150
263 17 94 150
258 8 71 150
248 20 91 150
422 485 83 150
472 321 73 150
304 27 91 150
108 15 96 150
229 23 91 150
274 2 86 150
487 24 81 150
369 21 76 150
199 25 81 150
400 15 73 150
265 405 86 150
195 5 88 150
340 32 86 150
287 40 88 150
213 243 77 150
485 334 71 150
489 340 72 150
223 2 89 150
488 12 96 150
209 12 91 150
141 2 80 150
242 7 95 150
453 28 93 150
420 28 92 150
381 8 76 150
166 21 75 150
153 21 87 150
238 293 75 150
380 84 88 150
486 17 75 150
462 8 103 150
311 5 81 150
427 14 75 150
470 7 93 150
248 111 85 150
222 15 88 150
142 0 87 150
327 34 85 150
296 352 100 150
403 372 83 150
227 4 106 150
479 17 75 150
397 28 80 150
379 17 86 150
135 16 70 150
136 14 86 150
405 25 95 150
306 390 76 150
212 9 75 150
300 24 81 150
188 37 85 150
248 33 87 150
223 33 76 150
323 2 98 150
478 18 75 150
371 15 99 150
86 328 89 150
485 32 90 150
202 21 75 150
311 326 82 150
479 16 74 150
478 14 84 150
404 37 84 150
298 130 72 150
489 31 95 150
410 383 94 150
182 385 92 150
188 32 94 150
431 15 79 150
223 370 104 150
185 21 74 150
153 194 87 150
343 8 81 150
287 31 94 150
155 25 87 150
460 334 75 150
337 308 84 150
145 32 86 150
263 32 94 150
448 21 86 150
120 24 75 150
198 151 70 150
143 31 91 150
217 16 82 150
321 369 74 150
488 15 74 150
333 162 101 150
300 14 70 150
344 215 86 150
487 4 70 150
381 0 90 150
371 31 73 150
302 247 91 150
383 32 83 150
110 8 86 150
401 30 79 150
255 30 90 150
110 7 81 150
377 2 87 150
293 27 98 150
377 15 89 150
209 195 73 150
423 13 88 150
222 26 92 150
182 375 80 150
376 25 96 150
216 88 73 150
142 11 83 150
198 22 75 150
183 26 92 150
332 427 85 150
188 25 88 150
486 28 68 150
489 28 68 150
247 37 83 150
310 23 85 150
459 374 94 150
307 164 69 150
212 5 80 150
380 30 90 150
213 26 74 150
426 0 78 150
403 22 100 150
217 4 92 150
232 0 82 150
390 11 83 150
237 15 86 150
241 15 86 150
148 7 83 150
306 122 84 150
487 0 82 150
137 38 92 150
273 430 92 150
200 16 89 150
170 24 82 150
341 30 101 150
365 8 103 150
256 11 82 150
163 22 87 150
333 8 92 150
161 22 84 150
136 248 79 150
298 323 93 150
303 29 83 150
141 425 71 150
170 7 89 150
405 34 94 150
279 24 95 150
376 6 86 150
253 331 73 150
392 8 68 150
221 0 67 150
272 323 86 150
321 8 72 150
317 83 76 150
320 90 76 150
271 381 90 150
306 2 91 150
310 12 83 150
309 8 81 150
250 30 90 150
396 4 86 150
226 327 70 150
194 17 99 150
425 29 77 150
185 25 72 150
378 8 75 150
478 183 81 150
135 270 83 150
311 15 91 150
335 5 83 150
235 6 87 150
190 7 75 150
161 40 87 150
315 33 83 150
317 13 82 150
321 13 70 150
485 29 70 150
339 39 81 150
267 8 97 150
265 7 87 150
485 38 79 150
426 3 92 150
329 30 94 150
293 36 79 150
132 34 70 150
217 241 76 150
272 5 82 150
326 7 77 150
328 7 80 150
300 336 85 150
480 14 75 150
220 33 79 150
481 6 74 150
480 245 92 150
430 39 79 150
479 20 92 150
152 21 91 150
223 39 85 150
297 28 70 150
264 397 83 150
214 224 78 150
136 235 93 150
295 6 68 150
431 13 69 150
422 32 78 150
298 368 75 150
480 33 83 150
474 10 78 150
294 34 79 150
485 407 78 150
298 19 91 150
478 4 84 150
489 13 68 150
197 166 85 150
224 21 90 150
476 17 78 150
292 5 78 150
293 5 70 150
209 21 94 150
194 32 68 150
273 31 78 150
309 30 73 150
138 14 80 150
485 28 78 150
213 4 85 150
308 28 77 150
476 28 73 150
322 21 87 150
237 21 89 150
431 37 67 150
484 200 77 150
143 23 86 150
323 31 90 150
215 396 68 150
309 11 78 150
481 198 86 150
401 472 79 150
311 482 79 150
200 8 87 150
427 31 84 150
295 0 83 150
241 312 95 150
214 146 76 150
297 15 75 150
485 380 82 150
487 375 82 150
213 160 84 150
192 40 84 150
398 40 77 150
319 5 87 150
138 24 88 150
303 40 92 150
310 5 87 150
317 39 76 150
487 7 74 150
195 21 80 150
300 6 73 150
306 13 86 150
292 24 73 150
487 21 77 150
219 24 71 150
137 31 70 150
138 31 80 150
429 23 78 150
