287 93 150 1000
117 439 148 1000
286 183 157 1000
117 19 166 1000
121 19 143 1000
446 36 153 1000
176 10 150 1000
172 36 169 1000
177 36 145 1000
116 18 143 1000
468 36 153 1000
416 19 164 1000
116 352 141 1000
359 484 141 1000
434 40 156 1000
438 40 163 1000
202 35 140 1000
450 33 140 1000
450 27 163 1000
290 12 162 1000
91 464 140 1000
178 426 141 1000
250 264 146 1000
237 279 152 1000
450 135 139 1000
407 36 149 1000
370 10 147 1000
415 3 153 1000
468 27 149 1000
118 12 138 1000
407 416 149 1000
256 120 153 1000
462 2 148 1000
361 260 137 1000
406 3 152 1000
185 10 149 1000
116 34 137 1000
365 3 147 1000
372 36 144 1000
439 14 149 1000
126 11 136 1000
209 415 146 1000
447 35 98 1000
447 327 146 1000
331 36 152 1000
459 303 136 1000
234 36 143 1000
95 3 100 1000
287 224 139 1000
460 33 141 1000
109 22 143 1000
336 461 146 1000
181 21 135 1000
360 35 98 1000
118 21 149 1000
416 32 145 1000
101 302 95 1000
276 33 135 1000
371 11 144 1000
313 443 150 1000
93 404 94 1000
410 215 134 1000
462 449 95 1000
444 17 151 1000
86 32 134 1000
90 32 144 1000
260 2 141 1000
113 24 154 1000
390 479 138 1000
381 27 139 1000
431 189 140 1000
173 17 142 1000
448 10 93 1000
222 12 143 1000
222 2 147 1000
110 13 150 1000
319 10 143 1000
229 20 137 1000
175 14 141 1000
384 31 142 1000
118 16 132 1000
380 22 132 1000
186 20 145 1000
117 18 105 1000
439 22 93 1000
378 37 132 1000
224 32 139 1000
323 20 140 1000
434 6 135 1000
263 217 131 1000
141 470 138 1000
151 32 142 1000
128 236 138 1000
338 21 141 1000
144 31 141 1000
229 40 153 1000
122 126 141 1000
206 5 131 1000
417 17 148 1000
287 0 147 1000
448 28 145 1000
440 31 91 1000
242 100 96 1000
486 450 150 1000
213 19 146 1000
464 361 90 1000
138 36 148 1000
122 16 139 1000
376 39 130 1000
250 331 130 1000
433 27 109 1000
349 23 138 1000
242 13 137 1000
321 33 130 1000
293 121 134 1000
93 202 95 1000
283 38 94 1000
321 27 137 1000
370 17 139 1000
459 17 145 1000
176 359 109 1000
422 211 129 1000
280 24 137 1000
269 189 91 1000
438 33 100 1000
332 14 135 1000
284 121 100 1000
251 24 128 1000
231 24 128 1000
175 446 98 1000
111 28 135 1000
287 8 131 1000
353 12 101 1000
247 17 141 1000
257 23 135 1000
441 4 102 1000
334 15 129 1000
173 19 96 1000
360 37 93 1000
110 0 143 1000
205 14 127 1000
469 37 97 1000
434 125 101 1000
322 19 90 1000
425 140 144 1000
127 97 107 1000
209 36 87 1000
377 16 145 1000
354 1 111 1000
396 40 134 1000
208 89 130 1000
150 23 126 1000
114 40 88 1000
115 40 99 1000
488 459 136 1000
93 26 91 1000
466 7 143 1000
236 16 138 1000
456 109 101 1000
118 38 99 1000
126 449 86 1000
396 35 86 1000
155 16 145 1000
372 15 126 1000
447 202 96 1000
292 11 139 1000
415 37 89 1000
181 417 95 1000
461 453 87 1000
441 389 101 1000
304 35 85 1000
453 143 145 1000
295 12 137 1000
356 17 92 1000
145 4 125 1000
338 1 95 1000
425 5 132 1000
99 270 100 1000
364 30 145 1000
409 133 96 1000
261 146 124 1000
360 26 99 1000
422 35 97 1000
286 343 97 1000
254 3 94 1000
209 33 84 1000
100 17 104 1000
336 357 102 1000
407 37 87 1000
283 136 96 1000
415 39 85 1000
172 17 88 1000
176 290 92 1000
461 29 131 1000
345 189 99 1000
97 12 99 1000
448 22 93 1000
322 0 131 1000
133 21 123 1000
272 489 94 1000
95 10 102 1000
425 186 85 1000
134 255 131 1000
232 38 83 1000
109 3 107 1000
354 9 83 1000
479 279 84 1000
454 31 94 1000
104 329 88 1000
309 17 123 1000
449 370 92 1000
197 16 134 1000
409 40 86 1000
213 327 122 1000
186 354 113 1000
116 12 88 1000
333 19 92 1000
194 18 82 1000
153 273 94 1000
410 39 84 1000
472 39 122 1000
265 12 83 1000
430 24 136 1000
434 10 97 1000
439 10 106 1000
349 1 97 1000
459 27 107 1000
245 6 122 1000
176 4 107 1000
283 24 88 1000
389 10 92 1000
274 34 83 1000
284 9 95 1000
244 36 103 1000
251 36 93 1000
254 12 85 1000
259 2 81 1000
208 18 91 1000
210 32 83 1000
135 9 131 1000
390 18 89 1000
265 10 91 1000
184 32 83 1000
238 457 95 1000
462 26 107 1000
360 17 97 1000
440 409 96 1000
443 39 103 1000
276 40 84 1000
433 14 96 1000
343 456 91 1000
420 11 91 1000
234 29 121 1000
348 128 96 1000
234 10 92 1000
368 278 86 1000
337 27 87 1000
412 17 82 1000
451 28 82 1000
250 99 112 1000
259 9 95 1000
357 12 95 1000
245 38 101 1000
249 38 94 1000
348 27 90 1000
122 27 91 1000
286 20 95 1000
408 229 85 1000
110 17 81 1000
306 35 104 1000
190 27 89 1000
478 319 128 1000
486 18 80 1000
138 23 124 1000
370 183 88 1000
276 174 92 1000
304 28 122 1000
177 27 90 1000
455 227 85 1000
334 184 87 1000
248 32 83 1000
333 356 90 1000
144 36 92 1000
152 35 98 1000
156 35 98 1000
349 484 80 1000
82 10 96 1000
425 25 120 1000
260 286 92 1000
479 36 81 1000
433 332 94 1000
405 24 83 1000
431 4 119 1000
180 23 85 1000
200 458 91 1000
82 33 79 1000
343 0 99 1000
371 420 95 1000
101 0 101 1000
145 263 96 1000
340 82 94 1000
360 38 84 1000
470 21 101 1000
175 22 84 1000
209 302 91 1000
158 27 94 1000
175 154 85 1000
243 40 83 1000
251 5 92 1000
230 5 94 1000
443 30 84 1000
184 286 89 1000
374 352 91 1000
420 26 82 1000
337 32 86 1000
322 200 101 1000
330 125 94 1000
343 32 83 1000
386 33 85 1000
309 404 82 1000
154 9 93 1000
203 224 84 1000
380 251 84 1000
403 14 80 1000
390 36 96 1000
236 34 82 1000
340 33 92 1000
104 4 80 1000
371 12 85 1000
276 24 91 1000
457 37 90 1000
420 386 83 1000
360 336 93 1000
219 26 126 1000
189 27 99 1000
366 14 83 1000
458 10 83 1000
320 12 91 1000
292 26 123 1000
320 2 80 1000
234 5 78 1000
236 5 81 1000
151 10 84 1000
247 11 89 1000
146 35 105 1000
160 19 83 1000
111 36 92 1000
364 26 107 1000
249 483 89 1000
199 29 127 1000
278 20 88 1000
334 39 87 1000
255 12 83 1000
142 10 96 1000
367 366 92 1000
223 22 87 1000
254 14 82 1000
177 5 87 1000
181 5 96 1000
462 137 84 1000
245 20 87 1000
344 11 87 1000
257 214 100 1000
307 37 77 1000
143 18 96 1000
151 18 87 1000
114 403 92 1000
382 22 85 1000
306 10 88 1000
91 119 94 1000
413 372 82 1000
344 20 92 1000
253 31 87 1000
172 131 87 1000
194 34 80 1000
455 26 87 1000
457 26 82 1000
157 18 81 1000
303 32 78 1000
420 3 101 1000
194 7 124 1000
219 290 76 1000
458 118 91 1000
479 383 116 1000
463 28 98 1000
430 12 88 1000
254 333 86 1000
214 0 120 1000
235 12 98 1000
238 12 88 1000
251 32 86 1000
163 33 86 1000
171 33 99 1000
274 35 83 1000
99 30 99 1000
463 6 87 1000
122 19 104 1000
280 83 78 1000
350 160 90 1000
225 1 83 1000
210 26 92 1000
332 161 91 1000
409 21 86 1000
375 1 82 1000
378 1 94 1000
236 17 82 1000
230 34 86 1000
463 297 82 1000
143 86 81 1000
126 16 104 1000
408 413 91 1000
137 356 95 1000
130 34 81 1000
200 39 77 1000
217 404 77 1000
349 295 86 1000
123 245 86 1000
356 8 78 1000
352 339 95 1000
479 484 85 1000
385 36 90 1000
326 16 80 1000
269 18 91 1000
281 39 87 1000
270 1 94 1000
127 34 94 1000
125 33 103 1000
244 4 80 1000
479 352 80 1000
433 25 103 1000
253 229 100 1000
378 4 88 1000
140 10 87 1000
463 26 87 1000
108 30 77 1000
121 454 80 1000
226 165 90 1000
460 38 90 1000
273 28 77 1000
171 15 91 1000
244 16 85 1000
304 3 85 1000
125 5 91 1000
274 13 87 1000
420 14 86 1000
140 32 75 1000
274 21 95 1000
122 7 88 1000
303 130 90 1000
231 249 89 1000
224 224 99 1000
212 22 86 1000
161 3 84 1000
333 123 80 1000
299 470 96 1000
379 34 77 1000
376 33 101 1000
249 13 85 1000
237 5 86 1000
84 14 102 1000
407 9 89 1000
160 462 99 1000
238 26 85 1000
85 29 87 1000
406 241 96 1000
89 32 93 1000
219 172 89 1000
279 0 81 1000
89 28 79 1000
446 11 99 1000
383 20 84 1000
373 5 82 1000
408 486 80 1000
88 6 82 1000
89 6 82 1000
414 8 75 1000
456 164 96 1000
453 16 90 1000
453 24 85 1000
410 33 96 1000
144 40 74 1000
247 30 90 1000
339 29 89 1000
243 6 93 1000
89 40 92 1000
405 22 89 1000
407 22 80 1000
255 8 88 1000
226 375 80 1000
154 273 88 1000
332 23 86 1000
164 33 90 1000
261 7 88 1000
334 10 88 1000
420 5 79 1000
355 39 89 1000
479 38 93 1000
311 35 94 1000
311 27 85 1000
383 251 84 1000
386 31 83 1000
151 30 89 1000
338 245 87 1000
153 405 102 1000
406 20 78 1000
146 478 88 1000
142 12 99 1000
131 32 90 1000
389 456 98 1000
235 311 78 1000
374 20 93 1000
373 113 88 1000
377 30 78 1000
390 29 84 1000
485 7 131 1000
323 38 88 1000
327 38 92 1000
308 11 84 1000
183 7 87 1000
464 341 87 1000
344 15 75 1000
326 20 93 1000
254 22 78 1000
221 39 86 1000
481 13 72 1000
86 21 77 1000
238 248 82 1000
422 249 77 1000
142 8 95 1000
431 1 87 1000
165 38 87 1000
270 8 87 1000
182 12 91 1000
193 448 97 1000
245 0 79 1000
376 141 77 1000
186 36 87 1000
333 3 79 1000
389 39 82 1000
396 16 89 1000
122 24 82 1000
487 249 72 1000
454 8 87 1000
447 5 88 1000
183 23 79 1000
340 8 94 1000
223 476 88 1000
235 7 87 1000
199 32 86 1000
85 197 88 1000
307 451 87 1000
379 480 77 1000
297 21 73 1000
251 16 82 1000
408 33 78 1000
329 36 86 1000
300 259 71 1000
135 82 96 1000
469 34 86 1000
208 366 88 1000
212 283 81 1000
140 422 81 1000
480 9 86 1000
365 39 89 1000
189 15 104 1000
247 294 77 1000
190 38 76 1000
238 33 86 1000
158 28 76 1000
117 30 82 1000
134 9 72 1000
327 22 76 1000
131 14 81 1000
171 38 89 1000
132 232 82 1000
259 4 83 1000
400 26 92 1000
195 4 85 1000
137 2 85 1000
293 225 92 1000
202 34 86 1000
471 11 87 1000
483 348 85 1000
372 17 70 1000
380 17 79 1000
251 7 83 1000
267 20 99 1000
245 15 91 1000
321 39 83 1000
322 38 77 1000
197 36 85 1000
327 23 80 1000
298 85 85 1000
431 23 72 1000
145 21 75 1000
171 7 84 1000
122 89 90 1000
374 21 87 1000
202 37 85 1000
378 16 78 1000
270 83 80 1000
175 145 90 1000
150 455 76 1000
82 17 89 1000
297 4 85 1000
372 39 75 1000
479 37 80 1000
313 13 80 1000
372 23 79 1000
406 489 95 1000
126 331 74 1000
139 32 82 1000
236 2 94 1000
85 23 88 1000
487 31 90 1000
309 13 79 1000
385 9 79 1000
302 21 92 1000
393 0 69 1000
400 0 72 1000
155 2 86 1000
427 26 81 1000
468 393 84 1000
267 39 76 1000
157 459 74 1000
154 13 79 1000
306 256 79 1000
211 13 84 1000
213 37 91 1000
135 384 85 1000
211 400 74 1000
153 16 69 1000
222 7 75 1000
145 86 79 1000
371 4 93 1000
241 39 74 1000
127 29 69 1000
375 4 79 1000
385 23 84 1000
195 289 85 1000
198 3 87 1000
397 17 94 1000
392 3 83 1000
143 321 78 1000
136 26 79 1000
195 8 87 1000
426 242 84 1000
263 397 73 1000
104 8 80 1000
221 34 89 1000
309 286 73 1000
341 0 84 1000
481 4 80 1000
303 3 83 1000
313 112 95 1000
409 6 88 1000
236 13 73 1000
90 26 78 1000
142 24 87 1000
123 0 98 1000
457 298 84 1000
131 21 94 1000
348 7 74 1000
486 444 73 1000
327 0 80 1000
373 11 83 1000
130 24 87 1000
236 0 78 1000
296 15 74 1000
138 386 69 1000
195 17 80 1000
315 30 78 1000
267 25 82 1000
153 24 77 1000
243 32 74 1000
247 32 72 1000
142 23 92 1000
150 328 84 1000
379 16 84 1000
373 14 81 1000
386 26 87 1000
376 32 72 1000
454 25 85 1000
457 25 87 1000
272 29 79 1000
280 29 89 1000
398 16 77 1000
333 11 73 1000
148 11 72 1000
456 39 93 1000
295 448 71 1000
321 23 77 1000
245 34 81 1000
134 19 82 1000
397 3 86 1000
384 29 66 1000
151 213 84 1000
379 30 72 1000
322 31 73 1000
390 6 76 1000
279 30 76 1000
280 30 88 1000
297 0 67 1000
223 5 81 1000
320 7 81 1000
146 152 76 1000
486 36 82 1000
428 29 66 1000
299 17 80 1000
254 21 96 1000
472 36 70 1000
319 334 84 1000
308 40 72 1000
474 28 80 1000
396 33 96 1000
298 8 90 1000
476 6 85 1000
171 165 65 1000
160 26 82 1000
370 24 71 1000
302 458 80 1000
486 8 80 1000
488 38 80 1000
139 6 70 1000
135 38 86 1000
235 25 83 1000
372 0 74 1000
372 21 79 1000
375 21 94 1000
487 29 80 1000
294 22 80 1000
299 474 69 1000
377 8 64 1000
237 13 79 1000
140 25 75 1000
483 18 85 1000
485 40 69 1000
481 7 78 1000
294 38 69 1000
211 24 80 1000
153 13 78 1000
132 37 78 1000
199 337 81 1000
293 86 87 1000
319 479 78 1000
192 32 80 1000
300 25 83 1000
424 0 74 1000
298 4 85 1000
300 4 105 1000
163 386 72 1000
302 32 67 1000
425 11 77 1000
295 33 67 1000
398 6 73 1000
294 32 77 1000
308 34 86 1000
400 5 77 1000
373 7 71 1000
376 7 85 1000
302 11 66 1000
422 215 76 1000
299 11 85 1000
221 23 90 1000
472 427 92 1000
134 34 75 1000
425 24 84 1000
483 136 80 1000
136 11 65 1000
133 30 80 1000
220 6 68 1000
480 7 68 1000
482 297 74 1000
219 40 73 1000
298 25 79 1000
216 39 73 1000
480 40 73 1000
430 22 75 1000
354 108 156 300
438 300 160 300
177 453 148 300
118 398 139 300
450 20 145 300
474 31 78 1000
420 22 143 300
406 405 157 300
237 38 139 300
443 339 138 300
479 439 142 300
313 19 150 300
263 398 147 300
286 25 147 300
468 17 141 300
258 31 154 300
241 11 137 300
368 39 134 300
471 420 93 300
283 273 101 300
440 34 94 300
470 38 96 300
392 206 130 300
413 18 90 300
376 172 147 300
272 185 103 300
130 89 142 300
349 15 129 300
225 225 137 300
456 17 135 300
409 18 90 300
440 27 99 300
308 22 135 300
293 3 138 300
448 18 108 300
440 241 94 300
203 14 137 300
180 280 92 300
449 27 96 300
166 17 129 300
401 35 90 300
175 270 103 300
211 283 84 300
234 18 97 300
165 385 126 300
413 38 105 300
330 309 84 300
150 35 93 300
208 154 132 300
322 27 93 300
177 35 100 300
354 185 98 300
253 36 92 300
360 329 92 300
229 10 92 300
185 37 95 300
354 6 97 300
382 10 90 300
360 20 96 300
286 17 81 300
366 466 108 300
469 35 87 300
292 319 138 300
124 14 87 300
290 13 101 300
286 368 87 300
90 1 98 300
374 27 95 300
265 40 80 300
226 3 92 300
319 202 83 300
152 8 129 300
350 26 96 300
332 92 84 300
172 158 84 300
368 38 93 300
416 15 96 300
361 377 83 300
260 83 94 300
256 13 88 300
99 337 85 300
409 10 86 300
139 35 88 300
144 440 95 300
114 30 93 300
352 199 93 300
231 173 81 300
386 393 88 300
449 416 94 300
366 31 77 300
408 15 84 300
381 36 93 300
303 37 88 300
223 227 81 300
464 22 93 300
316 18 88 300
109 0 78 300
226 10 92 300
127 21 76 300
190 37 91 300
97 11 92 300
212 0 116 300
100 7 86 300
184 34 86 300
470 8 81 300
188 90 77 300
153 425 85 300
415 460 90 300
471 26 87 300
319 9 90 300
434 30 85 300
365 6 92 300
376 31 75 300
352 294 100 300
91 7 92 300
383 12 90 300
186 243 90 300
188 13 94 300
375 40 93 300
381 5 84 300
350 40 90 300
136 27 89 300
486 27 79 300
114 143 84 300
352 25 90 300
163 273 89 300
227 315 95 300
265 0 77 300
279 12 98 300
151 20 98 300
466 23 89 300
302 4 92 300
316 350 77 300
215 3 82 300
145 14 87 300
264 24 84 300
440 189 149 150
171 3 87 300
235 30 82 300
327 16 87 300
135 35 96 300
270 23 77 300
212 253 76 300
383 5 76 300
295 290 83 300
279 7 77 300
302 35 103 300
255 40 86 300
114 1 156 150
408 0 80 300
354 19 146 150
175 21 86 300
439 38 165 150
471 35 145 150
361 10 159 150
400 28 82 300
361 18 159 150
291 19 145 150
382 2 85 300
302 13 81 300
195 307 76 300
220 20 91 300
433 459 154 150
413 40 84 300
462 397 84 300
431 328 78 300
451 38 151 150
373 339 78 300
153 101 148 150
160 97 151 150
355 11 163 150
170 25 78 300
245 488 94 300
108 19 143 150
211 322 87 300
242 1 153 150
188 11 83 300
469 353 149 150
323 0 88 300
311 237 79 300
400 22 74 300
354 32 143 150
287 12 140 150
116 22 89 300
189 166 77 300
364 19 157 150
439 13 148 150
248 186 139 150
338 19 160 150
429 17 82 300
451 2 149 150
283 215 143 150
449 20 142 150
197 220 72 300
460 36 146 150
180 22 151 150
157 31 84 300
308 14 76 300
334 36 146 150
309 6 78 300
155 489 82 300
250 19 140 150
253 10 138 150
236 269 149 150
204 462 156 150
180 37 142 150
382 18 138 150
382 36 145 150
468 22 156 150
254 36 152 150
458 412 142 150
444 34 150 150
270 469 145 150
338 38 142 150
119 31 141 150
148 10 144 150
190 18 145 150
426 22 71 300
225 25 81 300
372 18 139 150
393 5 72 300
180 39 149 150
212 290 70 300
200 35 147 150
343 22 154 150
152 10 141 150
100 1 108 150
383 203 136 150
220 8 80 300
479 30 65 300
376 38 143 150
355 1 100 150
133 474 71 300
210 3 145 150
439 4 148 150
340 396 149 150
146 3 135 150
280 33 153 150
300 16 84 300
312 185 143 150
483 19 80 300
489 7 106 300
334 11 139 150
247 33 134 150
382 426 142 150
91 20 149 150
279 27 152 150
292 10 89 300
97 400 104 150
459 22 142 150
413 39 148 150
123 39 146 150
486 295 79 300
354 25 134 150
357 25 142 150
359 25 137 150
341 20 142 150
357 4 141 150
176 9 142 150
396 19 134 150
398 19 151 150
401 19 151 150
183 27 142 150
176 346 133 150
487 34 69 300
161 29 75 300
253 20 139 150
175 17 133 150
136 8 64 300
369 31 142 150
469 24 141 150
144 396 149 150
157 33 133 150
189 11 140 150
487 33 79 300
389 216 145 150
332 34 133 150
83 5 133 150
211 22 140 150
462 131 145 150
485 15 74 300
247 480 143 150
385 31 136 150
287 26 140 150
152 27 143 150
319 18 132 150
482 35 142 150
296 364 73 300
99 32 104 150
294 6 77 300
184 37 132 150
125 317 134 150
157 0 73 300
237 12 149 150
284 28 150 150
256 40 144 150
328 20 146 150
259 5 143 150
438 37 93 150
178 15 134 150
180 15 134 150
390 39 140 150
181 26 139 150
290 35 104 150
424 117 141 150
337 180 131 150
365 21 143 150
438 212 93 150
444 3 101 150
289 10 91 150
343 17 148 150
415 17 139 150
407 223 135 150
420 92 111 150
211 39 131 150
274 174 150 150
212 19 154 150
343 16 130 150
122 14 133 150
390 30 77 300
279 21 137 150
220 466 144 150
247 175 130 150
355 19 100 150
438 38 100 150
320 302 140 150
225 21 147 150
439 39 92 150
154 5 129 150
160 5 142 150
176 35 110 150
180 35 104 150
443 271 109 150
439 3 100 150
441 330 101 150
91 17 132 150
95 189 96 150
422 3 137 150
101 1 104 150
417 15 139 150
256 35 89 150
226 225 137 150
97 35 108 150
396 428 141 150
304 407 129 150
451 11 90 150
341 17 149 150
404 440 99 150
185 182 100 150
306 27 129 150
441 287 100 150
401 11 142 150
446 19 101 150
88 368 139 150
165 21 146 150
139 200 138 150
199 2 139 150
263 250 140 150
303 12 145 150
336 23 128 150
441 411 98 150
82 92 88 150
389 14 136 150
359 353 98 150
335 1 93 150
257 16 128 150
137 461 132 150
315 40 80 300
391 23 136 150
427 392 136 150
100 14 87 150
356 480 94 150
121 177 102 150
115 10 97 150
116 10 99 150
138 37 67 300
281 18 106 150
193 34 129 150
119 219 97 150
317 31 144 150
95 0 117 150
413 27 99 150
432 17 92 150
451 40 89 150
423 22 126 150
361 230 93 150
153 339 126 150
360 1 101 150
349 441 96 150
186 23 129 150
461 35 98 150
353 34 92 150
101 15 91 150
357 100 91 150
104 424 87 150
257 115 93 150
242 25 143 150
432 32 96 150
459 111 86 150
138 20 138 150
235 444 91 150
432 26 110 150
313 1 87 150
199 35 86 150
481 461 140 150
161 16 133 150
171 366 146 150
308 1 95 150
99 36 100 150
430 34 132 150
231 1 106 150
156 23 145 150
441 15 87 150
352 17 90 150
119 174 100 150
434 15 92 150
390 0 132 150
310 13 135 150
466 3 95 150
203 28 127 150
110 10 106 150
241 4 137 150
360 13 89 150
253 38 89 150
120 254 99 150
355 14 91 150
281 374 143 150
464 211 104 150
356 37 94 150
356 26 100 150
403 352 101 150
253 446 99 150
175 471 104 150
97 142 89 150
478 25 74 300
287 11 95 150
112 243 101 150
118 227 89 150
188 0 124 150
281 27 86 150
209 143 124 150
189 33 103 150
190 33 84 150
447 4 99 150
474 322 80 300
446 338 88 150
145 1 83 150
247 265 93 150
468 1 98 150
290 22 93 150
449 129 97 150
365 10 100 150
441 38 108 150
183 408 83 150
460 10 95 150
174 18 103 150
258 291 88 150
286 256 87 150
295 5 129 150
378 278 85 150
453 6 140 150
97 36 100 150
121 11 93 150
178 16 98 150
226 206 85 150
304 236 141 150
368 18 91 150
90 35 93 150
315 17 123 150
82 278 89 150
278 22 86 150
403 7 128 150
408 7 123 150
284 35 88 150
229 19 103 150
164 35 107 150
86 112 94 150
197 14 122 150
291 31 102 150
100 6 86 150
193 36 84 150
466 22 94 150
122 3 92 150
128 3 86 150
183 22 82 150
408 39 85 150
409 39 95 150
182 360 87 150
237 197 84 150
310 16 129 150
354 413 97 150
414 249 85 150
383 35 92 150
113 14 87 150
119 14 87 150
310 371 129 150
329 11 85 150
416 248 87 150
126 1 97 150
174 26 99 150
338 27 112 150
279 31 83 150
261 11 85 150
117 32 94 150
224 27 86 150
267 22 83 150
353 38 100 150
414 35 97 150
472 447 81 150
334 27 101 150
429 19 95 150
449 25 84 150
335 303 81 150
427 125 140 150
354 255 102 150
469 16 88 150
130 308 92 150
198 15 131 150
383 27 97 150
450 4 95 150
345 9 95 150
464 18 99 150
474 21 131 150
335 9 96 150
271 6 125 150
470 31 101 150
489 19 100 150
280 5 81 150
110 263 96 150
434 16 93 150
115 470 96 150
293 271 90 150
303 26 129 150
461 211 91 150
479 19 82 150
365 272 87 150
142 27 85 150
397 384 134 150
244 473 80 150
408 453 91 150
447 28 82 150
258 3 92 150
286 14 95 150
242 27 96 150
322 32 82 150
142 35 111 150
173 34 80 150
284 30 95 150
386 281 86 150
289 6 95 150
359 4 90 150
446 21 92 150
176 36 105 150
480 247 138 150
194 192 80 150
231 353 100 150
206 432 105 150
344 425 80 150
278 323 84 150
89 111 90 150
182 39 81 150
265 5 81 150
229 3 92 150
225 9 95 150
352 9 90 150
214 17 128 150
332 227 87 150
440 40 86 150
286 7 98 150
247 31 81 150
479 18 81 150
322 93 104 150
127 26 94 150
450 237 105 150
200 379 123 150
357 17 90 150
470 205 95 150
232 27 94 150
410 9 80 150
255 459 92 150
455 83 94 150
89 4 107 150
397 188 89 150
348 3 89 150
331 39 79 150
124 3 109 150
377 413 99 150
432 33 96 150
137 25 129 150
302 0 119 150
310 0 143 150
155 27 95 150
378 257 84 150
408 17 89 150
352 297 96 150
344 4 84 150
397 27 82 150
253 27 89 150
108 35 84 150
93 11 94 150
484 16 121 150
132 361 98 150
434 13 94 150
454 130 89 150
273 27 90 150
163 256 84 150
331 13 82 150
141 1 88 150
443 155 91 150
83 35 83 150
384 33 87 150
125 32 90 150
341 350 90 150
369 17 94 150
444 9 103 150
369 3 94 150
178 37 88 150
289 28 78 150
291 28 93 150
320 430 80 150
109 25 80 150
145 93 96 150
404 10 83 150
331 273 84 150
468 150 95 150
182 244 95 150
478 1 99 150
127 33 99 150
374 1 93 150
253 12 98 150
230 327 93 150
89 359 88 150
481 23 126 150
182 35 93 150
104 39 88 150
264 231 79 150
278 9 99 150
468 19 93 150
462 8 93 150
470 7 97 150
377 432 95 150
238 5 83 150
320 360 93 150
291 294 84 150
401 473 81 150
330 231 78 150
145 237 86 150
227 4 93 150
461 32 88 150
345 27 88 150
174 33 95 150
381 116 96 150
462 164 77 150
345 302 93 150
255 248 77 150
368 1 96 150
198 29 117 150
410 383 96 150
172 18 93 150
193 37 81 150
85 37 88 150
339 1 96 150
182 11 87 150
315 29 117 150
139 33 81 150
194 6 117 150
414 263 101 150
420 28 92 150
281 451 92 150
128 11 87 150
274 10 92 150
413 0 84 150
183 124 82 150
261 32 87 150
82 294 87 150
412 20 102 150
455 15 80 150
456 25 87 150
469 22 82 150
83 31 87 150
461 5 89 150
425 164 125 150
485 27 87 150
86 276 92 150
327 11 87 150
283 30 81 150
339 21 92 150
264 19 92 150
284 25 89 150
319 31 77 150
142 406 91 150
385 15 94 150
327 336 88 150
230 16 82 150
248 14 93 150
119 23 99 150
408 36 99 150
364 39 83 150
236 9 89 150
401 7 121 150
131 20 96 150
243 214 89 150
287 454 91 150
235 139 96 150
298 0 126 150
222 26 92 150
280 90 95 150
333 162 93 150
474 422 76 150
183 26 92 150
414 24 86 150
141 19 88 150
143 38 94 150
390 31 76 150
126 14 93 150
223 370 91 150
330 37 86 150
459 374 95 150
165 27 86 150
241 37 86 150
389 454 91 150
326 14 79 150
329 14 77 150
278 4 81 150
141 22 87 150
176 23 86 150
328 10 92 150
458 21 88 150
123 10 94 150
321 441 90 150
253 16 78 150
304 27 92 150
264 31 85 150
406 379 86 150
205 40 87 150
354 478 90 150
432 40 100 150
142 0 90 150
89 132 94 150
293 30 121 150
454 304 80 150
158 82 83 150
287 2 80 150
400 13 77 150
269 86 91 150
412 416 81 150
352 31 90 150
232 0 90 150
341 30 92 150
84 20 91 150
350 5 91 150
175 25 87 150
391 0 80 150
487 18 85 150
374 295 75 150
346 15 100 150
265 15 91 150
356 219 91 150
271 26 76 150
157 22 75 150
296 352 90 150
306 122 90 150
89 220 79 150
143 292 83 150
371 17 104 150
410 428 91 150
295 478 74 150
433 13 104 150
365 8 89 150
108 15 90 150
328 26 81 150
158 464 89 150
90 12 89 150
333 8 99 150
431 27 84 150
403 36 102 150
212 10 86 150
391 22 84 150
307 286 96 150
296 10 84 150
420 85 98 150
378 27 90 150
360 29 87 150
178 28 84 150
245 25 89 150
271 381 90 150
151 40 84 150
221 18 84 150
155 289 84 150
250 30 100 150
382 37 92 150
123 16 85 150
226 4 74 150
248 379 78 150
223 374 84 150
138 39 77 150
473 5 75 150
244 20 88 150
104 34 80 150
133 355 83 150
448 152 96 150
380 381 79 150
276 19 88 150
208 144 83 150
125 23 85 150
311 319 85 150
406 16 87 150
405 14 83 150
254 153 78 150
377 328 85 150
300 8 113 150
396 4 112 150
427 261 83 150
370 172 93 150
412 33 89 150
484 180 77 150
412 32 98 150
221 5 73 150
454 29 78 150
371 15 88 150
86 349 83 150
226 28 78 150
166 468 78 150
379 17 99 150
199 19 79 150
160 468 91 150
329 30 88 150
401 17 74 150
293 27 93 150
287 40 102 150
235 6 87 150
480 172 72 150
367 23 72 150
182 121 89 150
182 30 84 150
272 17 84 150
297 27 79 150
274 33 87 150
209 12 91 150
472 31 68 300
242 36 83 150
267 8 97 150
396 37 84 150
265 7 91 150
203 30 74 150
384 9 82 150
189 9 93 150
257 29 77 150
154 20 93 150
396 14 82 150
229 461 87 150
333 9 86 150
369 91 79 150
273 29 92 150
188 30 73 150
458 7 73 150
259 38 92 150
340 2 87 150
113 29 82 150
281 6 85 150
126 9 82 150
374 22 78 150
200 23 74 150
184 17 84 150
473 209 88 150
156 20 82 150
146 244 82 150
241 116 77 150
215 21 73 150
382 7 77 150
317 212 83 150
401 18 88 150
304 16 72 150
139 404 84 150
320 32 86 150
369 40 78 150
170 7 96 150
133 27 81 150
258 163 71 150
407 33 88 150
206 14 84 150
143 33 89 150
172 24 86 150
263 17 82 150
123 11 89 150
422 485 84 150
91 32 89 150
472 321 71 150
248 20 76 150
229 23 82 150
377 15 86 150
274 2 91 150
487 24 75 150
369 9 81 150
158 29 84 150
340 16 84 150
199 25 72 150
400 15 73 150
152 28 86 150
195 5 83 150
265 405 96 150
485 334 72 150
489 340 71 150
163 38 77 150
340 32 90 150
161 6 84 150
488 12 81 150
213 243 76 150
172 6 81 150
141 2 81 150
448 21 86 150
453 28 92 150
223 2 86 150
242 7 75 150
148 39 81 150
381 8 83 150
311 5 80 150
197 166 95 150
486 17 77 150
237 15 85 150
241 15 86 150
222 15 81 150
369 21 76 150
88 24 80 150
427 14 75 150
146 17 82 150
248 111 77 150
403 372 80 150
170 8 75 150
344 215 85 150
479 17 75 150
397 28 82 150
175 7 80 150
135 16 72 150
238 293 76 150
365 364 95 150
300 24 79 150
334 161 75 150
213 4 85 150
136 14 75 150
405 25 85 150
306 390 75 150
341 26 90 150
212 9 75 150
188 37 90 150
327 34 76 150
248 33 80 150
223 33 85 150
323 2 95 150
485 32 80 150
332 427 85 150
311 326 91 150
258 8 83 150
298 130 73 150
489 31 79 150
479 16 84 150
478 14 91 150
404 37 85 150
166 21 74 150
153 21 75 150
431 15 71 150
188 32 84 150
175 386 79 150
166 13 88 150
478 18 85 150
170 14 78 150
287 31 94 150
460 334 84 150
202 21 75 150
478 4 84 150
144 32 94 150
198 151 70 150
263 32 98 150
217 16 70 150
308 28 84 150
120 24 75 150
273 430 109 150
300 14 70 150
321 369 84 150
241 312 84 150
488 15 75 150
185 21 101 150
164 23 69 150
487 4 69 150
194 17 98 150
153 194 87 150
349 6 68 150
302 247 78 150
200 8 93 150
371 31 73 150
383 32 86 150
110 7 90 150
110 8 78 150
401 30 79 150
85 30 76 150
423 13 80 150
377 2 75 150
182 375 80 150
295 0 83 150
373 9 78 150
405 34 83 150
86 328 86 150
216 88 81 150
486 28 69 150
489 28 70 150
188 25 83 150
212 5 89 150
247 37 73 150
143 28 68 150
376 25 93 150
426 0 69 150
209 195 74 150
307 164 72 150
310 12 83 150
213 26 74 150
217 4 84 150
145 32 72 150
142 11 82 150
198 22 72 150
164 24 84 150
143 31 75 150
182 385 79 150
143 23 83 150
310 23 83 150
135 270 92 150
213 160 82 150
335 5 82 150
377 379 67 150
487 0 72 150
137 38 82 150
200 16 77 150
390 11 74 150
214 224 83 150
136 235 83 150
136 248 78 150
339 39 84 150
298 323 78 150
155 25 81 150
303 29 78 150
380 84 91 150
256 11 74 150
272 5 81 150
279 24 91 150
255 30 76 150
485 380 82 150
487 375 84 150
253 331 76 150
392 8 66 150
221 0 67 150
141 425 82 150
480 245 87 150
317 83 81 150
320 90 78 150
138 14 82 150
272 323 71 150
321 8 72 150
300 6 81 150
306 2 91 150
309 8 78 150
478 183 80 150
223 39 86 150
425 29 74 150
226 327 70 150
311 15 85 150
185 25 84 150
158 89 75 150
190 7 79 150
298 19 81 150
337 308 87 150
152 154 75 150
315 33 70 150
485 29 70 150
343 8 79 150
224 21 90 150
209 21 80 150
485 38 81 150
426 3 108 150
217 241 74 150
326 7 77 150
328 7 76 150
476 17 79 150
293 36 96 150
300 336 77 150
170 24 89 150
161 40 82 150
480 14 74 150
317 13 70 150
321 13 70 150
481 6 69 150
381 0 91 150
220 33 79 150
479 20 85 150
157 29 64 150
132 34 79 150
322 21 79 150
430 39 80 150
297 28 68 150
237 21 83 150
297 15 85 150
474 10 89 150
403 22 78 150
264 397 94 150
298 368 73 150
295 6 69 150
422 32 78 150
480 33 78 150
485 407 105 150
152 21 78 150
401 472 79 150
431 13 68 150
311 482 79 150
294 34 80 150
194 32 78 150
485 28 73 150
273 31 83 150
489 13 67 150
292 5 84 150
293 5 79 150
476 28 72 150
376 6 72 150
484 200 77 150
429 23 77 150
431 37 66 150
481 198 77 150
192 40 76 150
398 40 91 150
323 31 83 150
380 30 76 150
215 396 76 150
378 8 71 150
319 5 76 150
148 7 89 150
303 40 77 150
310 5 77 150
427 31 72 150
317 39 81 150
309 11 83 150
309 30 70 150
214 146 70 150
163 22 82 150
161 22 94 150
195 21 75 150
306 13 76 150
138 24 74 150
487 7 69 150
292 24 77 150
487 21 88 150
219 24 61 150
137 31 70 150
138 31 80 150
