287 93 151 1000
117 439 159 1000
286 183 167 1000
117 19 156 1000
121 19 145 1000
446 36 153 1000
176 10 151 1000
172 36 155 1000
177 36 144 1000
116 18 154 1000
468 36 152 1000
416 19 154 1000
116 352 143 1000
359 484 142 1000
434 40 154 1000
438 40 155 1000
202 35 163 1000
450 33 151 1000
450 27 147 1000
290 12 148 1000
91 464 141 1000
178 426 141 1000
250 264 147 1000
237 279 148 1000
450 135 141 1000
407 36 140 1000
370 10 147 1000
415 3 153 1000
468 27 140 1000
118 12 148 1000
407 416 148 1000
256 120 153 1000
462 2 139 1000
361 260 139 1000
406 3 154 1000
185 10 161 1000
116 34 138 1000
365 3 138 1000
372 36 146 1000
439 14 149 1000
126 11 148 1000
209 415 138 1000
447 327 146 1000
331 36 150 1000
459 303 138 1000
234 36 138 1000
287 224 147 1000
460 33 155 1000
109 22 137 1000
336 461 137 1000
181 21 143 1000
118 21 148 1000
416 32 137 1000
276 33 152 1000
371 11 152 1000
313 443 149 1000
410 215 135 1000
444 17 135 1000
86 32 143 1000
90 32 144 1000
260 2 135 1000
113 24 135 1000
390 479 141 1000
381 27 142 1000
431 189 135 1000
173 17 137 1000
222 12 144 1000
222 2 148 1000
110 13 134 1000
319 10 134 1000
229 20 145 1000
175 14 141 1000
384 31 134 1000
118 16 134 1000
380 22 150 1000
186 20 141 1000
378 37 134 1000
224 32 134 1000
323 20 143 1000
263 217 144 1000
141 470 133 1000
151 32 133 1000
128 236 139 1000
338 21 139 1000
144 31 133 1000
229 40 133 1000
122 126 141 1000
206 5 139 1000
417 17 132 1000
287 0 132 1000
448 28 152 1000
486 450 147 1000
213 19 132 1000
138 36 132 1000
176 359 99 1000
122 16 138 1000
376 39 133 1000
250 331 132 1000
349 23 138 1000
242 13 148 1000
434 6 135 1000
321 33 131 1000
293 121 138 1000
321 27 142 1000
370 17 132 1000
459 17 130 1000
422 211 136 1000
433 27 115 1000
280 24 141 1000
438 33 101 1000
360 38 97 1000
332 14 130 1000
251 24 134 1000
231 24 145 1000
284 121 100 1000
93 202 95 1000
287 8 129 1000
111 28 129 1000
247 17 139 1000
257 23 134 1000
334 15 129 1000
110 0 137 1000
205 14 138 1000
425 140 129 1000
377 16 128 1000
127 97 98 1000
396 40 135 1000
208 89 136 1000
225 1 95 1000
150 23 128 1000
488 459 127 1000
375 1 94 1000
378 1 92 1000
466 7 134 1000
236 16 128 1000
118 38 99 1000
441 4 111 1000
155 16 136 1000
372 15 137 1000
434 125 92 1000
270 1 92 1000
274 35 94 1000
292 11 128 1000
295 12 152 1000
145 4 136 1000
354 1 101 1000
425 5 133 1000
338 1 97 1000
93 26 103 1000
447 35 86 1000
447 202 96 1000
121 454 91 1000
352 339 95 1000
441 389 101 1000
356 17 94 1000
433 25 100 1000
453 143 132 1000
461 29 136 1000
269 189 85 1000
322 0 130 1000
133 21 131 1000
364 30 132 1000
99 270 100 1000
95 3 84 1000
134 255 138 1000
261 146 134 1000
109 3 97 1000
373 113 91 1000
309 17 124 1000
360 26 103 1000
286 343 89 1000
197 16 130 1000
406 20 93 1000
283 136 94 1000
100 17 100 1000
213 327 128 1000
101 302 84 1000
336 357 99 1000
172 17 90 1000
345 189 99 1000
472 39 130 1000
333 3 88 1000
448 22 95 1000
430 24 123 1000
462 449 83 1000
97 12 107 1000
190 27 90 1000
95 10 98 1000
126 331 88 1000
93 404 86 1000
244 36 94 1000
251 36 94 1000
135 9 123 1000
448 10 95 1000
360 35 85 1000
186 36 90 1000
234 29 122 1000
464 341 100 1000
333 19 92 1000
171 38 87 1000
186 354 97 1000
116 12 87 1000
408 33 92 1000
329 36 92 1000
245 38 92 1000
249 38 93 1000
176 4 87 1000
434 10 97 1000
439 10 98 1000
349 1 97 1000
459 27 98 1000
245 6 126 1000
208 18 93 1000
304 35 90 1000
439 22 115 1000
478 319 139 1000
267 20 86 1000
190 38 87 1000
138 23 127 1000
306 35 94 1000
265 10 103 1000
304 28 137 1000
443 39 94 1000
433 14 94 1000
150 455 86 1000
420 11 93 1000
425 25 121 1000
152 35 91 1000
156 35 101 1000
462 26 106 1000
360 17 97 1000
440 409 112 1000
234 10 92 1000
431 4 145 1000
348 128 86 1000
130 24 86 1000
322 38 86 1000
117 18 81 1000
371 420 96 1000
101 0 94 1000
368 278 86 1000
396 35 80 1000
440 31 80 1000
157 459 96 1000
250 99 95 1000
259 9 95 1000
357 12 96 1000
422 35 83 1000
408 229 85 1000
286 20 109 1000
177 27 98 1000
276 174 94 1000
333 356 90 1000
464 361 92 1000
82 10 91 1000
260 286 93 1000
370 183 96 1000
455 227 86 1000
390 36 96 1000
334 184 85 1000
340 33 90 1000
195 289 86 1000
433 332 94 1000
457 37 95 1000
470 21 92 1000
219 26 129 1000
313 112 86 1000
180 23 84 1000
463 28 96 1000
272 489 79 1000
292 26 120 1000
209 302 89 1000
343 0 94 1000
145 263 84 1000
340 82 95 1000
425 186 96 1000
309 286 84 1000
175 22 84 1000
175 154 84 1000
158 27 96 1000
479 279 84 1000
184 286 90 1000
199 29 123 1000
322 200 89 1000
443 30 95 1000
243 32 85 1000
247 32 90 1000
330 125 100 1000
203 224 83 1000
376 32 84 1000
380 251 84 1000
194 18 85 1000
154 9 96 1000
265 12 78 1000
209 36 78 1000
479 352 85 1000
189 27 90 1000
253 31 88 1000
420 386 91 1000
371 12 86 1000
486 444 83 1000
242 100 88 1000
194 7 121 1000
366 14 83 1000
360 336 93 1000
274 34 78 1000
247 11 88 1000
214 0 125 1000
458 10 85 1000
249 483 88 1000
251 32 88 1000
278 20 90 1000
151 10 83 1000
397 3 83 1000
146 35 93 1000
160 19 94 1000
142 10 95 1000
111 36 92 1000
184 32 77 1000
364 26 92 1000
223 22 88 1000
276 40 77 1000
255 12 84 1000
177 5 87 1000
181 5 97 1000
245 20 90 1000
344 11 87 1000
257 214 89 1000
370 24 85 1000
254 14 88 1000
143 18 97 1000
151 18 96 1000
367 366 92 1000
306 10 87 1000
89 28 82 1000
462 137 93 1000
295 448 82 1000
413 372 82 1000
114 403 92 1000
91 119 92 1000
283 38 77 1000
344 20 92 1000
454 25 82 1000
457 25 85 1000
455 26 89 1000
457 26 83 1000
235 12 88 1000
238 12 87 1000
469 37 76 1000
479 383 122 1000
157 18 92 1000
420 3 91 1000
458 118 91 1000
463 6 82 1000
304 3 86 1000
486 18 76 1000
409 21 86 1000
230 34 87 1000
350 160 90 1000
99 30 91 1000
122 19 94 1000
486 36 82 1000
236 17 81 1000
210 26 91 1000
332 161 93 1000
143 86 81 1000
161 3 96 1000
349 295 93 1000
299 470 88 1000
479 36 83 1000
463 297 82 1000
376 33 86 1000
126 16 91 1000
211 24 82 1000
472 36 82 1000
200 458 76 1000
281 39 88 1000
408 413 91 1000
137 356 91 1000
130 34 90 1000
407 9 87 1000
326 16 82 1000
396 33 83 1000
127 34 86 1000
209 33 76 1000
456 109 89 1000
89 32 95 1000
385 36 91 1000
269 18 81 1000
140 10 87 1000
463 26 88 1000
244 4 80 1000
175 446 85 1000
125 33 93 1000
453 24 87 1000
378 4 89 1000
302 458 80 1000
253 229 91 1000
488 38 91 1000
125 5 85 1000
135 38 84 1000
274 13 105 1000
420 14 86 1000
171 15 80 1000
353 12 75 1000
274 21 85 1000
226 165 90 1000
415 37 83 1000
460 38 94 1000
164 33 85 1000
461 453 89 1000
309 404 93 1000
122 7 80 1000
479 38 85 1000
114 40 76 1000
115 40 88 1000
249 13 87 1000
237 5 87 1000
303 130 90 1000
231 249 94 1000
224 224 90 1000
276 24 81 1000
322 19 74 1000
386 31 85 1000
235 25 81 1000
173 19 99 1000
153 405 84 1000
406 241 84 1000
360 37 93 1000
238 26 81 1000
84 14 92 1000
85 29 79 1000
211 400 79 1000
485 7 132 1000
383 20 84 1000
160 462 89 1000
279 0 79 1000
192 32 81 1000
219 172 89 1000
88 6 79 1000
89 6 87 1000
446 11 89 1000
158 28 81 1000
408 486 81 1000
294 38 90 1000
456 164 79 1000
453 16 89 1000
410 33 89 1000
247 30 94 1000
339 29 91 1000
243 6 89 1000
226 375 79 1000
89 40 79 1000
302 32 80 1000
405 22 91 1000
407 22 88 1000
263 397 79 1000
255 8 88 1000
154 273 88 1000
311 27 84 1000
261 7 88 1000
334 10 92 1000
420 5 89 1000
355 39 98 1000
122 24 83 1000
307 37 73 1000
338 245 96 1000
311 35 88 1000
415 39 74 1000
199 32 83 1000
142 12 102 1000
409 133 73 1000
210 32 85 1000
151 30 97 1000
126 449 73 1000
374 20 83 1000
194 34 73 1000
199 337 81 1000
308 11 84 1000
146 478 81 1000
303 32 73 1000
131 32 90 1000
219 290 73 1000
389 456 88 1000
377 30 84 1000
390 29 84 1000
235 311 78 1000
430 12 74 1000
323 38 88 1000
327 38 88 1000
238 248 83 1000
181 417 73 1000
183 7 91 1000
280 83 79 1000
326 20 97 1000
254 22 79 1000
86 21 77 1000
407 37 75 1000
422 249 77 1000
295 33 77 1000
142 8 87 1000
454 31 75 1000
431 1 87 1000
165 38 95 1000
389 39 82 1000
270 8 97 1000
259 4 92 1000
449 370 72 1000
182 12 87 1000
193 448 87 1000
137 2 83 1000
200 39 88 1000
217 404 72 1000
396 16 79 1000
376 141 79 1000
479 484 77 1000
454 8 77 1000
447 5 87 1000
183 23 78 1000
340 8 78 1000
223 476 83 1000
235 7 91 1000
251 16 83 1000
85 197 87 1000
307 451 87 1000
379 480 78 1000
208 366 84 1000
212 283 93 1000
140 422 83 1000
122 89 90 1000
270 83 84 1000
254 3 71 1000
322 31 76 1000
104 329 74 1000
273 28 82 1000
135 82 86 1000
469 34 87 1000
480 9 92 1000
409 40 71 1000
365 39 76 1000
189 15 91 1000
140 32 78 1000
479 37 82 1000
131 14 81 1000
139 32 83 1000
247 294 82 1000
212 22 71 1000
238 33 86 1000
117 30 81 1000
327 22 77 1000
176 290 72 1000
487 31 92 1000
400 26 76 1000
195 4 76 1000
385 9 87 1000
410 39 85 1000
293 225 93 1000
483 348 92 1000
251 7 76 1000
245 15 83 1000
321 39 81 1000
202 34 87 1000
471 11 86 1000
327 23 83 1000
213 37 83 1000
374 21 88 1000
412 17 70 1000
451 28 70 1000
197 36 95 1000
371 4 84 1000
171 7 83 1000
232 38 98 1000
298 85 85 1000
82 17 80 1000
145 21 76 1000
354 9 84 1000
202 37 85 1000
313 13 90 1000
104 8 81 1000
175 145 88 1000
297 4 100 1000
372 39 76 1000
309 13 80 1000
406 489 85 1000
341 0 84 1000
302 21 90 1000
236 2 89 1000
85 23 87 1000
142 24 88 1000
153 273 69 1000
123 0 80 1000
154 13 86 1000
306 256 82 1000
155 2 86 1000
468 393 84 1000
267 39 74 1000
327 0 81 1000
211 13 76 1000
283 24 69 1000
236 0 81 1000
389 10 69 1000
135 384 85 1000
284 9 69 1000
143 321 85 1000
221 39 71 1000
481 13 74 1000
254 12 85 1000
110 17 69 1000
259 2 69 1000
241 39 75 1000
153 24 86 1000
136 26 80 1000
385 23 85 1000
198 3 84 1000
397 17 84 1000
392 3 84 1000
390 18 68 1000
238 457 71 1000
221 34 78 1000
195 8 87 1000
420 26 82 1000
343 456 92 1000
426 242 99 1000
487 249 78 1000
90 26 78 1000
481 4 73 1000
405 24 83 1000
303 3 83 1000
236 13 75 1000
297 21 68 1000
320 12 69 1000
457 298 84 1000
337 27 87 1000
131 21 84 1000
320 2 82 1000
409 6 79 1000
348 27 69 1000
195 17 90 1000
122 27 68 1000
300 259 73 1000
296 15 74 1000
298 25 74 1000
373 11 94 1000
379 16 77 1000
373 14 79 1000
386 26 84 1000
267 25 82 1000
134 9 77 1000
132 232 73 1000
272 29 78 1000
280 29 79 1000
398 16 79 1000
142 23 84 1000
248 32 91 1000
403 14 67 1000
150 328 82 1000
144 36 85 1000
349 484 88 1000
104 4 83 1000
333 11 74 1000
82 33 70 1000
148 11 72 1000
456 39 82 1000
321 23 77 1000
431 23 68 1000
245 34 82 1000
243 40 66 1000
251 5 67 1000
230 5 82 1000
134 19 82 1000
151 213 84 1000
374 352 87 1000
337 32 66 1000
279 30 79 1000
280 30 76 1000
343 32 66 1000
320 7 80 1000
386 33 90 1000
223 5 82 1000
372 0 87 1000
236 34 66 1000
427 26 66 1000
299 17 91 1000
254 21 87 1000
319 334 80 1000
234 5 81 1000
236 5 83 1000
308 40 72 1000
160 26 75 1000
474 28 97 1000
140 25 87 1000
298 8 80 1000
476 6 80 1000
334 39 65 1000
139 6 70 1000
486 8 96 1000
382 22 85 1000
372 21 79 1000
375 21 79 1000
293 86 74 1000
487 29 80 1000
393 0 67 1000
400 0 67 1000
172 131 89 1000
294 22 70 1000
300 25 76 1000
299 474 71 1000
424 0 95 1000
254 333 67 1000
298 4 75 1000
300 4 76 1000
414 8 64 1000
237 13 79 1000
163 33 89 1000
171 33 66 1000
481 7 68 1000
483 18 89 1000
485 40 69 1000
153 13 78 1000
132 37 78 1000
356 8 82 1000
123 245 63 1000
138 386 73 1000
108 30 77 1000
319 479 84 1000
373 7 72 1000
376 7 72 1000
244 16 78 1000
297 0 65 1000
163 386 81 1000
333 123 75 1000
379 34 84 1000
428 29 68 1000
425 11 78 1000
294 32 77 1000
398 6 72 1000
308 34 92 1000
373 5 61 1000
400 5 77 1000
144 40 62 1000
332 23 79 1000
302 11 68 1000
422 215 75 1000
383 251 60 1000
299 11 76 1000
221 23 90 1000
344 15 60 1000
480 7 71 1000
472 427 75 1000
134 34 100 1000
425 24 74 1000
483 136 81 1000
245 0 78 1000
136 11 66 1000
133 30 80 1000
482 297 90 1000
220 6 71 1000
219 40 74 1000
372 17 58 1000
380 17 59 1000
216 39 83 1000
378 16 80 1000
480 40 73 1000
372 23 88 1000
315 30 58 1000
153 16 56 1000
222 7 74 1000
145 86 82 1000
127 29 57 1000
375 4 69 1000
354 108 156 300
430 22 81 1000
438 300 150 300
348 7 72 1000
177 453 144 300
118 398 148 300
450 20 151 300
384 29 53 1000
420 22 138 300
474 31 68 1000
406 405 148 300
237 38 149 300
146 152 56 1000
443 339 148 300
479 439 143 300
313 19 150 300
263 398 138 300
286 25 137 300
468 17 141 300
258 31 145 300
177 35 99 300
241 11 138 300
368 39 134 300
171 165 77 1000
379 30 52 1000
392 206 132 300
390 6 77 1000
469 35 98 300
376 172 131 300
283 273 101 300
130 89 133 300
332 92 96 300
349 15 148 300
225 225 136 300
377 8 51 1000
456 17 141 300
144 440 95 300
449 27 95 300
308 22 130 300
293 3 136 300
203 14 138 300
99 337 93 300
449 416 96 300
440 27 100 300
448 18 104 300
166 17 128 300
440 241 92 300
180 280 92 300
272 185 86 300
175 270 104 300
413 38 98 300
208 154 124 300
165 385 130 300
253 36 93 300
352 25 88 300
360 329 97 300
286 368 90 300
366 466 92 300
292 319 128 300
354 185 98 300
229 10 93 300
354 6 97 300
360 20 96 300
302 35 104 300
226 3 91 300
152 8 132 300
290 13 91 300
382 2 86 300
124 14 89 300
471 420 95 300
401 35 83 300
440 34 80 300
368 38 93 300
470 38 95 300
90 1 98 300
374 27 96 300
139 35 91 300
413 18 92 300
350 26 94 300
172 158 94 300
416 15 85 300
260 83 94 300
381 36 95 300
409 10 83 300
114 30 91 300
185 37 78 300
352 199 94 300
190 37 100 300
212 0 118 300
100 7 88 300
408 15 84 300
409 18 92 300
316 18 92 300
464 22 92 300
486 27 82 300
226 10 93 300
212 290 83 300
97 11 93 300
265 40 76 300
184 34 97 300
211 283 76 300
225 25 94 300
471 26 98 300
415 460 90 300
319 9 90 300
434 30 90 300
365 6 90 300
383 12 85 300
352 294 90 300
91 7 90 300
188 13 87 300
186 243 89 300
350 40 80 300
136 27 90 300
163 273 89 300
215 3 83 300
114 143 96 300
227 315 84 300
303 37 73 300
264 24 84 300
279 12 88 300
151 20 90 300
466 23 97 300
157 31 78 300
316 350 78 300
302 4 88 300
440 189 151 150
145 14 87 300
188 90 72 300
408 0 83 300
235 30 82 300
171 3 87 300
327 16 87 300
135 35 86 300
138 37 77 300
295 290 93 300
270 23 87 300
212 253 76 300
383 5 78 300
234 18 71 300
114 1 148 150
354 19 148 150
330 309 85 300
279 7 83 300
439 38 153 150
471 35 147 150
361 10 156 150
255 40 82 300
150 35 74 300
361 18 147 150
291 19 156 150
175 21 88 300
322 27 86 300
433 459 145 150
319 202 70 300
431 328 80 300
302 13 80 300
220 20 81 300
265 0 78 300
373 339 79 300
195 307 75 300
413 40 84 300
462 397 84 300
451 38 147 150
323 0 83 300
382 10 69 300
153 101 151 150
160 97 153 150
355 11 144 150
189 166 80 300
108 19 142 150
242 1 156 150
286 17 86 300
469 353 142 150
354 32 141 150
287 12 151 150
364 19 149 150
439 13 141 150
245 488 83 300
248 186 145 150
338 19 150 150
211 322 83 300
188 11 83 300
311 237 89 300
451 2 152 150
283 215 150 150
449 20 141 150
400 22 72 300
460 36 157 150
180 22 140 150
334 36 140 150
250 19 146 150
116 22 93 300
253 10 151 150
236 269 139 150
204 462 150 150
180 37 147 150
382 18 147 150
382 36 149 150
429 17 82 300
468 22 139 150
254 36 152 150
458 412 147 150
444 34 139 150
308 14 77 300
270 469 144 150
338 38 150 150
119 31 154 150
197 220 72 300
148 10 141 150
190 18 139 150
372 18 144 150
155 489 82 300
180 39 140 150
200 35 138 150
343 22 144 150
152 10 145 150
357 100 103 150
361 377 80 300
100 1 110 150
383 203 138 150
376 38 145 150
256 13 66 300
210 3 137 150
439 4 146 150
426 22 73 300
393 5 70 300
340 396 141 150
146 3 146 150
280 33 144 150
312 185 137 150
109 0 76 300
470 8 79 300
334 11 144 150
231 173 65 300
247 33 139 150
382 426 143 150
91 20 148 150
386 393 65 300
279 27 140 150
220 8 80 300
459 22 142 150
413 39 147 150
123 39 136 150
133 474 71 300
354 25 135 150
357 25 143 150
359 25 139 150
341 20 139 150
357 4 144 150
176 9 142 150
396 19 135 150
398 19 140 150
401 19 142 150
366 31 87 300
400 28 65 300
183 27 136 150
176 346 141 150
157 0 75 300
253 20 142 150
175 17 137 150
300 16 84 300
483 19 86 300
369 31 137 150
469 24 143 150
144 396 142 150
489 7 95 300
157 33 137 150
189 11 135 150
389 216 140 150
332 34 141 150
83 5 134 150
211 22 134 150
462 131 141 150
247 480 145 150
292 10 80 300
385 31 134 150
287 26 135 150
223 227 81 300
486 295 86 300
152 27 134 150
319 18 134 150
482 35 142 150
97 36 100 150
184 37 139 150
125 317 134 150
237 12 139 150
487 34 70 300
485 15 74 300
284 35 99 150
284 28 137 150
256 40 140 150
328 20 139 150
259 5 134 150
127 21 64 300
178 15 140 150
180 15 145 150
390 39 133 150
181 26 133 150
296 364 74 300
424 117 141 150
337 180 141 150
487 33 80 300
365 21 134 150
290 35 103 150
343 17 133 150
415 17 138 150
294 6 77 300
407 223 132 150
211 39 138 150
420 92 103 150
274 174 140 150
212 19 139 150
343 16 132 150
122 14 132 150
279 21 138 150
220 466 140 150
247 175 136 150
320 302 132 150
438 38 104 150
225 21 142 150
154 5 140 150
160 5 131 150
153 425 63 300
439 3 101 150
91 17 140 150
422 3 138 150
417 15 132 150
145 93 96 150
226 225 130 150
396 428 141 150
304 407 136 150
341 17 131 150
306 27 163 150
355 19 100 150
404 440 103 150
390 30 76 300
401 11 136 150
88 368 132 150
165 21 136 150
139 200 137 150
199 2 137 150
83 35 95 150
263 250 134 150
443 271 101 150
432 33 105 150
303 12 130 150
336 23 129 150
389 14 129 150
376 31 85 300
441 411 102 150
108 35 104 150
95 189 94 150
101 1 104 150
257 16 129 150
137 461 133 150
391 23 135 150
427 392 147 150
97 35 104 150
368 1 95 150
441 287 100 150
446 19 101 150
339 1 108 150
193 34 154 150
317 31 128 150
377 432 94 150
423 22 128 150
375 40 84 300
153 339 128 150
381 5 62 300
186 23 134 150
359 353 98 150
349 441 98 150
309 6 68 300
461 35 100 150
115 10 99 150
116 10 97 150
315 40 77 300
242 25 137 150
138 20 128 150
432 32 102 150
121 177 110 150
481 461 135 150
403 352 104 150
161 16 128 150
171 366 127 150
287 454 93 150
430 34 133 150
156 23 129 150
432 17 92 150
95 0 102 150
231 1 98 150
479 30 75 300
361 230 97 150
390 0 126 150
287 2 91 150
310 13 126 150
360 1 101 150
203 28 132 150
466 3 101 150
101 15 91 150
241 4 130 150
136 8 69 300
281 374 132 150
432 26 110 150
356 37 96 150
253 446 98 150
175 471 96 150
412 416 92 150
99 36 100 150
188 0 128 150
352 17 94 150
185 182 90 150
434 15 90 150
182 360 92 150
110 10 97 150
295 5 147 150
403 36 99 150
464 211 96 150
334 27 90 150
120 254 91 150
355 14 91 150
304 236 149 150
315 17 136 150
403 7 124 150
408 7 132 150
90 35 94 150
166 468 89 150
287 11 95 150
160 468 92 150
356 26 100 150
97 142 89 150
197 14 124 150
112 243 91 150
118 227 97 150
478 25 91 300
182 121 89 150
291 31 104 150
247 265 94 150
290 22 94 150
209 143 124 150
142 27 94 150
447 4 99 150
474 322 74 300
310 16 123 150
412 33 89 150
281 18 83 150
460 10 98 150
174 18 93 150
310 371 141 150
468 1 98 150
383 35 103 150
121 11 93 150
441 38 98 150
241 116 89 150
117 32 93 150
178 16 88 150
453 6 127 150
427 125 136 150
242 36 94 150
198 15 123 150
229 19 93 150
355 1 86 150
97 400 99 150
82 278 88 150
474 21 123 150
470 31 93 150
259 38 98 150
466 22 94 150
303 26 122 150
248 20 93 150
163 38 87 150
199 35 82 150
113 14 87 150
119 14 99 150
408 453 94 150
354 413 103 150
258 3 94 150
407 33 87 150
416 248 87 150
142 35 92 150
480 247 128 150
308 1 82 150
126 1 99 150
174 26 98 150
248 111 88 150
354 255 92 150
338 27 97 150
353 38 97 150
414 35 97 150
469 16 86 150
86 328 86 150
229 3 92 150
450 4 88 150
214 17 121 150
383 27 96 150
352 9 92 150
434 16 91 150
345 9 94 150
120 24 89 150
438 37 81 150
464 18 89 150
335 9 96 150
271 6 121 150
110 263 86 150
200 379 122 150
115 470 104 150
461 211 96 150
99 32 81 150
255 459 93 150
438 212 93 150
444 3 97 150
348 3 91 150
124 3 99 150
137 25 124 150
302 0 124 150
310 0 128 150
397 384 127 150
365 272 88 150
446 21 95 150
242 27 99 150
231 353 92 150
284 30 96 150
386 281 87 150
289 6 95 150
176 36 95 150
352 31 94 150
484 16 121 150
206 432 95 150
248 33 87 150
223 33 91 150
281 27 80 150
189 33 83 150
190 33 83 150
141 1 90 150
404 37 87 150
444 9 91 150
225 9 99 150
369 3 91 150
178 37 99 150
332 227 85 150
383 32 86 150
145 32 87 150
357 17 93 150
440 40 85 150
377 2 98 150
286 7 95 150
478 1 90 150
127 33 90 150
397 188 108 150
183 408 79 150
481 23 119 150
439 39 80 150
322 93 94 150
127 26 105 150
450 237 99 150
470 205 95 150
232 27 94 150
455 83 98 150
89 4 94 150
278 22 86 150
378 257 86 150
253 27 99 150
155 27 94 150
461 32 91 150
198 29 119 150
381 116 90 150
344 4 84 150
441 330 92 150
352 297 95 150
273 27 100 150
315 29 119 150
460 334 93 150
163 256 85 150
93 11 104 150
434 13 84 150
443 155 85 150
341 350 85 150
369 17 87 150
253 331 90 150
193 36 81 150
451 11 78 150
183 22 84 150
425 164 126 150
261 32 90 150
468 150 85 150
404 10 84 150
253 12 88 150
182 244 85 150
289 10 97 150
272 323 100 150
331 273 102 150
89 359 98 150
104 39 90 150
247 37 89 150
279 31 88 150
374 1 93 150
267 22 80 150
278 9 83 150
284 25 92 150
401 7 126 150
182 35 93 150
472 447 102 150
429 19 78 150
226 327 83 150
345 27 88 150
468 19 94 150
462 8 97 150
470 7 93 150
298 0 136 150
145 237 94 150
320 360 93 150
291 294 84 150
182 11 89 150
227 4 93 150
174 33 93 150
345 302 82 150
410 383 103 150
489 19 77 150
172 18 92 150
280 5 77 150
414 24 88 150
143 38 87 150
128 11 96 150
330 37 90 150
194 6 122 150
431 27 92 150
414 263 102 150
293 271 83 150
420 28 92 150
241 37 87 150
281 451 92 150
389 454 87 150
413 0 100 150
479 19 78 150
183 124 83 150
461 5 89 150
274 10 84 150
327 11 98 150
264 31 98 150
176 35 101 150
180 35 77 150
412 20 92 150
469 22 83 150
119 23 88 150
131 20 95 150
243 214 88 150
385 15 82 150
86 276 92 150
194 192 84 150
235 139 89 150
248 14 87 150
230 16 82 150
264 19 83 150
236 9 90 150
278 323 76 150
408 36 91 150
256 35 76 150
413 27 88 150
182 39 82 150
451 40 76 150
265 5 76 150
222 26 102 150
333 162 91 150
141 19 86 150
100 14 89 150
426 3 83 150
479 18 76 150
183 26 107 150
458 21 92 150
126 14 92 150
223 370 91 150
313 1 86 150
278 4 88 150
459 374 92 150
205 40 87 150
119 219 89 150
170 25 55 300
328 10 82 150
459 111 75 150
89 132 93 150
123 10 94 150
321 441 90 150
297 27 82 150
304 27 91 150
315 33 83 150
354 478 94 150
432 40 100 150
142 0 93 150
420 85 85 150
293 30 115 150
82 92 75 150
158 82 88 150
185 25 82 150
454 304 80 150
479 20 80 150
84 20 85 150
350 5 92 150
382 37 85 150
485 38 80 150
269 86 80 150
487 18 85 150
132 361 75 150
293 36 81 150
335 1 96 150
232 0 97 150
391 0 80 150
341 30 90 150
448 152 86 150
265 15 81 150
441 15 98 150
346 15 91 150
104 424 98 150
300 8 115 150
356 219 90 150
356 480 75 150
296 352 90 150
306 122 105 150
89 220 79 150
371 17 89 150
370 172 84 150
410 428 80 150
328 26 81 150
212 10 86 150
391 22 84 150
307 286 98 150
264 231 74 150
433 13 89 150
365 8 89 150
108 15 90 150
296 10 84 150
158 464 89 150
90 12 89 150
378 27 89 150
360 29 88 150
333 8 89 150
194 32 80 150
221 18 84 150
155 289 84 150
152 28 84 150
193 37 75 150
133 355 87 150
271 381 89 150
119 174 74 150
397 27 81 150
250 30 90 150
371 31 81 150
248 379 94 150
223 374 89 150
396 37 84 150
139 33 83 150
189 9 85 150
380 381 95 150
353 34 73 150
244 20 88 150
104 34 79 150
406 16 85 150
405 14 85 150
333 9 92 150
143 31 78 150
276 19 88 150
257 115 83 150
126 9 84 150
254 153 78 150
235 444 88 150
446 338 88 150
485 27 78 150
449 129 73 150
396 4 88 150
139 404 84 150
320 32 85 150
454 29 87 150
412 32 88 150
371 15 88 150
379 17 89 150
199 19 78 150
272 17 84 150
329 30 95 150
401 473 79 150
293 27 88 150
287 40 98 150
235 6 92 150
182 30 94 150
280 90 72 150
474 422 78 150
369 9 82 150
274 33 87 150
209 12 87 150
472 31 74 300
257 29 89 150
267 8 97 150
265 7 98 150
113 29 82 150
141 2 84 150
154 20 87 150
273 29 93 150
184 17 82 150
229 461 87 150
141 22 72 150
156 20 91 150
360 13 90 150
431 37 95 150
317 212 82 150
340 2 87 150
253 38 72 150
88 24 82 150
374 22 77 150
382 7 78 150
133 27 84 150
321 369 82 150
473 209 87 150
206 14 83 150
263 17 93 150
401 18 92 150
414 249 72 150
422 485 85 150
369 40 87 150
170 7 89 150
229 23 82 150
143 33 89 150
172 24 86 150
123 11 89 150
340 16 81 150
91 32 89 150
449 25 88 150
195 5 84 150
158 29 76 150
271 26 76 150
377 15 86 150
485 32 91 150
274 2 86 150
488 12 92 150
311 326 93 150
453 28 81 150
145 1 95 150
161 6 76 150
489 31 91 150
265 405 96 150
213 243 76 150
148 39 89 150
408 39 84 150
409 39 85 150
340 32 88 150
295 478 71 150
311 5 82 150
448 21 86 150
242 7 86 150
222 15 83 150
223 2 90 150
365 10 94 150
403 372 82 150
486 17 76 150
381 8 76 150
258 291 70 150
286 256 89 150
378 278 94 150
427 14 75 150
197 166 85 150
237 15 85 150
241 15 86 150
369 21 78 150
226 206 70 150
368 18 91 150
447 28 70 150
365 364 80 150
479 17 75 150
170 8 84 150
344 215 86 150
341 26 80 150
473 5 76 150
138 39 70 150
400 13 72 150
136 14 77 150
238 293 77 150
86 112 73 150
306 390 75 150
212 9 83 150
164 35 95 150
110 8 81 150
213 4 85 150
405 25 85 150
110 7 90 150
311 319 71 150
188 37 85 150
327 34 76 150
323 2 91 150
373 9 80 150
329 11 69 150
332 427 84 150
479 16 86 150
478 14 84 150
122 3 87 150
128 3 95 150
427 261 75 150
166 13 79 150
166 21 74 150
237 197 82 150
153 21 76 150
100 6 69 150
484 180 72 150
188 32 84 150
221 5 69 150
175 386 79 150
478 18 75 150
261 11 85 150
224 27 69 150
287 31 84 150
480 172 69 150
202 21 84 150
478 4 101 150
335 303 87 150
144 32 84 150
263 32 84 150
308 28 84 150
488 15 74 150
273 430 99 150
130 308 69 150
302 247 89 150
164 24 87 150
241 312 84 150
185 21 75 150
194 17 100 150
153 194 94 150
320 430 80 150
423 13 81 150
182 375 82 150
200 8 84 150
454 130 68 150
401 30 73 150
322 32 84 150
200 23 75 150
410 9 71 150
295 0 83 150
219 24 91 150
298 323 78 150
405 34 87 150
215 21 68 150
304 16 85 150
161 29 52 300
216 88 75 150
212 5 78 150
244 473 84 150
286 14 88 150
173 34 68 150
359 4 68 150
408 17 82 150
380 84 78 150
188 25 83 150
472 321 73 150
376 25 83 150
213 26 73 150
209 195 85 150
401 17 67 150
217 4 80 150
344 425 67 150
310 12 83 150
487 24 70 150
188 30 72 150
89 111 92 150
199 25 67 150
142 11 82 150
198 22 73 150
462 164 78 150
317 83 80 150
320 90 80 150
182 385 77 150
485 334 74 150
489 340 70 150
200 16 88 150
143 23 85 150
109 25 67 150
310 23 73 150
135 270 82 150
213 160 82 150
487 0 80 150
335 5 85 150
331 39 67 150
136 248 77 150
247 31 77 150
396 14 84 150
137 38 82 150
390 11 73 150
214 224 83 150
136 235 83 150
158 89 77 150
339 39 84 150
319 31 75 150
303 29 73 150
281 6 73 150
377 413 89 150
297 28 73 150
190 7 79 150
155 25 81 150
215 396 89 150
455 15 67 150
456 25 80 150
343 8 83 150
331 13 67 150
135 16 67 150
256 11 73 150
300 24 73 150
272 5 82 150
279 24 91 150
255 30 76 150
485 380 98 150
487 375 101 150
427 31 72 150
141 425 72 150
326 7 77 150
328 7 78 150
300 336 106 150
384 33 66 150
400 15 67 150
125 32 69 150
480 245 81 150
298 130 76 150
138 14 82 150
321 8 79 150
289 28 83 150
291 28 66 150
300 6 81 150
381 0 77 150
431 15 66 150
311 15 77 150
306 2 81 150
309 8 78 150
478 183 81 150
223 39 86 150
230 327 84 150
330 231 66 150
217 16 65 150
238 5 81 150
300 14 72 150
298 19 85 150
487 4 65 150
337 308 89 150
485 29 70 150
255 248 81 150
397 28 73 150
217 241 78 150
85 37 65 150
224 21 87 150
480 14 75 150
209 21 79 150
476 17 80 150
170 24 79 150
161 40 80 150
317 13 69 150
321 13 70 150
327 336 64 150
82 294 64 150
220 33 79 150
486 28 65 150
489 28 70 150
406 379 77 150
83 31 64 150
307 164 64 150
339 21 84 150
426 0 72 150
132 34 86 150
142 406 64 150
364 39 65 150
298 368 74 150
198 151 70 150
322 21 79 150
430 39 71 150
237 21 83 150
297 15 79 150
474 10 78 150
295 6 85 150
403 22 89 150
264 397 94 150
208 144 63 150
326 14 77 150
329 14 63 150
422 32 78 150
480 33 78 150
485 407 84 150
152 21 78 150
390 31 63 150
165 27 86 150
176 23 86 150
203 30 69 150
485 28 73 150
401 472 78 150
431 13 69 150
253 16 63 150
311 482 79 150
294 34 70 150
378 8 73 150
273 31 78 150
283 30 62 150
476 28 72 150
221 0 62 150
489 13 67 150
148 7 72 150
292 5 68 150
293 5 68 150
175 25 62 150
374 295 62 150
157 22 87 150
143 292 82 150
425 29 62 150
376 6 78 150
484 200 77 150
458 7 76 150
429 23 77 150
481 198 94 150
192 40 81 150
398 40 86 150
323 31 76 150
380 30 71 150
178 28 84 150
245 25 72 150
151 40 61 150
319 5 81 150
392 8 70 150
123 16 84 150
226 4 73 150
303 40 87 150
310 5 76 150
125 23 61 150
317 39 81 150
309 11 68 150
309 30 72 150
377 328 85 150
163 22 82 150
161 22 75 150
214 146 73 150
487 7 72 150
86 349 79 150
226 28 82 150
195 21 76 150
367 23 80 150
306 13 76 150
384 9 83 150
369 91 62 150
481 6 59 150
146 244 82 150
138 24 88 150
258 163 88 150
292 24 78 150
146 17 58 150
175 7 57 150
334 161 77 150
258 8 75 150
172 6 61 150
487 21 71 150
170 14 56 150
164 23 81 150
137 31 70 150
138 31 75 150
143 28 78 150
377 379 54 150
349 6 71 150
85 30 78 150
152 154 76 150
157 29 52 150
