287 93 195 1000
117 439 165 1000
172 36 185 1000
177 36 197 1000
116 352 174 1000
446 36 170 1000
450 27 182 1000
91 464 149 1000
468 36 202 1000
468 27 185 1000
202 35 140 1000
450 33 147 1000
361 260 180 1000
415 3 180 1000
286 183 164 1000
439 14 177 1000
256 120 189 1000
462 2 169 1000
407 36 174 1000
176 10 175 1000
287 224 178 1000
176 359 121 1000
360 35 100 1000
173 17 143 1000
406 3 139 1000
407 416 183 1000
122 126 224 1000
365 3 178 1000
290 12 159 1000
175 14 173 1000
447 327 187 1000
372 36 137 1000
86 32 212 1000
90 32 167 1000
117 19 218 1000
121 19 167 1000
95 3 112 1000
175 446 132 1000
118 12 157 1000
381 27 196 1000
209 415 163 1000
447 35 106 1000
444 17 149 1000
128 236 191 1000
416 32 162 1000
331 36 186 1000
434 6 172 1000
234 36 186 1000
116 18 162 1000
460 33 166 1000
177 27 128 1000
287 0 176 1000
336 461 147 1000
360 38 150 1000
354 1 160 1000
127 97 150 1000
122 16 175 1000
229 20 160 1000
93 202 125 1000
93 404 116 1000
118 16 195 1000
186 20 162 1000
113 24 135 1000
176 290 112 1000
178 426 140 1000
416 19 156 1000
276 33 145 1000
151 32 185 1000
260 2 169 1000
126 449 111 1000
313 443 169 1000
433 27 124 1000
359 484 140 1000
323 20 144 1000
434 125 99 1000
181 417 116 1000
222 2 174 1000
434 40 145 1000
438 40 149 1000
462 449 85 1000
417 17 183 1000
448 28 209 1000
242 100 93 1000
225 1 103 1000
375 1 128 1000
378 1 99 1000
464 361 122 1000
224 32 148 1000
270 1 102 1000
352 339 117 1000
274 35 87 1000
287 8 199 1000
283 38 117 1000
250 264 164 1000
237 279 177 1000
486 450 149 1000
450 135 157 1000
378 37 159 1000
433 25 137 1000
126 11 208 1000
145 4 183 1000
370 10 197 1000
441 4 142 1000
122 27 121 1000
110 0 147 1000
321 27 166 1000
370 17 157 1000
250 331 157 1000
459 17 181 1000
141 470 153 1000
121 454 112 1000
284 121 91 1000
93 26 136 1000
349 1 146 1000
181 21 167 1000
222 12 166 1000
333 356 104 1000
332 14 177 1000
438 33 101 1000
101 0 101 1000
208 89 192 1000
466 7 171 1000
155 16 168 1000
293 121 166 1000
433 14 112 1000
185 10 196 1000
111 28 215 1000
176 4 105 1000
138 36 187 1000
354 9 105 1000
286 20 130 1000
247 17 156 1000
447 202 126 1000
356 17 105 1000
116 34 151 1000
172 17 125 1000
440 409 105 1000
172 131 136 1000
280 24 155 1000
360 37 115 1000
373 113 100 1000
334 15 165 1000
453 143 181 1000
348 27 115 1000
321 33 121 1000
205 14 130 1000
251 24 159 1000
231 24 170 1000
433 332 119 1000
377 16 172 1000
464 341 124 1000
250 99 140 1000
441 389 129 1000
459 303 194 1000
126 331 84 1000
286 343 94 1000
333 3 99 1000
284 9 125 1000
261 146 134 1000
173 19 120 1000
406 20 124 1000
338 1 99 1000
109 22 169 1000
99 270 109 1000
353 12 94 1000
236 16 176 1000
118 21 153 1000
171 38 134 1000
372 15 161 1000
152 35 109 1000
156 35 113 1000
144 36 94 1000
101 302 104 1000
360 26 133 1000
118 38 123 1000
186 36 133 1000
91 119 163 1000
190 27 83 1000
100 17 128 1000
82 33 123 1000
348 128 139 1000
146 35 128 1000
374 352 98 1000
336 357 118 1000
360 336 128 1000
371 11 149 1000
99 30 98 1000
322 0 154 1000
116 12 133 1000
122 89 98 1000
144 31 188 1000
175 145 88 1000
175 154 93 1000
488 459 129 1000
408 33 98 1000
343 456 93 1000
345 189 118 1000
329 36 98 1000
150 455 92 1000
97 12 113 1000
189 27 132 1000
337 27 127 1000
364 30 142 1000
130 24 97 1000
190 38 122 1000
95 10 102 1000
344 20 127 1000
384 31 143 1000
276 174 92 1000
390 479 198 1000
410 215 148 1000
123 245 122 1000
469 37 103 1000
456 109 112 1000
157 459 132 1000
422 211 199 1000
254 3 112 1000
209 36 103 1000
267 20 91 1000
131 14 132 1000
431 189 133 1000
322 38 112 1000
245 6 156 1000
186 354 102 1000
448 10 82 1000
368 278 117 1000
110 13 171 1000
343 32 87 1000
82 10 96 1000
434 10 136 1000
439 10 91 1000
459 27 91 1000
319 10 177 1000
461 29 186 1000
135 9 127 1000
283 24 97 1000
380 22 192 1000
114 403 151 1000
123 0 96 1000
125 33 141 1000
407 9 126 1000
396 35 101 1000
158 27 106 1000
154 9 111 1000
111 36 116 1000
370 183 101 1000
145 263 116 1000
82 17 87 1000
134 255 160 1000
334 184 131 1000
420 3 160 1000
458 118 151 1000
408 229 90 1000
260 286 110 1000
117 18 91 1000
462 26 115 1000
360 17 130 1000
259 9 125 1000
415 37 97 1000
461 453 100 1000
304 35 102 1000
439 22 90 1000
309 17 183 1000
109 3 85 1000
449 370 85 1000
440 31 120 1000
313 112 126 1000
386 33 95 1000
197 16 201 1000
390 36 105 1000
385 9 85 1000
163 33 112 1000
171 33 85 1000
455 227 95 1000
195 289 102 1000
357 12 105 1000
160 462 125 1000
371 420 125 1000
463 26 110 1000
143 86 110 1000
263 217 156 1000
232 38 120 1000
463 28 124 1000
343 0 100 1000
184 286 129 1000
338 21 135 1000
425 25 150 1000
229 40 139 1000
243 32 89 1000
247 32 114 1000
283 136 130 1000
206 5 189 1000
309 286 109 1000
376 32 79 1000
420 14 116 1000
431 4 124 1000
131 32 124 1000
259 2 120 1000
338 245 84 1000
340 82 139 1000
104 329 94 1000
422 35 94 1000
153 273 115 1000
244 36 114 1000
251 36 118 1000
151 10 100 1000
142 12 94 1000
209 33 95 1000
333 19 129 1000
385 36 159 1000
443 30 94 1000
383 20 84 1000
160 19 109 1000
454 25 89 1000
457 25 119 1000
376 39 145 1000
371 12 114 1000
408 413 114 1000
486 444 94 1000
213 327 209 1000
407 37 94 1000
90 26 131 1000
142 10 109 1000
337 32 109 1000
213 19 129 1000
349 23 176 1000
89 28 104 1000
203 224 119 1000
234 29 134 1000
380 251 104 1000
406 241 140 1000
458 10 129 1000
177 5 83 1000
181 5 114 1000
330 125 148 1000
463 6 79 1000
122 7 119 1000
356 8 118 1000
397 3 113 1000
430 24 183 1000
350 160 123 1000
479 352 128 1000
161 3 118 1000
143 18 103 1000
151 18 103 1000
448 22 129 1000
333 123 114 1000
242 13 155 1000
420 386 108 1000
412 17 98 1000
451 28 93 1000
278 20 118 1000
255 12 113 1000
295 12 178 1000
371 4 103 1000
366 14 98 1000
460 38 113 1000
471 11 128 1000
370 24 103 1000
104 4 105 1000
245 38 113 1000
249 38 122 1000
238 457 98 1000
89 32 128 1000
254 333 94 1000
122 19 148 1000
157 18 128 1000
245 20 117 1000
462 137 103 1000
110 17 118 1000
165 38 138 1000
374 20 93 1000
295 448 108 1000
311 27 128 1000
88 6 112 1000
89 6 143 1000
326 20 132 1000
304 28 158 1000
117 30 82 1000
306 35 103 1000
340 33 107 1000
248 32 93 1000
126 16 137 1000
244 4 108 1000
383 251 113 1000
210 32 108 1000
378 4 92 1000
259 4 127 1000
254 14 137 1000
164 33 112 1000
145 86 98 1000
184 32 93 1000
413 372 102 1000
130 34 107 1000
410 33 112 1000
486 36 107 1000
344 15 87 1000
238 248 114 1000
364 26 137 1000
127 34 92 1000
150 23 184 1000
153 405 92 1000
455 26 92 1000
457 26 93 1000
269 189 127 1000
463 297 122 1000
171 15 111 1000
208 18 116 1000
389 10 113 1000
367 366 112 1000
235 25 91 1000
211 24 106 1000
472 36 111 1000
270 83 112 1000
344 11 137 1000
420 26 81 1000
311 35 86 1000
341 0 97 1000
396 33 101 1000
265 10 101 1000
431 1 111 1000
279 0 76 1000
254 12 77 1000
125 5 101 1000
443 39 117 1000
389 456 136 1000
376 33 81 1000
236 17 101 1000
269 18 96 1000
194 7 161 1000
235 12 81 1000
238 12 92 1000
390 18 96 1000
456 164 107 1000
420 11 126 1000
403 14 101 1000
214 0 182 1000
405 24 101 1000
332 161 146 1000
251 16 81 1000
234 10 106 1000
280 83 112 1000
84 14 131 1000
302 458 101 1000
379 16 126 1000
373 14 103 1000
479 383 136 1000
386 26 98 1000
488 38 91 1000
85 29 106 1000
135 38 91 1000
323 38 111 1000
327 38 111 1000
208 366 91 1000
122 24 146 1000
326 16 101 1000
257 23 156 1000
219 26 158 1000
160 26 115 1000
155 2 111 1000
457 37 80 1000
292 26 126 1000
158 28 120 1000
210 26 110 1000
193 448 95 1000
153 16 88 1000
163 386 115 1000
199 29 158 1000
322 19 105 1000
154 273 110 1000
425 140 181 1000
199 337 110 1000
349 295 115 1000
372 0 115 1000
137 356 120 1000
127 29 91 1000
375 4 116 1000
180 23 115 1000
265 12 90 1000
211 400 110 1000
89 40 85 1000
104 8 115 1000
245 15 135 1000
372 17 133 1000
380 17 115 1000
226 165 115 1000
307 451 85 1000
396 40 151 1000
192 32 110 1000
148 11 85 1000
175 22 95 1000
151 30 90 1000
349 484 95 1000
276 24 115 1000
479 36 105 1000
408 486 110 1000
294 38 75 1000
150 328 120 1000
409 6 115 1000
142 8 135 1000
309 404 114 1000
200 458 81 1000
303 130 144 1000
253 229 85 1000
114 40 79 1000
115 40 111 1000
470 21 144 1000
238 26 89 1000
302 32 94 1000
244 16 88 1000
263 397 99 1000
333 11 90 1000
209 302 89 1000
378 16 87 1000
146 478 105 1000
468 393 109 1000
420 5 124 1000
327 0 124 1000
219 290 102 1000
454 8 109 1000
146 152 75 1000
236 0 84 1000
238 33 84 1000
340 8 89 1000
485 7 125 1000
348 7 105 1000
219 172 84 1000
231 249 134 1000
224 224 129 1000
251 32 114 1000
320 2 94 1000
322 200 99 1000
86 21 119 1000
414 8 115 1000
171 7 109 1000
226 375 105 1000
292 11 179 1000
236 2 124 1000
243 6 113 1000
245 0 100 1000
306 256 78 1000
108 30 126 1000
171 165 88 1000
255 8 128 1000
261 7 83 1000
85 197 118 1000
197 36 108 1000
446 11 143 1000
425 5 139 1000
453 16 128 1000
202 37 93 1000
295 33 89 1000
247 30 118 1000
339 29 108 1000
195 4 123 1000
377 30 89 1000
390 29 108 1000
247 11 113 1000
376 141 98 1000
409 133 94 1000
251 7 118 1000
334 10 93 1000
480 9 103 1000
198 3 118 1000
273 28 67 1000
249 483 88 1000
392 3 142 1000
279 30 88 1000
280 30 94 1000
223 476 103 1000
303 32 67 1000
422 249 98 1000
183 7 132 1000
304 3 97 1000
379 480 87 1000
267 25 107 1000
223 22 87 1000
390 6 124 1000
303 3 127 1000
257 214 87 1000
396 16 82 1000
270 8 117 1000
322 31 107 1000
299 470 87 1000
307 37 87 1000
306 10 97 1000
212 283 97 1000
195 17 112 1000
454 31 92 1000
415 39 102 1000
373 7 87 1000
376 7 127 1000
472 39 173 1000
382 22 83 1000
365 39 112 1000
142 24 122 1000
247 294 107 1000
217 404 77 1000
235 7 97 1000
133 21 177 1000
182 12 81 1000
272 489 93 1000
145 21 101 1000
389 39 96 1000
272 29 128 1000
280 29 121 1000
398 16 103 1000
453 24 111 1000
202 34 102 1000
425 186 86 1000
409 21 111 1000
135 82 81 1000
85 23 91 1000
230 34 97 1000
447 5 141 1000
355 39 106 1000
479 279 127 1000
153 24 96 1000
320 12 76 1000
400 26 112 1000
479 38 121 1000
293 225 71 1000
409 40 96 1000
140 32 101 1000
144 40 86 1000
483 348 71 1000
134 9 106 1000
281 39 106 1000
469 34 115 1000
384 29 103 1000
379 30 100 1000
194 18 97 1000
154 13 95 1000
189 15 120 1000
372 39 96 1000
410 39 107 1000
222 7 65 1000
481 4 80 1000
377 8 111 1000
140 10 110 1000
319 334 120 1000
143 321 112 1000
298 85 100 1000
478 319 135 1000
274 13 95 1000
274 34 71 1000
334 39 106 1000
274 21 75 1000
267 39 85 1000
298 25 85 1000
211 13 115 1000
487 249 117 1000
131 21 99 1000
297 4 115 1000
249 13 94 1000
237 5 100 1000
430 12 89 1000
379 34 91 1000
276 40 84 1000
241 39 94 1000
374 21 95 1000
199 32 74 1000
293 86 94 1000
300 259 89 1000
243 40 90 1000
251 5 64 1000
230 5 85 1000
393 0 94 1000
400 0 105 1000
424 0 99 1000
373 5 95 1000
298 4 74 1000
300 4 89 1000
142 23 114 1000
136 26 84 1000
236 13 84 1000
405 22 118 1000
407 22 115 1000
132 232 88 1000
236 34 90 1000
486 18 88 1000
138 23 146 1000
195 8 123 1000
135 384 78 1000
398 6 128 1000
385 23 123 1000
137 2 83 1000
302 11 103 1000
320 7 93 1000
234 5 78 1000
236 5 84 1000
397 17 113 1000
308 11 98 1000
151 213 103 1000
235 311 83 1000
296 15 68 1000
386 31 117 1000
426 242 128 1000
254 22 117 1000
457 298 102 1000
479 37 127 1000
373 11 112 1000
253 31 88 1000
139 32 107 1000
427 26 82 1000
139 6 102 1000
183 23 123 1000
406 489 87 1000
213 37 106 1000
476 6 137 1000
140 422 106 1000
132 37 111 1000
136 11 91 1000
486 8 86 1000
474 28 76 1000
332 23 91 1000
308 40 101 1000
138 386 94 1000
315 30 106 1000
327 22 101 1000
294 32 96 1000
481 7 76 1000
297 0 72 1000
245 34 136 1000
140 25 70 1000
134 19 101 1000
321 39 100 1000
133 30 111 1000
327 23 77 1000
223 5 120 1000
487 29 90 1000
194 34 70 1000
220 6 120 1000
153 13 90 1000
298 8 100 1000
480 7 95 1000
313 13 100 1000
425 24 130 1000
372 23 95 1000
299 474 65 1000
309 13 105 1000
254 21 74 1000
299 17 114 1000
302 21 94 1000
456 39 119 1000
483 18 84 1000
300 25 104 1000
485 40 85 1000
200 39 104 1000
479 484 80 1000
372 21 134 1000
375 21 74 1000
221 34 88 1000
428 29 101 1000
212 22 83 1000
237 13 123 1000
321 23 118 1000
425 11 86 1000
221 39 81 1000
481 13 97 1000
308 34 85 1000
430 22 96 1000
400 5 110 1000
472 427 86 1000
483 136 95 1000
319 479 110 1000
474 31 105 1000
297 21 55 1000
422 215 100 1000
487 31 100 1000
299 11 109 1000
221 23 119 1000
482 297 94 1000
294 22 94 1000
134 34 104 1000
431 23 69 1000
354 108 204 300
177 453 207 300
450 20 158 300
177 35 145 300
443 339 164 300
480 40 81 1000
286 25 178 300
440 27 132 300
469 35 122 300
216 39 100 1000
406 405 162 300
130 89 161 300
332 92 127 300
144 440 151 300
219 40 75 1000
479 439 187 300
99 337 120 300
468 17 170 300
237 38 166 300
438 300 185 300
376 172 146 300
449 27 109 300
449 416 114 300
118 398 173 300
180 280 113 300
349 15 152 300
440 241 98 300
150 35 82 300
225 225 189 300
90 1 132 300
456 17 131 300
175 270 111 300
360 20 96 300
283 273 102 300
166 17 204 300
471 420 101 300
470 38 107 300
352 25 115 300
203 14 150 300
420 22 176 300
165 385 174 300
97 11 124 300
293 3 150 300
392 206 129 300
286 368 128 300
100 7 98 300
172 158 98 300
208 154 179 300
448 18 123 300
124 14 112 300
263 398 152 300
302 35 122 300
211 283 97 300
434 30 117 300
313 19 183 300
152 8 152 300
286 17 119 300
258 31 177 300
382 2 106 300
354 6 111 300
354 185 121 300
366 466 141 300
413 38 131 300
401 35 86 300
241 11 166 300
368 39 147 300
151 20 115 300
114 143 95 300
322 27 84 300
360 329 140 300
374 27 110 300
471 26 140 300
253 36 110 300
231 173 84 300
361 377 84 300
368 38 104 300
440 34 95 300
350 26 89 300
409 10 109 300
381 36 94 300
416 15 109 300
260 83 133 300
415 460 113 300
383 12 93 300
413 18 100 300
114 30 103 300
171 3 128 300
272 185 93 300
225 25 78 300
226 3 83 300
408 15 98 300
226 10 117 300
352 199 107 300
229 10 117 300
408 0 117 300
91 7 97 300
409 18 82 300
486 27 127 300
185 37 83 300
382 10 81 300
212 290 103 300
109 0 106 300
223 227 79 300
290 13 102 300
170 25 107 300
212 0 126 300
308 22 142 300
157 0 106 300
139 35 101 300
470 8 105 300
188 90 106 300
163 273 85 300
319 9 145 300
365 6 100 300
135 35 120 300
350 40 125 300
373 339 99 300
462 397 124 300
323 0 109 300
190 37 104 300
157 31 89 300
234 18 79 300
352 294 99 300
386 393 89 300
189 166 99 300
145 14 118 300
186 243 103 300
127 21 78 300
390 30 110 300
279 7 109 300
136 27 93 300
319 202 109 300
265 0 103 300
211 322 123 300
316 350 103 300
153 425 84 300
302 4 108 300
116 22 127 300
138 37 97 300
279 12 92 300
366 31 93 300
303 37 94 300
466 23 107 300
383 5 103 300
295 290 87 300
316 18 122 300
235 30 92 300
175 21 127 300
311 237 102 300
464 22 92 300
330 309 118 300
212 253 86 300
255 40 101 300
308 14 86 300
114 1 188 150
327 16 126 300
184 34 131 300
376 31 75 300
161 29 80 300
439 38 182 150
471 35 185 150
220 20 120 300
153 101 195 150
160 97 170 150
215 3 104 300
264 24 94 300
433 459 194 150
188 13 129 300
292 319 160 300
469 353 197 150
357 100 139 150
375 40 99 300
381 5 100 300
256 13 88 300
440 189 224 150
487 33 88 300
451 38 177 150
265 40 93 300
227 315 125 300
242 1 177 150
485 15 95 300
449 20 201 150
296 364 122 300
354 32 156 150
176 9 161 150
400 28 93 300
180 37 162 150
439 4 200 150
451 2 180 150
197 220 102 300
354 19 184 150
355 1 109 150
91 20 202 150
97 36 109 150
188 11 137 300
284 35 104 150
361 10 194 150
354 25 190 150
357 25 138 150
359 25 155 150
100 1 153 150
357 4 153 150
460 36 190 150
176 346 203 150
361 18 159 150
334 36 138 150
291 19 188 150
101 1 138 150
382 36 180 150
176 35 103 150
180 35 90 150
175 17 168 150
146 3 174 150
270 23 97 300
204 462 154 150
393 5 91 300
287 12 185 150
429 17 76 300
254 36 163 150
458 412 164 150
359 353 143 150
309 6 82 300
82 92 132 150
413 40 136 300
489 7 96 300
462 131 178 150
152 27 167 150
270 469 127 150
338 38 154 150
478 25 111 300
97 35 122 150
431 328 91 300
145 93 102 150
279 27 152 150
133 474 76 300
474 322 91 300
155 489 116 300
294 6 81 300
178 15 219 150
180 15 142 150
341 20 179 150
210 3 161 150
181 26 202 150
483 19 100 300
83 35 101 150
183 27 176 150
200 35 183 150
337 180 151 150
376 38 212 150
253 20 181 150
360 1 110 150
432 33 115 150
220 8 100 300
122 14 200 150
157 33 152 150
486 295 86 300
287 26 178 150
274 174 167 150
108 35 130 150
95 189 125 150
245 488 100 300
280 33 135 150
247 175 146 150
368 1 115 150
487 34 105 300
469 24 170 150
339 1 100 150
355 11 139 150
247 33 156 150
302 13 70 300
91 17 182 150
441 287 119 150
108 19 174 150
284 28 169 150
328 20 186 150
290 35 129 150
383 203 134 150
377 432 114 150
180 22 159 150
482 35 175 150
343 17 164 150
195 307 89 300
89 359 117 150
88 368 184 150
415 17 151 150
153 339 184 150
99 36 158 150
407 223 161 150
343 16 173 150
99 32 89 150
349 441 138 150
300 16 144 300
126 1 138 150
145 1 93 150
420 92 93 150
175 471 113 150
364 19 179 150
439 13 154 150
248 186 153 150
136 8 70 300
338 19 158 150
335 1 103 150
287 454 118 150
292 10 133 300
148 10 147 150
438 38 113 150
468 1 132 150
479 30 84 300
424 117 143 150
403 352 119 150
287 2 112 150
86 112 117 150
121 177 157 150
444 3 112 150
184 37 144 150
283 215 162 150
439 3 117 150
352 9 102 150
180 39 173 150
417 15 165 150
432 17 102 150
122 3 112 150
128 3 137 150
152 10 177 150
226 225 174 150
361 230 102 150
90 35 137 150
95 0 136 150
438 37 127 150
382 18 166 150
341 17 149 150
250 19 181 150
354 255 93 150
306 27 187 150
253 10 153 150
119 31 171 150
345 27 111 150
441 38 136 150
404 440 116 150
101 15 101 150
236 269 171 150
164 35 93 150
97 142 132 150
412 416 101 150
468 22 201 150
263 250 146 150
256 35 92 150
444 34 167 150
389 14 206 150
441 330 106 150
176 36 131 150
355 19 121 150
242 25 166 150
161 16 171 150
171 366 201 150
166 468 121 150
434 16 117 150
160 468 126 150
441 411 100 150
403 36 100 150
372 18 160 150
257 16 155 150
352 17 136 150
422 3 165 150
220 466 157 150
142 27 130 150
434 15 136 150
182 360 85 150
190 18 161 150
354 413 135 150
100 14 90 150
390 0 165 150
432 26 140 150
444 9 130 150
237 12 176 150
304 407 160 150
400 22 102 300
119 174 95 150
144 396 150 150
343 22 156 150
231 353 120 150
353 38 120 150
334 27 100 150
414 35 120 150
89 111 105 150
120 254 136 150
443 271 115 150
355 14 130 150
182 121 100 150
123 39 135 150
126 9 95 150
178 16 115 150
174 18 120 150
357 17 114 150
413 27 98 150
199 2 154 150
241 4 144 150
142 35 134 150
340 396 154 150
412 33 124 150
464 211 114 150
115 470 139 150
82 278 109 150
112 243 114 150
118 227 105 150
241 116 119 150
461 35 124 150
446 19 99 150
257 115 124 150
383 35 134 150
286 256 99 150
242 36 98 150
188 0 169 150
138 20 163 150
322 93 124 150
163 38 108 150
447 4 129 150
450 4 114 150
209 143 193 150
131 20 98 150
83 5 210 150
356 26 153 150
432 32 98 150
174 26 128 150
345 9 89 150
97 400 99 150
206 432 143 150
253 27 98 150
446 338 100 150
175 25 114 150
125 32 123 150
259 38 109 150
449 129 119 150
273 27 123 150
124 3 88 150
174 33 103 150
359 4 109 150
312 185 178 150
382 426 188 150
453 6 174 150
441 15 108 150
231 1 143 150
334 11 164 150
125 317 155 150
86 328 93 150
407 33 113 150
235 444 103 150
137 461 153 150
378 27 101 150
258 291 90 150
203 28 192 150
403 7 172 150
408 7 174 150
248 111 117 150
374 1 138 150
115 10 97 150
116 10 133 150
369 31 187 150
459 22 142 150
466 3 107 150
370 172 97 150
248 20 129 150
413 39 149 150
481 461 162 150
356 37 117 150
178 37 107 150
289 10 122 150
385 31 192 150
175 386 107 150
281 374 142 150
165 27 116 150
113 14 117 150
119 14 108 150
416 248 117 150
120 24 117 150
127 33 142 150
396 19 177 150
398 19 148 150
401 19 188 150
84 20 127 150
459 111 118 150
100 6 87 150
412 20 142 150
464 18 97 150
110 263 117 150
313 1 102 150
469 16 117 150
253 446 96 150
89 4 137 150
426 22 85 300
281 27 120 150
308 1 107 150
389 216 136 150
365 272 116 150
253 38 121 150
449 25 86 150
427 125 172 150
189 11 131 150
142 406 112 150
386 281 96 150
85 37 96 150
224 27 105 150
332 34 182 150
127 26 136 150
344 4 121 150
286 14 111 150
182 35 131 150
145 32 91 150
348 3 96 150
211 22 141 150
303 12 157 150
247 480 151 150
338 27 91 150
352 31 96 150
335 9 116 150
377 413 91 150
460 334 102 150
248 33 106 150
223 33 131 150
383 27 151 150
271 6 187 150
443 155 116 150
199 35 77 150
155 289 106 150
155 27 91 150
404 37 116 150
319 18 176 150
472 31 95 300
304 236 203 150
461 211 85 150
315 17 174 150
383 32 140 150
468 150 101 150
440 40 95 150
420 85 126 150
377 2 100 150
369 9 95 150
154 5 172 150
160 5 165 150
163 256 105 150
289 6 125 150
281 451 105 150
333 9 135 150
384 33 100 150
178 28 125 150
278 9 130 150
197 14 206 150
390 39 181 150
448 152 105 150
256 40 115 150
123 16 85 150
259 5 145 150
332 227 121 150
110 10 120 150
242 27 150 150
225 9 140 150
284 30 90 150
158 464 135 150
310 16 182 150
143 38 95 150
352 297 80 150
414 249 95 150
480 247 197 150
408 36 104 150
310 371 140 150
365 21 169 150
287 11 115 150
438 212 109 150
154 20 115 150
286 7 104 150
434 13 79 150
381 116 109 150
145 237 104 150
253 331 124 150
378 257 119 150
413 0 89 150
183 408 100 150
117 32 139 150
455 83 114 150
165 21 144 150
86 349 121 150
183 124 89 150
410 9 80 150
172 6 99 150
290 22 95 150
172 18 139 150
404 10 114 150
198 15 154 150
284 25 94 150
272 323 79 150
331 273 119 150
289 28 84 150
291 28 94 150
211 39 184 150
360 29 115 150
247 37 104 150
373 9 109 150
137 25 149 150
302 0 150 150
310 0 170 150
158 82 79 150
369 3 84 150
172 24 134 150
189 33 109 150
190 33 110 150
156 20 139 150
450 237 99 150
212 19 159 150
470 205 134 150
189 9 114 150
232 27 124 150
341 350 104 150
369 17 130 150
236 9 104 150
247 265 94 150
321 441 118 150
226 327 119 150
279 21 155 150
356 480 83 150
244 20 124 150
384 9 124 150
291 294 108 150
128 11 128 150
303 26 163 150
454 130 139 150
182 244 113 150
130 308 80 150
397 384 158 150
460 10 94 150
320 302 158 150
175 7 109 150
86 276 133 150
447 28 93 150
225 21 193 150
439 39 79 150
121 11 93 150
109 25 84 150
158 89 93 150
378 278 73 150
408 453 103 150
146 244 106 150
258 3 103 150
93 11 123 150
484 16 178 150
133 355 113 150
253 12 128 150
278 4 134 150
229 19 93 150
462 8 103 150
406 16 128 150
405 14 105 150
274 10 103 150
470 7 108 150
226 206 93 150
91 32 118 150
142 0 132 150
214 17 112 150
353 34 92 150
126 14 88 150
227 4 132 150
173 34 89 150
229 3 117 150
389 454 103 150
462 164 97 150
283 30 110 150
185 25 87 150
396 428 159 150
264 19 137 150
466 22 108 150
431 27 97 150
269 86 123 150
193 36 87 150
451 11 78 150
365 364 117 150
200 379 140 150
340 16 139 150
468 19 127 150
123 10 112 150
185 182 72 150
380 84 127 150
391 0 112 150
320 360 112 150
401 11 188 150
194 6 142 150
255 248 107 150
272 17 82 150
369 91 93 150
255 459 102 150
412 32 132 150
143 33 87 150
139 200 153 150
427 392 152 150
365 10 102 150
426 3 117 150
385 15 112 150
410 383 122 150
230 16 77 150
248 14 102 150
408 17 107 150
89 132 127 150
146 17 124 150
278 323 97 150
472 447 82 150
425 164 196 150
456 25 108 150
397 27 126 150
322 32 87 150
420 28 96 150
414 263 132 150
368 18 71 150
132 361 115 150
113 29 91 150
328 10 111 150
315 40 68 300
327 336 103 150
336 23 146 150
317 31 171 150
230 327 86 150
184 17 121 150
391 23 171 150
401 7 147 150
377 328 101 150
315 33 102 150
141 1 91 150
333 162 96 150
298 0 146 150
156 23 149 150
133 27 91 150
280 90 106 150
341 26 126 150
360 13 102 150
340 2 121 150
89 220 116 150
206 14 101 150
263 17 83 150
90 12 116 150
485 38 96 150
293 36 121 150
343 8 131 150
478 1 116 150
264 231 81 150
297 27 105 150
274 33 121 150
152 28 111 150
222 26 120 150
446 21 145 150
281 18 102 150
382 37 115 150
254 153 100 150
330 231 85 150
193 34 171 150
170 14 100 150
119 219 122 150
144 32 120 150
245 25 105 150
479 20 90 150
223 370 135 150
198 29 170 150
344 425 116 150
183 26 105 150
410 428 95 150
453 28 80 150
229 461 120 150
461 32 90 150
226 4 116 150
274 2 135 150
381 0 105 150
451 40 115 150
459 374 95 150
209 195 115 150
315 29 147 150
253 16 125 150
265 15 101 150
110 8 125 150
265 405 130 150
423 22 130 150
222 15 107 150
110 7 90 150
194 32 100 150
232 0 105 150
340 32 115 150
405 25 120 150
349 6 70 150
307 286 115 150
304 27 145 150
143 31 100 150
83 31 110 150
186 23 145 150
403 372 106 150
223 2 110 150
85 30 92 150
455 15 89 150
328 26 115 150
161 6 84 150
397 188 90 150
306 122 129 150
261 32 90 150
371 31 89 150
485 27 89 150
104 424 79 150
346 15 134 150
350 5 114 150
104 34 119 150
390 11 84 150
341 30 119 150
365 8 109 150
88 24 89 150
333 8 124 150
287 31 129 150
155 25 94 150
356 219 104 150
335 303 89 150
143 28 99 150
82 294 84 150
382 7 140 150
182 385 124 150
296 352 119 150
170 8 89 150
371 17 84 150
170 7 119 150
248 379 105 150
223 374 109 150
148 7 94 150
323 2 104 150
430 34 200 150
256 11 104 150
380 381 84 150
334 161 113 150
433 13 119 150
108 15 83 150
391 22 114 150
199 19 73 150
414 24 133 150
326 14 103 150
329 14 96 150
152 154 88 150
330 37 123 150
310 13 168 150
188 32 103 150
291 31 113 150
241 37 133 150
406 379 113 150
208 144 104 150
104 39 123 150
354 478 128 150
258 163 93 150
293 30 141 150
271 381 108 150
454 29 99 150
250 30 128 150
376 25 103 150
302 247 98 150
123 11 133 150
300 8 173 150
396 4 118 150
263 32 108 150
188 37 103 150
255 30 113 150
242 7 104 150
188 25 108 150
381 8 99 150
376 6 108 150
431 37 73 150
484 180 98 150
158 29 104 150
182 375 88 150
182 30 104 150
176 23 112 150
276 19 118 150
193 37 112 150
182 11 108 150
235 6 102 150
345 302 103 150
473 209 87 150
271 26 95 150
317 83 77 150
320 90 123 150
257 29 82 150
379 17 112 150
401 18 72 150
139 33 92 150
432 40 117 150
480 172 78 150
369 40 122 150
226 28 113 150
273 29 87 150
267 8 117 150
380 30 97 150
237 197 93 150
371 15 132 150
265 7 127 150
329 30 92 150
378 8 112 150
212 9 122 150
148 39 97 150
461 5 87 150
293 27 92 150
321 369 97 150
170 24 132 150
327 11 122 150
390 31 102 150
261 11 77 150
469 22 82 150
209 12 117 150
458 7 87 150
190 7 112 150
119 23 128 150
157 22 67 150
281 6 123 150
143 292 86 150
243 214 122 150
235 139 101 150
295 5 148 150
470 31 96 150
200 16 133 150
377 379 111 150
279 24 106 150
136 248 86 150
278 22 97 150
474 21 131 150
279 31 86 150
369 21 121 150
164 24 86 150
258 8 111 150
141 19 86 150
326 7 86 150
328 7 81 150
213 243 131 150
151 40 97 150
458 21 86 150
199 25 87 150
427 261 101 150
166 21 106 150
247 31 81 150
244 473 92 150
377 15 121 150
153 21 86 150
238 293 70 150
486 17 96 150
205 40 95 150
488 12 111 150
485 334 100 150
489 340 111 150
166 13 105 150
203 30 90 150
427 14 100 150
183 22 97 150
408 39 95 150
409 39 82 150
327 34 105 150
401 17 95 150
478 4 130 150
125 23 90 150
157 29 65 150
188 30 78 150
197 166 80 150
329 11 81 150
479 17 110 150
153 194 95 150
454 304 90 150
216 88 110 150
267 22 85 150
337 308 95 150
137 38 130 150
364 39 96 150
136 14 115 150
306 390 101 150
429 19 90 150
487 18 110 150
448 21 80 150
311 15 122 150
478 18 70 150
396 14 72 150
374 295 85 150
396 37 105 150
213 4 105 150
217 4 105 150
306 2 130 150
344 215 100 150
237 15 130 150
241 15 100 150
202 21 94 150
479 16 101 150
478 14 104 150
287 40 80 150
489 19 99 150
280 5 71 150
185 21 104 150
304 16 97 150
212 10 104 150
298 130 99 150
487 0 99 150
293 271 95 150
296 10 94 150
139 404 109 150
320 32 74 150
339 21 99 150
479 19 89 150
217 241 101 150
142 11 94 150
488 15 80 150
485 407 104 150
221 18 99 150
480 14 94 150
332 427 139 150
219 24 104 150
143 23 89 150
400 15 94 150
194 192 110 150
198 151 98 150
403 22 114 150
264 397 98 150
401 30 89 150
487 4 83 150
182 39 115 150
265 5 73 150
200 8 93 150
141 2 108 150
308 28 123 150
321 8 98 150
309 11 93 150
480 33 148 150
273 430 88 150
295 0 123 150
241 312 113 150
481 23 123 150
479 18 99 150
298 368 103 150
238 5 69 150
194 17 103 150
163 22 148 150
309 8 68 150
161 22 123 150
397 28 98 150
213 26 108 150
331 39 63 150
273 31 123 150
135 16 97 150
487 24 83 150
307 164 87 150
405 34 117 150
422 32 112 150
220 33 137 150
426 0 82 150
215 396 117 150
309 30 127 150
485 28 76 150
485 32 117 150
311 326 72 150
431 15 107 150
485 380 137 150
487 375 102 150
214 146 87 150
331 13 72 150
213 160 132 150
427 31 82 150
317 212 82 150
320 430 72 150
310 12 127 150
476 28 97 150
480 245 112 150
303 29 77 150
374 22 82 150
297 28 92 150
141 425 67 150
217 16 86 150
300 14 86 150
422 485 106 150
478 183 91 150
135 270 86 150
300 336 71 150
300 24 91 150
335 5 101 150
229 23 126 150
323 31 136 150
401 473 91 150
367 23 119 150
195 5 71 150
214 224 101 150
136 235 86 150
319 31 71 150
392 8 96 150
264 31 91 150
221 0 86 150
164 23 71 150
295 6 100 150
300 6 101 150
311 5 90 150
486 28 96 150
489 28 70 150
272 5 101 150
476 17 90 150
487 7 86 150
138 14 115 150
317 13 85 150
321 13 80 150
485 29 131 150
152 21 90 150
132 34 85 150
474 422 84 150
474 10 99 150
339 39 99 150
298 19 99 150
430 39 64 150
298 323 79 150
138 24 74 150
481 6 115 150
141 22 94 150
224 21 84 150
209 21 114 150
161 40 134 150
431 13 83 150
294 34 89 150
400 13 113 150
423 13 104 150
425 29 93 150
223 39 118 150
489 13 108 150
292 5 78 150
293 5 88 150
292 24 133 150
322 21 93 150
237 21 93 150
297 15 98 150
212 5 98 150
295 478 83 150
484 200 118 150
198 22 72 150
481 198 112 150
310 23 87 150
138 39 63 150
473 5 102 150
311 319 104 150
221 5 81 150
429 23 86 150
401 472 115 150
137 31 86 150
138 31 85 150
319 5 115 150
200 23 90 150
310 5 105 150
215 21 95 150
489 31 90 150
311 482 95 150
472 321 122 150
195 21 94 150
306 13 139 150
317 39 113 150
192 40 68 150
398 40 103 150
303 40 78 150
487 21 127 150
