116 352 178 1000
361 260 155 1000
450 27 188 1000
286 183 162 1000
439 14 153 1000
176 10 152 1000
468 27 151 1000
287 224 168 1000
173 17 178 1000
287 93 140 1000
290 12 151 1000
175 14 153 1000
117 19 154 1000
121 19 140 1000
117 439 165 1000
444 17 173 1000
118 12 140 1000
128 236 151 1000
122 126 163 1000
116 18 149 1000
122 16 195 1000
118 16 147 1000
178 426 158 1000
416 19 148 1000
359 484 136 1000
434 6 182 1000
434 40 152 1000
438 40 146 1000
417 17 147 1000
287 0 165 1000
172 36 161 1000
177 36 183 1000
381 27 142 1000
176 359 125 1000
250 264 155 1000
237 279 146 1000
450 135 171 1000
370 10 200 1000
370 17 160 1000
459 17 151 1000
446 36 134 1000
181 21 145 1000
332 14 145 1000
222 12 144 1000
448 28 144 1000
155 16 135 1000
91 464 133 1000
287 8 192 1000
468 36 155 1000
434 125 123 1000
185 10 133 1000
247 17 148 1000
145 4 157 1000
116 34 153 1000
349 23 148 1000
334 15 148 1000
110 0 153 1000
205 14 144 1000
377 16 144 1000
459 303 142 1000
202 35 157 1000
93 26 107 1000
450 33 144 1000
109 22 131 1000
208 89 177 1000
321 27 178 1000
466 7 156 1000
236 16 158 1000
372 15 178 1000
118 21 141 1000
354 1 122 1000
150 23 141 1000
453 143 145 1000
111 28 131 1000
364 30 177 1000
93 202 94 1000
407 36 176 1000
415 3 131 1000
261 146 163 1000
286 343 95 1000
390 479 130 1000
410 215 145 1000
257 23 155 1000
176 4 110 1000
422 211 154 1000
407 416 130 1000
256 120 183 1000
431 189 154 1000
177 27 99 1000
462 2 165 1000
461 29 150 1000
110 13 139 1000
319 10 129 1000
322 0 143 1000
380 22 154 1000
406 3 164 1000
134 255 129 1000
372 36 138 1000
126 11 174 1000
365 3 150 1000
309 17 128 1000
197 16 150 1000
464 361 103 1000
433 27 102 1000
209 415 138 1000
447 327 171 1000
331 36 164 1000
245 6 128 1000
263 217 173 1000
348 128 92 1000
234 36 173 1000
86 32 153 1000
90 32 165 1000
229 20 175 1000
338 21 153 1000
229 40 163 1000
206 5 137 1000
460 33 128 1000
336 461 139 1000
175 154 116 1000
186 20 150 1000
135 9 152 1000
349 1 112 1000
173 19 86 1000
122 27 102 1000
101 0 106 1000
376 39 152 1000
416 32 149 1000
234 29 126 1000
213 19 137 1000
276 174 91 1000
353 12 112 1000
323 20 126 1000
354 9 109 1000
101 302 87 1000
276 33 136 1000
356 17 91 1000
172 17 102 1000
127 97 137 1000
242 13 162 1000
295 12 161 1000
172 131 100 1000
440 409 111 1000
360 38 90 1000
313 443 138 1000
99 30 119 1000
250 99 110 1000
190 27 100 1000
431 4 141 1000
284 9 108 1000
151 32 159 1000
260 2 138 1000
123 245 96 1000
113 24 160 1000
144 31 160 1000
443 30 100 1000
348 27 99 1000
333 356 95 1000
360 35 84 1000
99 270 100 1000
222 2 171 1000
384 31 135 1000
448 10 83 1000
433 332 109 1000
420 386 113 1000
371 11 134 1000
286 20 99 1000
91 119 124 1000
143 86 99 1000
146 35 124 1000
378 37 134 1000
122 89 120 1000
219 26 129 1000
175 145 104 1000
292 26 175 1000
224 32 170 1000
117 18 103 1000
97 12 134 1000
199 29 149 1000
439 22 117 1000
175 446 117 1000
433 14 102 1000
374 352 88 1000
100 17 108 1000
425 140 138 1000
95 10 113 1000
463 28 97 1000
116 12 98 1000
274 35 124 1000
413 372 102 1000
463 6 88 1000
122 7 99 1000
350 160 97 1000
447 35 92 1000
141 470 145 1000
225 1 97 1000
396 40 133 1000
304 28 122 1000
375 1 112 1000
378 1 112 1000
455 26 114 1000
457 26 97 1000
360 336 97 1000
478 319 147 1000
138 23 162 1000
337 27 117 1000
95 3 120 1000
479 383 147 1000
486 450 171 1000
352 339 97 1000
194 7 144 1000
89 28 97 1000
463 26 102 1000
214 0 162 1000
441 4 106 1000
270 1 86 1000
88 6 87 1000
89 6 86 1000
284 121 108 1000
153 273 91 1000
176 290 91 1000
434 10 97 1000
439 10 96 1000
244 4 86 1000
138 36 184 1000
433 25 126 1000
378 4 96 1000
123 0 112 1000
114 403 106 1000
407 9 103 1000
336 357 107 1000
85 29 101 1000
438 33 96 1000
250 331 132 1000
121 454 86 1000
125 33 121 1000
447 202 101 1000
111 36 97 1000
368 278 106 1000
408 229 97 1000
420 3 97 1000
458 118 106 1000
90 26 101 1000
412 17 80 1000
189 27 91 1000
321 33 132 1000
385 9 101 1000
293 121 134 1000
425 5 121 1000
455 227 110 1000
344 20 106 1000
180 23 96 1000
126 449 100 1000
110 17 106 1000
370 183 96 1000
93 404 102 1000
145 263 96 1000
279 0 112 1000
175 22 100 1000
334 184 95 1000
151 30 97 1000
479 352 95 1000
357 12 96 1000
160 462 105 1000
456 164 85 1000
383 251 90 1000
181 417 93 1000
449 370 112 1000
360 17 95 1000
238 26 101 1000
186 354 105 1000
462 449 114 1000
117 30 99 1000
280 24 133 1000
131 32 95 1000
344 15 79 1000
338 1 105 1000
459 27 110 1000
385 36 120 1000
408 413 104 1000
251 24 133 1000
231 24 145 1000
203 224 109 1000
380 251 124 1000
226 375 96 1000
269 189 79 1000
441 389 144 1000
406 20 94 1000
389 10 104 1000
158 27 119 1000
420 26 89 1000
356 8 107 1000
133 21 130 1000
373 113 100 1000
333 123 93 1000
152 35 113 1000
156 35 104 1000
131 14 114 1000
464 341 99 1000
254 12 80 1000
403 14 113 1000
151 10 84 1000
118 38 123 1000
366 14 118 1000
390 18 78 1000
371 4 100 1000
160 19 99 1000
158 28 109 1000
371 12 85 1000
242 100 88 1000
104 4 111 1000
171 38 110 1000
283 38 99 1000
345 189 99 1000
460 38 129 1000
390 29 83 1000
377 30 104 1000
122 19 114 1000
458 10 93 1000
186 36 118 1000
333 3 100 1000
165 38 143 1000
454 8 98 1000
360 26 128 1000
340 8 93 1000
485 7 119 1000
386 26 108 1000
451 28 97 1000
254 14 98 1000
259 4 89 1000
153 16 79 1000
82 17 98 1000
255 12 98 1000
145 86 77 1000
472 39 169 1000
171 7 93 1000
160 26 97 1000
471 11 117 1000
408 33 98 1000
322 19 87 1000
127 29 77 1000
329 36 84 1000
150 455 82 1000
157 18 98 1000
462 137 94 1000
372 17 87 1000
380 17 88 1000
265 12 94 1000
410 33 93 1000
126 331 82 1000
163 386 108 1000
190 38 92 1000
171 15 97 1000
488 459 157 1000
349 484 92 1000
270 83 132 1000
440 31 108 1000
126 16 92 1000
244 16 78 1000
341 0 86 1000
82 10 97 1000
195 4 92 1000
378 16 89 1000
114 40 101 1000
115 40 87 1000
236 17 83 1000
157 459 97 1000
311 35 107 1000
251 7 102 1000
130 34 107 1000
431 1 101 1000
267 20 92 1000
389 456 102 1000
322 38 106 1000
280 83 98 1000
420 14 107 1000
338 245 106 1000
400 26 82 1000
463 297 91 1000
326 16 91 1000
483 348 96 1000
323 38 117 1000
327 38 101 1000
311 27 112 1000
108 30 76 1000
360 37 117 1000
155 2 127 1000
326 20 141 1000
269 18 106 1000
406 241 85 1000
260 286 106 1000
193 448 101 1000
109 3 121 1000
372 0 87 1000
375 4 75 1000
154 273 91 1000
390 36 110 1000
104 8 97 1000
208 366 86 1000
84 14 100 1000
154 9 106 1000
130 24 90 1000
409 133 95 1000
425 25 159 1000
307 451 100 1000
283 136 95 1000
409 6 95 1000
371 420 100 1000
462 26 100 1000
259 9 100 1000
150 328 100 1000
184 286 85 1000
195 289 105 1000
142 12 85 1000
333 19 94 1000
327 0 115 1000
279 30 120 1000
280 30 119 1000
332 23 74 1000
146 152 86 1000
89 40 94 1000
236 0 96 1000
468 393 126 1000
348 7 94 1000
142 10 94 1000
144 36 96 1000
148 11 104 1000
238 33 100 1000
292 11 155 1000
415 39 84 1000
244 36 84 1000
251 36 95 1000
309 286 89 1000
481 4 79 1000
177 5 105 1000
181 5 84 1000
382 22 99 1000
383 20 85 1000
408 486 114 1000
414 8 92 1000
313 112 81 1000
136 26 89 1000
82 33 74 1000
143 18 114 1000
151 18 94 1000
343 0 99 1000
448 22 95 1000
245 0 74 1000
238 248 84 1000
405 22 79 1000
407 22 79 1000
171 165 74 1000
236 2 90 1000
333 11 89 1000
253 229 114 1000
146 478 89 1000
272 489 73 1000
420 5 94 1000
486 444 78 1000
161 3 124 1000
85 197 90 1000
340 82 99 1000
343 456 73 1000
425 186 73 1000
197 36 113 1000
446 11 104 1000
278 20 101 1000
479 279 83 1000
86 21 78 1000
272 29 83 1000
280 29 94 1000
202 37 89 1000
213 327 138 1000
243 32 105 1000
247 32 88 1000
320 12 83 1000
372 23 84 1000
137 356 109 1000
231 249 99 1000
224 224 103 1000
245 38 94 1000
249 38 98 1000
376 32 88 1000
89 32 98 1000
409 40 83 1000
144 40 84 1000
245 20 93 1000
235 311 93 1000
251 16 93 1000
454 25 78 1000
457 25 78 1000
334 10 98 1000
379 30 88 1000
384 29 89 1000
374 20 93 1000
330 125 138 1000
422 249 78 1000
355 39 88 1000
379 16 93 1000
373 14 93 1000
198 3 88 1000
392 3 99 1000
469 37 88 1000
430 24 162 1000
194 18 72 1000
306 35 92 1000
340 33 98 1000
254 22 107 1000
390 6 101 1000
410 39 74 1000
396 16 88 1000
209 36 82 1000
164 33 108 1000
295 448 78 1000
453 16 102 1000
367 366 98 1000
127 34 83 1000
303 3 97 1000
373 7 108 1000
376 7 104 1000
376 141 112 1000
397 3 104 1000
274 34 72 1000
208 18 92 1000
334 39 109 1000
273 28 72 1000
487 249 98 1000
183 23 77 1000
223 476 77 1000
153 405 123 1000
265 10 103 1000
143 321 92 1000
379 480 97 1000
245 15 108 1000
125 5 107 1000
443 39 82 1000
456 109 72 1000
235 12 117 1000
238 12 92 1000
320 7 77 1000
430 12 92 1000
379 34 92 1000
276 40 73 1000
486 36 101 1000
182 12 112 1000
254 3 72 1000
396 35 86 1000
234 10 117 1000
300 259 83 1000
376 33 92 1000
267 25 96 1000
365 39 86 1000
243 40 71 1000
447 5 97 1000
251 5 71 1000
230 5 91 1000
472 36 86 1000
364 26 112 1000
247 294 76 1000
293 225 77 1000
415 37 82 1000
373 5 101 1000
461 453 91 1000
304 35 94 1000
396 33 76 1000
327 22 96 1000
343 32 85 1000
386 33 71 1000
134 9 89 1000
132 232 83 1000
122 24 91 1000
145 21 86 1000
163 33 84 1000
171 33 102 1000
202 34 75 1000
370 24 103 1000
457 37 81 1000
222 7 89 1000
469 34 102 1000
377 8 114 1000
236 34 91 1000
349 295 80 1000
302 458 100 1000
486 18 81 1000
488 38 86 1000
139 6 91 1000
135 38 100 1000
235 25 87 1000
306 256 91 1000
232 38 105 1000
283 24 85 1000
332 161 96 1000
234 5 80 1000
236 5 91 1000
470 21 97 1000
422 35 90 1000
372 39 76 1000
209 302 100 1000
209 33 101 1000
210 26 85 1000
131 21 95 1000
189 15 100 1000
407 37 70 1000
293 86 117 1000
386 31 89 1000
481 7 84 1000
294 38 75 1000
211 24 89 1000
393 0 91 1000
400 0 102 1000
319 334 125 1000
267 39 100 1000
424 0 101 1000
427 26 69 1000
226 165 94 1000
211 13 74 1000
298 4 91 1000
300 4 91 1000
259 2 79 1000
199 337 84 1000
406 489 109 1000
251 32 95 1000
195 17 99 1000
253 31 89 1000
142 8 94 1000
241 39 74 1000
303 130 84 1000
238 457 78 1000
192 32 114 1000
337 32 92 1000
398 6 78 1000
454 31 110 1000
104 329 108 1000
254 333 78 1000
398 16 124 1000
219 172 109 1000
138 386 74 1000
315 30 88 1000
249 483 88 1000
236 13 83 1000
302 32 74 1000
296 15 75 1000
243 6 143 1000
223 22 98 1000
151 213 83 1000
255 8 108 1000
211 400 82 1000
261 7 98 1000
295 33 73 1000
257 214 87 1000
306 10 88 1000
304 3 108 1000
302 11 72 1000
248 32 79 1000
457 298 83 1000
247 30 83 1000
373 11 83 1000
339 29 82 1000
210 32 79 1000
133 30 88 1000
194 34 77 1000
299 470 88 1000
327 23 102 1000
212 283 78 1000
263 397 83 1000
397 17 83 1000
184 32 79 1000
431 23 92 1000
389 39 77 1000
142 24 87 1000
426 242 92 1000
183 7 98 1000
409 21 102 1000
230 34 97 1000
132 37 116 1000
453 24 77 1000
270 8 117 1000
200 39 76 1000
281 39 86 1000
456 39 82 1000
153 24 87 1000
479 484 76 1000
235 7 121 1000
154 13 122 1000
297 0 66 1000
140 10 86 1000
294 32 81 1000
245 34 82 1000
136 11 81 1000
134 19 97 1000
219 290 65 1000
135 82 115 1000
85 23 96 1000
428 29 81 1000
274 13 76 1000
479 36 85 1000
480 9 100 1000
274 21 76 1000
405 24 89 1000
308 40 110 1000
220 6 111 1000
344 11 110 1000
200 458 86 1000
223 5 106 1000
212 22 75 1000
153 13 96 1000
249 13 85 1000
237 5 103 1000
420 11 100 1000
374 21 85 1000
322 31 70 1000
425 24 115 1000
254 21 131 1000
199 32 84 1000
479 38 110 1000
298 85 95 1000
309 404 92 1000
294 22 79 1000
299 474 94 1000
276 24 99 1000
372 21 89 1000
375 21 79 1000
297 4 95 1000
299 17 93 1000
298 25 79 1000
320 2 100 1000
480 7 86 1000
485 40 84 1000
321 23 94 1000
137 2 73 1000
142 23 89 1000
237 13 89 1000
221 39 63 1000
481 13 88 1000
483 18 90 1000
307 37 73 1000
322 200 98 1000
195 8 103 1000
135 384 87 1000
385 23 98 1000
303 32 75 1000
139 32 73 1000
297 21 62 1000
319 479 92 1000
140 422 107 1000
247 11 72 1000
213 37 96 1000
217 404 84 1000
425 11 77 1000
321 39 82 1000
308 34 101 1000
479 37 73 1000
140 25 88 1000
400 5 86 1000
140 32 61 1000
313 13 71 1000
474 28 101 1000
309 13 80 1000
487 31 92 1000
302 21 90 1000
422 215 75 1000
299 11 76 1000
300 25 80 1000
298 8 84 1000
476 6 102 1000
472 427 75 1000
134 34 114 1000
483 136 77 1000
221 34 69 1000
486 8 74 1000
474 31 76 1000
487 29 93 1000
482 297 75 1000
219 40 83 1000
216 39 88 1000
308 11 66 1000
480 40 114 1000
430 22 95 1000
468 17 198 300
221 23 104 1000
438 300 163 300
130 89 147 300
376 172 164 300
349 15 135 300
225 225 161 300
456 17 171 300
354 108 154 300
166 17 150 300
177 453 146 300
450 20 168 300
203 14 144 300
420 22 143 300
165 385 157 300
449 27 106 300
392 206 141 300
440 27 136 300
118 398 160 300
177 35 95 300
443 339 168 300
313 19 154 300
208 154 139 300
286 25 152 300
368 39 143 300
440 241 108 300
180 280 113 300
152 8 138 300
469 35 92 300
90 1 112 300
406 405 154 300
172 158 112 300
286 368 101 300
237 38 163 300
144 440 91 300
332 92 101 300
479 439 165 300
360 20 125 300
99 337 120 300
286 17 85 300
263 398 156 300
449 416 89 300
434 30 103 300
114 30 104 300
308 22 149 300
97 11 104 300
258 31 169 300
100 7 128 300
124 14 98 300
292 319 124 300
175 270 93 300
283 273 127 300
361 377 81 300
354 185 118 300
471 26 117 300
212 0 131 300
440 34 101 300
241 11 122 300
413 18 101 300
114 143 101 300
272 185 90 300
231 173 81 300
352 25 85 300
322 27 95 300
416 15 96 300
409 18 104 300
382 10 89 300
223 227 80 300
415 460 119 300
409 10 104 300
293 3 141 300
151 20 114 300
171 3 94 300
486 27 93 300
448 18 124 300
316 350 98 300
150 35 78 300
374 27 128 300
408 15 98 300
352 199 93 300
408 0 109 300
235 30 93 300
464 22 83 300
279 7 82 300
302 35 92 300
471 420 98 300
226 10 106 300
109 0 95 300
366 466 102 300
470 38 96 300
157 0 118 300
413 38 102 300
234 18 76 300
354 6 91 300
127 21 102 300
470 8 95 300
188 90 75 300
163 273 126 300
382 2 95 300
390 30 111 300
360 329 92 300
319 202 85 300
135 35 100 300
253 36 105 300
153 425 74 300
323 0 95 300
368 38 99 300
462 397 115 300
189 166 86 300
381 36 94 300
352 294 115 300
383 12 104 300
330 309 85 300
350 40 104 300
350 26 123 300
211 283 93 300
265 0 116 300
211 322 113 300
260 83 88 300
145 14 123 300
186 243 138 300
161 29 89 300
229 10 128 300
226 3 82 300
279 12 88 300
175 21 123 300
290 13 92 300
212 253 102 300
225 25 87 300
270 23 77 300
401 35 73 300
383 5 126 300
212 290 77 300
91 7 87 300
375 40 81 300
381 5 91 300
136 27 112 300
139 35 81 300
255 40 91 300
256 13 107 300
265 40 70 300
386 393 70 300
227 315 81 300
327 16 96 300
440 189 169 150
195 307 100 300
319 9 95 300
294 6 89 300
373 339 90 300
365 6 94 300
190 37 104 300
469 353 159 150
311 237 114 300
413 40 84 300
366 31 68 300
354 19 158 150
155 489 83 300
176 9 162 150
308 14 88 300
361 10 176 150
176 346 157 150
175 17 167 150
361 18 151 150
291 19 140 150
439 4 151 150
185 37 79 300
400 22 74 300
316 18 78 300
287 12 141 150
296 364 78 300
245 488 92 300
188 11 83 300
376 31 87 300
400 28 74 300
295 290 84 300
487 33 109 300
138 37 72 300
178 15 150 150
180 15 151 150
302 4 92 300
170 25 90 300
181 26 174 150
357 4 158 150
157 31 81 300
197 220 99 300
116 22 113 300
309 6 85 300
466 23 107 300
184 34 97 300
462 131 157 150
122 14 165 150
287 26 158 150
114 1 170 150
479 30 82 300
152 27 148 150
426 22 96 300
91 17 154 150
393 5 81 300
108 19 161 150
439 38 188 150
471 35 189 150
383 203 161 150
337 180 163 150
343 17 174 150
279 27 151 150
180 22 147 150
125 317 147 150
429 17 90 300
415 17 147 150
407 223 187 150
343 16 162 150
133 474 71 300
183 27 167 150
220 20 86 300
274 174 160 150
364 19 161 150
439 13 171 150
247 175 173 150
248 186 136 150
338 19 136 150
188 13 95 300
433 459 150 150
148 10 146 150
215 3 74 300
153 101 148 150
160 97 170 150
283 215 135 150
417 15 157 150
264 24 100 300
180 39 164 150
226 225 176 150
486 295 70 300
152 10 179 150
341 17 135 150
284 28 143 150
382 18 144 150
474 322 80 300
250 19 145 150
253 10 180 150
236 269 174 150
487 34 69 300
101 1 144 150
263 250 159 150
483 19 99 300
468 22 164 150
136 8 64 300
389 14 156 150
444 34 168 150
88 368 184 150
161 16 135 150
451 38 165 150
449 20 158 150
292 10 80 300
257 16 169 150
372 18 163 150
190 18 133 150
97 35 123 150
237 12 133 150
485 15 91 300
357 100 107 150
343 22 132 150
123 39 172 150
478 25 91 300
242 1 167 150
300 16 79 300
180 37 147 150
306 27 162 150
303 37 74 300
359 353 111 150
91 20 142 150
354 32 168 150
83 5 167 150
360 1 131 150
390 0 146 150
312 185 180 150
382 426 166 150
355 11 171 150
171 366 131 150
97 142 95 150
451 2 141 150
336 23 155 150
391 23 180 150
241 4 146 150
459 22 174 150
413 39 186 150
156 23 216 150
281 374 130 150
95 189 104 150
460 36 167 150
396 19 164 150
398 19 145 150
401 19 141 150
354 25 130 150
357 25 167 150
359 25 164 150
334 36 130 150
382 36 140 150
97 36 114 150
188 0 188 150
209 143 139 150
204 462 160 150
403 352 96 150
99 36 104 150
389 216 165 150
100 1 123 150
284 35 109 150
254 36 156 150
458 412 163 150
332 34 144 150
126 1 119 150
186 23 139 150
211 22 179 150
303 12 169 150
247 480 139 150
453 6 138 150
270 469 189 150
338 38 161 150
146 3 151 150
304 236 163 150
341 20 128 150
119 31 160 150
315 17 155 150
319 18 189 150
403 7 171 150
408 7 143 150
468 1 104 150
154 5 153 150
160 5 148 150
197 14 169 150
100 14 98 150
390 39 153 150
253 20 128 150
352 9 109 150
256 40 137 150
450 4 102 150
432 17 113 150
259 5 128 150
431 328 106 300
345 9 108 150
310 16 154 150
361 230 104 150
203 28 163 150
89 359 107 150
200 35 148 150
365 21 163 150
376 38 138 150
142 27 91 150
182 360 107 150
101 15 102 150
427 125 145 150
441 38 112 150
165 21 137 150
198 15 136 150
144 396 154 150
210 3 152 150
334 27 103 150
315 40 86 300
271 6 145 150
211 39 137 150
157 33 136 150
286 256 97 150
83 35 91 150
212 19 146 150
176 36 112 150
279 21 161 150
303 26 142 150
145 93 101 150
340 396 178 150
397 384 141 150
328 20 155 150
280 33 125 150
352 17 91 150
320 302 127 150
434 15 101 150
225 21 126 150
302 13 81 300
480 247 162 150
444 9 107 150
354 413 111 150
247 33 147 150
432 33 130 150
441 15 100 150
119 174 110 150
120 254 100 150
355 14 106 150
178 16 92 150
126 9 97 150
214 17 127 150
353 38 125 150
414 35 101 150
344 4 115 150
108 35 111 150
396 428 176 150
200 379 156 150
441 287 105 150
443 155 114 150
345 27 95 150
290 35 114 150
112 243 100 150
118 227 100 150
289 10 111 150
115 470 110 150
355 1 106 150
302 0 143 150
310 0 124 150
468 150 89 150
153 339 149 150
176 35 120 150
180 35 110 150
310 371 143 150
220 8 100 300
175 386 114 150
369 31 125 150
469 24 163 150
341 350 89 150
278 9 89 150
413 27 89 150
377 432 101 150
484 16 125 150
322 93 110 150
385 31 160 150
82 278 88 150
206 432 99 150
368 1 103 150
354 255 113 150
286 14 98 150
449 129 102 150
359 4 103 150
349 441 129 150
339 1 109 150
334 11 144 150
420 92 124 150
174 33 98 150
482 35 160 150
175 471 108 150
413 0 88 150
184 37 155 150
183 124 108 150
231 353 93 150
489 7 101 300
370 172 102 150
438 38 108 150
472 31 73 300
374 1 99 150
193 34 169 150
158 82 88 150
198 29 168 150
434 16 117 150
113 14 113 150
119 14 113 150
236 9 99 150
82 92 84 150
287 454 118 150
416 248 89 150
123 16 84 150
315 29 139 150
194 6 148 150
100 6 105 150
439 3 98 150
424 117 133 150
423 22 158 150
414 249 93 150
469 16 87 150
425 164 137 150
90 35 107 150
189 11 122 150
438 212 96 150
278 4 87 150
86 349 83 150
165 27 97 150
401 7 147 150
121 177 107 150
404 440 107 150
253 27 126 150
357 17 117 150
298 0 162 150
464 18 112 150
273 27 116 150
355 19 127 150
182 35 132 150
242 25 146 150
110 263 87 150
176 23 101 150
220 466 147 150
95 0 96 150
287 2 106 150
269 86 122 150
412 416 96 150
281 27 108 150
430 34 147 150
356 480 81 150
365 272 103 150
391 0 86 150
420 85 111 150
378 27 101 150
360 29 121 150
369 9 101 150
163 256 96 150
130 308 81 150
386 281 97 150
333 9 91 150
224 27 90 150
441 411 96 150
310 13 147 150
439 39 90 150
293 30 128 150
146 244 80 150
281 451 95 150
448 152 102 150
378 278 90 150
332 227 106 150
166 468 87 150
443 271 101 150
160 468 95 150
174 18 115 150
422 3 131 150
403 36 121 150
412 20 105 150
138 20 175 150
226 206 80 150
97 400 96 150
440 40 85 150
481 23 155 150
158 464 96 150
464 211 100 150
408 36 121 150
304 407 120 150
283 30 94 150
353 34 79 150
328 26 97 150
173 34 100 150
145 237 117 150
178 28 89 150
378 257 100 150
410 9 87 150
172 6 124 150
142 35 99 150
432 26 119 150
185 182 104 150
446 19 90 150
255 248 89 150
199 2 173 150
373 9 91 150
172 18 105 150
254 153 94 150
352 297 104 150
338 27 94 150
408 17 104 150
365 10 89 150
369 17 101 150
146 17 105 150
189 9 115 150
461 35 104 150
383 27 119 150
248 379 99 150
223 374 99 150
412 33 109 150
172 24 105 150
380 381 84 150
125 23 79 150
384 9 80 150
470 205 95 150
383 35 114 150
434 13 84 150
321 441 95 150
431 27 94 150
155 27 114 150
182 244 94 150
454 130 98 150
295 5 129 150
175 7 102 150
368 18 78 150
131 20 109 150
432 32 105 150
404 10 108 150
137 461 155 150
331 273 99 150
86 276 104 150
182 121 99 150
289 28 78 150
291 28 97 150
158 89 100 150
152 28 109 150
427 392 118 150
242 36 109 150
454 29 99 150
163 38 110 150
300 8 142 150
124 3 88 150
161 6 99 150
113 29 109 150
93 11 94 150
360 13 78 150
99 32 100 150
145 1 88 150
264 231 81 150
450 237 103 150
115 10 108 150
116 10 109 150
231 1 134 150
291 294 108 150
158 29 119 150
182 30 93 150
259 38 83 150
242 27 118 150
447 4 93 150
91 32 103 150
317 31 118 150
356 26 103 150
174 26 103 150
341 26 98 150
330 231 89 150
462 164 107 150
170 14 93 150
281 18 87 150
447 28 87 150
345 302 92 150
241 116 83 150
382 7 93 150
154 20 92 150
257 29 108 150
335 1 97 150
170 8 84 150
119 219 107 150
401 11 128 150
466 3 87 150
438 37 104 150
407 33 83 150
356 37 103 150
344 425 97 150
178 37 87 150
380 84 114 150
273 29 83 150
139 200 133 150
468 19 119 150
123 10 108 150
253 16 87 150
451 40 79 150
369 91 87 150
274 10 92 150
248 20 99 150
127 33 102 150
164 35 113 150
297 27 97 150
385 15 108 150
230 16 108 150
248 14 84 150
412 32 103 150
86 112 77 150
85 30 95 150
84 20 103 150
143 33 108 150
444 3 77 150
469 22 82 150
455 15 87 150
232 27 101 150
253 446 92 150
264 19 107 150
474 21 153 150
126 14 126 150
256 35 88 150
244 20 102 150
365 364 113 150
122 3 88 150
128 3 89 150
104 424 76 150
414 263 127 150
403 372 107 150
481 461 134 150
242 7 107 150
381 8 81 150
280 90 96 150
248 111 92 150
348 3 97 150
335 303 76 150
82 294 86 150
461 211 96 150
133 355 87 150
340 2 92 150
343 8 121 150
90 12 102 150
397 27 121 150
89 4 91 150
155 289 127 150
132 361 81 150
328 10 90 150
182 385 106 150
326 14 101 150
329 14 92 150
212 9 111 150
274 33 105 150
248 33 92 150
223 33 91 150
406 379 95 150
127 26 91 150
86 328 90 150
144 32 126 150
110 10 121 150
226 4 109 150
404 37 92 150
381 0 85 150
335 9 101 150
454 304 91 150
89 220 80 150
229 461 116 150
265 15 91 150
274 2 125 150
110 8 97 150
441 330 98 150
306 390 96 150
110 7 106 150
349 6 85 150
320 360 100 150
291 31 86 150
265 405 91 150
340 32 130 150
460 334 90 150
145 32 80 150
223 2 101 150
354 478 91 150
432 40 140 150
143 38 105 150
271 26 91 150
120 24 92 150
321 369 92 150
406 16 95 150
405 14 95 150
289 6 99 150
255 30 85 150
290 22 129 150
410 428 80 150
367 23 96 150
453 28 85 150
89 111 94 150
182 375 85 150
381 116 101 150
137 25 129 150
209 195 79 150
117 32 105 150
383 32 80 150
247 265 119 150
164 23 84 150
284 25 94 150
287 31 90 150
377 2 94 150
225 9 90 150
340 16 85 150
356 219 104 150
133 27 105 150
284 30 90 150
148 7 84 150
258 291 89 150
380 30 84 150
369 3 90 150
334 161 102 150
272 17 94 150
460 10 119 150
157 22 74 150
156 20 94 150
286 7 115 150
323 2 89 150
216 88 109 150
446 338 109 150
485 27 84 150
405 25 99 150
143 292 74 150
352 31 103 150
175 25 98 150
433 13 90 150
104 34 89 150
152 154 83 150
377 379 95 150
390 11 95 150
247 37 103 150
346 15 104 150
401 30 88 150
257 115 86 150
455 83 114 150
119 23 94 150
235 444 95 150
253 12 108 150
188 32 90 150
208 144 93 150
217 4 93 150
258 163 93 150
143 28 103 150
278 22 85 150
229 19 104 150
470 31 93 150
184 17 84 150
408 453 93 150
258 3 94 150
256 11 94 150
427 261 83 150
123 11 89 150
371 17 99 150
263 32 103 150
125 32 120 150
376 6 95 150
484 180 98 150
188 37 114 150
151 40 98 150
155 25 113 150
487 0 103 150
199 19 78 150
203 30 95 150
213 26 88 150
244 473 83 150
206 14 93 150
304 27 108 150
108 15 103 150
466 22 84 150
263 17 93 150
276 19 88 150
401 17 73 150
451 11 108 150
317 83 108 150
320 90 85 150
157 29 98 150
188 30 104 150
183 22 92 150
408 39 83 150
409 39 84 150
480 172 82 150
229 3 117 150
389 454 88 150
420 28 87 150
378 8 84 150
267 22 82 150
89 132 92 150
364 39 82 150
429 19 82 150
396 14 72 150
462 8 128 150
253 38 72 150
470 7 118 150
255 459 83 150
287 40 97 150
458 7 105 150
190 7 129 150
253 331 89 150
142 0 123 150
170 24 112 150
374 295 82 150
296 352 127 150
303 29 92 150
374 22 113 150
376 25 102 150
85 37 72 150
281 6 96 150
473 209 87 150
227 4 112 150
209 12 97 150
449 25 82 150
222 15 93 150
272 323 89 150
321 8 87 150
401 18 92 150
377 413 72 150
459 111 86 150
188 25 122 150
304 16 71 150
369 40 86 150
226 28 89 150
489 19 81 150
280 5 91 150
379 17 126 150
313 1 84 150
199 35 94 150
309 8 87 150
226 327 91 150
279 24 121 150
258 8 100 150
293 271 73 150
371 15 86 150
326 7 93 150
328 7 102 150
308 1 85 150
185 25 77 150
339 21 71 150
83 31 71 150
479 19 81 150
213 243 88 150
141 1 82 150
410 383 122 150
142 406 81 150
400 15 72 150
446 21 81 150
384 33 91 150
223 370 111 150
486 17 76 150
315 33 76 150
427 14 101 150
382 37 121 150
182 39 80 150
479 17 101 150
485 38 76 150
426 3 95 150
265 5 70 150
369 21 76 150
293 36 77 150
333 162 95 150
153 194 96 150
136 14 76 150
461 32 111 150
485 29 100 150
311 319 72 150
137 38 86 150
479 18 70 150
238 5 80 150
166 21 75 150
448 21 111 150
153 21 76 150
238 293 75 150
479 20 105 150
397 188 90 150
135 16 95 150
479 16 100 150
478 14 85 150
293 27 120 150
307 286 115 150
302 247 91 150
377 15 120 150
331 39 70 150
327 34 77 150
222 26 95 150
306 2 96 150
344 215 95 150
350 5 142 150
261 32 80 150
189 33 81 150
190 33 69 150
297 28 85 150
298 130 94 150
183 26 109 150
459 374 120 150
431 15 79 150
295 6 84 150
88 24 96 150
478 18 74 150
488 15 84 150
478 1 105 150
232 0 100 150
331 13 79 150
142 11 85 150
202 21 94 150
183 408 79 150
391 22 90 150
309 30 79 150
320 430 94 150
332 427 94 150
198 151 69 150
217 16 80 150
237 15 94 150
241 15 84 150
306 122 94 150
185 21 84 150
300 14 96 150
264 397 83 150
487 4 68 150
109 25 97 150
200 23 79 150
104 39 124 150
194 32 99 150
341 30 109 150
365 8 94 150
414 24 88 150
330 37 88 150
333 8 99 150
287 11 78 150
200 16 88 150
241 37 94 150
390 31 93 150
401 473 90 150
136 248 78 150
273 430 93 150
229 23 79 150
170 7 84 150
472 321 78 150
193 36 68 150
273 31 99 150
307 164 69 150
426 0 67 150
264 31 113 150
237 197 88 150
279 31 92 150
405 34 109 150
422 32 109 150
143 31 82 150
148 39 88 150
220 33 98 150
198 22 122 150
309 11 88 150
461 5 78 150
472 447 77 150
485 407 93 150
271 381 93 150
431 37 87 150
298 368 122 150
250 30 118 150
261 11 77 150
128 11 88 150
214 146 114 150
396 4 82 150
310 23 97 150
247 31 82 150
371 31 72 150
194 17 123 150
456 25 115 150
243 214 98 150
397 28 85 150
235 139 87 150
121 11 112 150
310 12 83 150
327 336 77 150
235 6 82 150
311 15 77 150
474 422 77 150
480 33 91 150
141 19 87 150
135 270 81 150
267 8 91 150
335 5 97 150
265 7 97 150
323 31 126 150
322 32 76 150
329 30 107 150
458 21 102 150
141 22 66 150
164 24 97 150
392 8 81 150
161 40 82 150
205 40 76 150
339 39 97 150
166 13 102 150
141 425 71 150
221 0 76 150
278 323 89 150
217 241 76 150
245 25 101 150
329 11 67 150
272 5 105 150
230 327 90 150
400 13 86 150
377 328 65 150
425 29 75 150
214 224 91 150
136 235 96 150
152 21 80 150
478 183 93 150
295 478 80 150
485 28 85 150
486 28 72 150
489 28 65 150
223 39 90 150
396 37 90 150
212 10 85 150
296 10 99 150
197 166 105 150
476 28 86 150
488 12 109 150
317 13 80 150
321 13 70 150
298 19 80 150
337 308 89 150
221 18 85 150
481 6 74 150
480 245 115 150
138 14 80 150
138 24 104 150
139 404 105 150
320 32 84 150
480 14 87 150
194 192 100 150
138 39 89 150
473 5 74 150
132 34 94 150
224 21 94 150
213 4 114 150
209 21 80 150
487 7 84 150
308 28 129 150
487 18 86 150
430 39 78 150
221 5 73 150
141 2 90 150
193 37 63 150
143 23 113 150
478 4 79 150
139 33 63 150
292 24 104 150
322 21 114 150
431 13 78 150
237 21 88 150
476 17 103 150
474 10 106 150
403 22 78 150
294 34 93 150
200 8 88 150
489 13 82 150
319 31 69 150
292 5 67 150
293 5 69 150
295 0 78 150
241 312 113 150
317 212 72 150
401 472 114 150
215 21 89 150
311 482 102 150
311 326 73 150
163 22 84 150
161 22 77 150
297 15 88 150
422 485 108 150
195 5 71 150
219 24 77 150
300 336 97 150
182 11 81 150
213 160 97 150
199 25 81 150
311 5 106 150
484 200 89 150
485 334 71 150
489 340 94 150
481 198 89 150
192 40 85 150
398 40 100 150
137 31 102 150
138 31 87 150
327 11 95 150
485 32 77 150
319 5 86 150
303 40 116 150
310 5 96 150
317 39 101 150
300 6 120 150
489 31 72 150
215 396 75 150
485 380 102 150
487 375 85 150
427 31 65 150
195 21 91 150
298 323 79 150
306 13 85 150
423 13 90 150
212 5 79 150
487 24 95 150
487 21 85 150
300 24 66 150
429 23 106 150
