82 40 156 1000
82 4 77 150
82 12 69 300
82 36 110 1000
83 2 77 150
83 38 161 150
83 7 81 1000
83 14 81 1000
83 180 60 150
83 215 79 1000
83 88 71 150
84 37 125 150
84 200 115 1000
84 208 139 1000
84 275 144 1000
84 23 68 300
84 376 77 1000
86 2 120 150
86 483 79 150
86 132 131 300
86 37 110 150
86 298 123 150
86 115 81 1000
86 21 76 1000
86 24 74 1000
86 313 80 1000
87 27 144 150
87 15 75 300
87 3 89 1000
87 36 193 300
87 7 67 1000
88 98 66 150
88 3 138 150
88 39 82 150
88 9 128 150
88 12 129 1000
88 28 134 150
89 132 179 150
89 332 67 150
89 14 66 150
89 15 165 1000
89 19 116 1000
89 20 87 300
89 22 112 1000
89 343 74 1000
90 16 72 150
90 24 64 1000
90 380 87 1000
90 22 155 1000
90 14 76 150
91 25 95 150
91 2 88 1000
91 241 122 150
91 12 79 150
91 39 156 1000
94 97 248 1000
94 162 220 150
94 230 103 1000
94 33 144 1000
94 24 141 150
94 29 218 150
94 30 128 150
95 13 105 150
95 6 70 1000
96 1 117 150
96 5 125 300
96 33 94 150
96 8 71 1000
96 11 134 150
96 365 87 150
96 18 135 150
96 83 86 150
97 240 72 1000
97 20 208 150
97 18 128 1000
97 4 165 150
97 37 121 150
98 0 211 150
98 4 99 1000
98 39 105 1000
98 8 129 1000
98 12 117 1000
98 20 153 150
98 311 143 1000
99 24 146 1000
99 137 153 1000
99 486 112 150
99 414 136 150
99 17 198 1000
102 224 75 150
102 2 133 1000
102 5 115 1000
102 37 109 1000
103 352 131 150
103 428 142 150
103 5 220 1000
103 22 132 150
104 25 93 150
104 23 168 150
105 0 67 1000
105 34 100 300
105 35 145 150
105 38 93 1000
105 23 134 1000
105 14 214 1000
105 3 139 1000
105 407 132 1000
105 476 182 150
106 17 112 150
106 31 171 150
106 37 119 1000
106 22 193 150
106 1 178 150
107 3 88 150
107 36 177 1000
107 38 175 150
107 103 159 1000
107 12 163 150
107 25 108 1000
107 27 149 300
108 236 160 1000
108 27 110 150
108 12 129 300
108 350 79 150
108 20 137 1000
109 40 280 150
109 188 159 1000
109 35 119 1000
109 4 68 150
109 6 81 150
110 192 138 150
110 34 140 150
110 3 253 1000
110 8 180 1000
110 238 111 1000
110 17 115 150
110 25 83 1000
110 28 115 1000
111 424 167 300
111 17 146 1000
111 154 137 300
111 129 114 1000
112 32 132 150
112 4 175 300
112 39 242 300
112 11 105 1000
112 19 155 150
112 31 181 150
113 2 139 150
113 8 110 300
113 10 180 300
113 16 143 1000
113 403 134 1000
113 472 150 1000
113 95 152 300
114 193 105 1000
114 2 170 1000
114 37 107 150
114 273 252 150
114 25 120 150
114 31 88 150
115 32 120 1000
115 37 90 1000
115 39 252 1000
115 108 122 150
115 20 130 1000
115 406 257 150
115 379 167 150
116 466 87 150
116 142 76 150
116 10 131 150
116 478 167 150
116 111 205 150
118 10 198 150
118 19 115 150
119 128 112 300
119 482 154 150
119 5 148 150
119 11 172 1000
119 178 80 1000
119 23 100 150
119 31 134 150
120 128 175 150
120 99 89 150
120 328 119 150
120 9 98 150
120 18 220 150
120 86 202 1000
120 23 140 150
120 314 143 150
120 379 166 1000
120 31 111 300
122 32 103 150
122 82 86 150
122 21 66 300
122 6 75 300
122 7 119 1000
123 33 90 1000
123 3 82 150
123 5 100 300
123 6 125 150
123 1 76 1000
123 205 92 1000
123 14 166 300
123 31 87 150
124 34 82 1000
124 36 99 150
124 39 100 150
125 38 88 1000
125 6 66 1000
125 16 83 150
125 25 132 1000
125 23 82 150
125 377 129 1000
125 26 84 300
125 27 135 1000
127 231 84 1000
127 268 157 150
127 6 75 1000
127 134 76 150
127 39 83 1000
128 25 102 1000
128 266 197 1000
128 12 131 150
129 4 89 150
129 38 88 150
129 39 73 150
129 10 112 150
129 13 67 150
129 17 128 150
129 25 80 300
130 24 125 150
130 35 137 1000
130 28 75 150
130 13 78 150
130 22 216 150
132 3 199 150
132 38 138 150
132 17 107 1000
132 19 188 150
132 20 123 150
132 182 238 150
132 29 163 1000
133 8 79 300
133 33 102 1000
133 11 145 300
133 36 82 1000
133 29 91 150
134 36 107 150
134 37 159 150
134 311 110 1000
135 105 155 150
135 323 105 1000
135 27 138 1000
135 36 117 150
135 25 79 150
136 24 163 300
136 321 151 300
136 282 188 300
136 482 105 150
136 377 123 150
137 40 145 1000
137 491 137 150
137 28 93 150
137 21 233 300
137 254 154 1000
138 32 109 150
138 2 261 150
138 6 78 150
138 40 210 300
138 12 118 1000
138 16 152 1000
138 19 107 1000
138 21 163 150
139 193 202 1000
139 35 131 1000
139 36 113 150
139 33 242 150
139 9 208 1000
139 468 152 150
139 24 150 150
141 16 121 150
141 35 176 150
141 5 153 150
141 10 101 150
141 240 106 150
141 25 83 150
141 28 175 1000
142 33 83 1000
142 17 87 1000
142 185 89 150
143 289 115 1000
143 4 125 300
143 14 70 1000
144 40 113 150
144 16 86 1000
144 26 87 300
144 36 83 150
144 423 117 1000
145 11 79 300
145 24 110 150
145 19 87 1000
145 23 130 1000
145 31 80 150
149 40 81 1000
149 10 171 150
152 8 71 1000
152 4 86 150
152 38 155 300
152 14 148 1000
152 15 74 150
153 1 116 1000
153 486 87 300
153 10 145 150
153 18 116 1000
153 21 63 150
153 22 122 1000
154 33 82 1000
154 421 89 150
154 12 94 1000
154 13 105 300
154 20 65 1000
154 23 114 300
155 33 77 150
155 7 116 150
155 40 65 1000
155 12 78 150
155 270 75 150
155 16 80 300
155 249 72 1000
155 31 178 1000
156 5 109 1000
156 38 103 150
156 7 79 150
157 1 133 150
157 34 68 150
157 7 79 150
157 297 75 1000
157 10 94 150
157 39 70 150
160 4 119 150
160 9 70 1000
160 11 167 150
160 15 64 1000
160 17 126 150
160 21 167 150
160 407 135 1000
160 25 77 1000
162 38 83 1000
162 30 74 150
164 230 74 1000
164 40 138 1000
164 361 82 1000
164 12 76 1000
164 16 114 1000
164 154 69 1000
164 29 122 150
164 222 119 300
167 483 104 1000
167 420 92 1000
167 6 60 150
167 316 95 1000
167 14 107 300
167 19 107 1000
167 22 67 1000
167 156 89 300
167 30 131 1000
168 25 62 150
168 18 99 150
168 21 72 150
168 269 86 300
169 0 126 1000
169 35 73 1000
169 3 76 1000
169 19 91 150
170 112 88 150
170 0 65 150
170 2 102 1000
170 4 127 150
172 0 82 150
172 34 158 150
172 36 77 1000
172 422 80 150
172 38 76 1000
172 40 74 1000
172 9 57 150
172 462 177 150
172 17 113 1000
172 30 77 150
172 37 119 1000
174 24 63 150
174 35 75 150
174 28 86 1000
174 21 75 1000
175 468 98 150
175 27 136 1000
175 308 81 150
175 25 64 150
175 439 107 150
176 32 111 1000
176 26 118 150
176 227 87 1000
176 6 64 1000
178 332 126 1000
178 5 71 150
178 23 127 1000
179 8 115 150
179 33 117 1000
179 160 118 1000
179 13 149 150
179 29 125 150
180 369 76 150
180 324 118 150
180 476 83 1000
180 406 106 150
182 32 123 1000
182 17 126 150
182 39 160 150
182 8 79 1000
182 12 244 300
182 14 145 1000
182 15 179 1000
182 40 108 150
182 19 148 150
182 21 176 300
182 27 199 150
182 383 192 150
184 35 110 150
184 4 84 300
184 399 138 1000
185 352 215 150
185 1 105 300
185 4 166 1000
185 37 108 300
185 9 172 150
185 14 209 1000
185 24 140 1000
185 408 185 150
185 29 87 150
185 287 168 300
186 129 86 300
186 4 112 1000
186 13 111 150
186 22 118 300
188 324 125 1000
188 5 90 1000
188 6 87 150
188 426 140 150
188 368 132 1000
188 24 115 150
188 31 134 150
189 32 213 1000
189 1 128 150
189 4 84 1000
189 40 176 300
189 11 91 150
189 12 128 150
189 432 118 1000
189 466 142 150
189 19 116 1000
189 21 110 300
189 24 85 1000
191 34 117 1000
191 20 177 1000
191 14 79 1000
192 5 138 150
192 221 86 150
192 16 78 150
192 25 152 150
192 15 131 150
192 29 123 150
193 1 211 1000
193 154 134 1000
193 14 171 150
195 8 144 150
195 217 133 300
195 13 176 1000
195 22 101 150
195 245 165 1000
197 32 171 1000
197 14 108 150
197 30 163 150
197 38 97 150
197 5 165 150
198 1 100 1000
198 2 89 150
198 37 106 150
198 6 90 150
198 462 144 1000
198 15 201 300
198 339 93 1000
198 26 89 1000
198 28 137 150
198 383 131 150
199 18 123 1000
199 11 205 150
199 6 89 150
199 110 201 1000
199 178 110 1000
200 35 228 1000
200 228 98 300
200 12 167 1000
200 15 142 150
200 24 75 1000
200 36 85 1000
200 476 109 150
201 32 108 1000
201 251 94 1000
201 38 183 150
201 17 209 1000
201 19 210 1000
201 21 100 1000
201 27 226 150
201 31 154 300
202 33 158 300
202 38 183 150
202 39 122 1000
202 238 203 150
202 16 143 1000
202 24 176 300
202 29 134 150
202 30 106 300
203 464 199 150
203 293 107 1000
203 422 109 1000
203 7 148 150
203 304 117 300
203 245 135 1000
203 216 200 1000
203 6 85 1000
204 34 84 150
204 37 170 150
204 391 108 150
204 8 76 1000
204 10 185 1000
204 18 150 1000
204 20 113 150
204 25 177 150
204 26 123 150
204 31 226 150
205 34 95 150
205 18 105 150
205 37 136 300
205 14 157 150
206 33 148 150
206 8 124 300
206 9 107 150
206 11 124 150
206 12 171 150
206 13 125 150
206 402 141 150
206 20 213 300
206 123 82 1000
207 0 124 150
207 17 127 150
207 26 79 150
208 0 171 1000
208 36 79 150
208 11 99 1000
208 335 77 1000
208 22 155 150
208 27 106 150
209 33 88 1000
209 379 166 150
209 5 180 150
209 17 124 1000
209 12 116 150
209 14 137 1000
209 15 141 1000
209 113 164 1000
209 3 225 150
209 250 279 1000
209 27 130 1000
209 30 156 150
210 0 79 150
210 5 150 1000
210 8 187 150
210 299 169 150
210 13 188 300
210 20 150 150
211 259 126 150
211 164 136 150
211 38 232 150
211 15 131 150
211 243 120 1000
211 23 131 1000
211 315 103 1000
211 29 144 1000
212 219 194 150
212 36 100 1000
212 37 112 1000
212 328 229 150
212 10 174 1000
212 15 173 1000
212 17 156 150
212 123 168 150
213 34 179 150
213 5 118 150
213 19 261 1000
213 23 147 1000
213 123 79 1000
213 29 115 150
214 36 216 1000
214 34 173 1000
214 107 138 150
214 4 149 150
214 29 95 150
215 3 116 150
215 4 120 150
215 13 107 1000
215 24 232 150
215 26 85 150
215 30 189 150
216 0 76 150
216 37 192 1000
216 38 104 150
216 456 154 1000
216 13 127 300
216 424 155 1000
216 136 139 1000
216 219 126 150
216 134 85 150
217 17 135 1000
217 3 277 150
217 28 83 1000
217 14 159 300
217 6 70 1000
218 276 108 150
218 13 207 300
219 2 126 150
219 198 146 1000
219 9 84 1000
219 17 115 150
219 116 123 1000
219 23 142 150
219 184 113 150
219 29 189 1000
220 160 76 300
220 202 184 1000
220 12 149 1000
220 18 221 300
220 30 119 150
220 31 135 1000
221 4 144 1000
221 6 80 150
221 456 103 150
221 490 141 1000
221 25 219 150
221 29 94 300
222 39 194 150
222 10 112 150
222 299 142 150
222 463 135 1000
222 23 245 1000
222 26 128 150
222 218 142 1000
224 289 160 150
224 2 112 150
224 37 106 1000
224 8 109 150
224 34 130 150
224 23 180 150
224 26 128 150
224 315 143 150
225 32 225 1000
225 33 113 150
225 11 117 1000
225 14 102 150
225 111 155 150
225 18 108 150
225 24 100 300
225 31 110 1000
226 33 139 1000
226 11 88 150
226 28 89 150
226 6 74 150
226 23 137 150
227 8 74 1000
227 9 117 1000
227 18 69 150
227 28 171 1000
227 7 148 150
228 129 73 150
228 90 101 150
228 18 107 1000
228 22 123 150
228 15 131 1000
229 262 226 150
229 38 247 1000
229 11 143 150
229 13 190 300
229 15 166 300
229 463 149 150
230 24 135 300
230 0 79 150
230 23 106 150
231 32 136 150
231 257 146 1000
231 34 145 1000
231 35 147 150
231 4 212 150
231 15 255 150
231 400 93 300
231 21 182 1000
231 22 161 1000
231 23 120 150
231 31 101 1000
232 448 155 150
232 34 151 1000
232 7 164 1000
232 8 157 300
232 13 79 1000
232 15 195 1000
232 17 138 300
232 90 172 1000
232 124 72 150
234 24 114 1000
234 393 187 150
234 179 170 150
234 4 147 1000
234 149 87 1000
235 145 85 1000
235 115 149 150
235 36 138 1000
235 38 152 1000
236 456 212 150
236 302 237 1000
236 23 154 1000
238 6 75 150
238 38 121 1000
238 11 119 150
238 19 119 150
238 25 94 150
238 390 218 150
240 38 267 1000
240 8 65 150
240 12 205 150
240 15 230 1000
240 24 69 150
240 27 279 300
241 4 139 150
241 7 156 150
241 11 88 1000
241 12 116 150
241 14 76 150
241 15 135 1000
241 152 169 1000
241 30 151 150
242 0 186 150
242 39 151 1000
242 115 219 150
242 4 87 1000
242 439 119 1000
243 2 111 150
243 14 128 150
243 17 194 300
243 306 134 150
243 19 138 150
243 476 105 150
243 317 144 1000
244 34 196 300
244 37 121 150
244 9 74 150
244 11 118 150
244 13 117 1000
244 17 135 150
244 19 295 150
244 20 109 1000
244 189 240 1000
245 25 187 150
245 274 108 1000
245 11 110 1000
245 14 138 1000
247 0 120 1000
247 17 140 150
247 359 148 1000
247 414 137 1000
247 7 74 150
248 401 111 150
248 490 115 150
248 419 86 150
248 396 133 1000
248 30 99 1000
249 384 200 1000
249 17 140 1000
249 34 236 1000
249 250 235 150
249 24 113 150
250 33 130 1000
250 4 87 1000
250 357 167 150
250 16 138 150
250 21 100 1000
250 118 169 150
250 23 147 1000
250 25 126 1000
251 1 118 150
251 226 155 1000
251 4 193 1000
251 11 216 150
251 12 142 150
251 15 183 150
251 19 95 150
251 21 141 150
251 28 107 1000
251 31 154 1000
253 34 194 300
253 36 216 150
253 18 96 150
253 19 117 1000
253 23 117 1000
253 25 159 300
253 31 156 150
254 304 139 150
254 27 174 150
254 20 260 1000
254 5 125 300
255 34 214 150
255 5 119 150
255 6 243 150
255 170 85 150
255 11 222 150
255 14 248 150
255 15 177 1000
255 368 156 150
255 25 117 150
255 381 103 1000
256 33 120 300
256 10 264 150
256 20 245 150
256 39 144 150
257 39 211 150
257 11 247 1000
257 14 87 150
257 115 166 1000
257 311 225 150
257 231 106 150
258 6 91 1000
258 236 89 150
258 15 192 1000
258 18 115 150
258 26 126 300
258 253 122 150
259 192 119 1000
259 132 247 1000
259 7 134 1000
259 425 116 1000
259 26 76 300
259 30 186 150
260 224 201 300
260 394 170 1000
260 37 82 1000
260 254 138 150
261 198 109 1000
261 7 135 150
261 40 151 1000
261 11 122 150
261 19 119 150
261 25 93 150
262 33 69 150
262 36 214 1000
262 390 145 1000
262 12 131 300
262 332 107 150
262 22 124 1000
262 218 151 150
262 27 111 1000
262 29 124 300
263 17 129 150
263 10 152 150
263 215 111 1000
263 12 115 150
263 25 81 150
266 9 73 150
266 17 279 150
266 82 91 150
266 21 168 150
266 23 106 1000
266 25 147 150
266 413 177 150
268 32 133 1000
268 25 122 1000
268 2 165 1000
268 14 91 1000
268 39 161 1000
269 32 236 150
269 33 160 150
269 37 122 150
269 21 89 300
269 411 107 150
269 28 106 150
270 0 89 150
270 33 160 150
270 40 108 150
270 232 144 1000
270 23 136 150
270 29 149 150
271 34 100 150
271 40 118 150
271 174 75 150
271 19 167 150
271 22 121 150
271 26 79 150
271 31 164 1000
272 32 121 150
272 129 115 1000
272 4 179 150
272 37 140 1000
272 39 224 150
272 8 81 1000
272 170 83 150
272 273 164 300
272 436 165 150
272 91 193 150
272 29 195 1000
273 1 116 1000
273 291 235 150
273 33 104 150
273 7 260 1000
273 14 137 150
273 22 130 300
273 154 182 1000
273 31 171 300
273 29 104 150
273 485 123 150
274 1 98 150
274 4 85 150
274 10 112 1000
274 19 155 150
274 21 143 300
274 25 80 150
274 123 87 1000
275 33 88 150
275 1 148 150
275 11 119 1000
275 13 135 300
275 17 238 1000
275 19 147 1000
275 20 218 1000
275 22 236 150
275 25 211 150
275 414 126 1000
276 6 80 150
276 12 132 150
276 16 242 1000
276 19 149 150
276 22 153 150
276 478 109 1000
277 35 182 150
277 36 159 1000
277 14 105 300
277 15 136 150
277 208 119 150
277 18 162 1000
277 24 125 1000
277 26 84 1000
278 33 118 150
278 3 138 300
278 6 186 1000
278 12 152 300
278 13 171 150
278 15 167 1000
278 379 181 150
280 18 134 300
280 403 148 150
280 13 158 150
280 254 116 1000
281 34 200 1000
281 259 215 1000
281 40 149 1000
281 458 112 1000
281 203 92 150
281 368 138 150
281 178 182 1000
281 28 145 1000
282 16 116 150
282 29 190 1000
284 33 231 300
284 90 79 1000
284 122 80 150
284 22 136 150
285 33 137 1000
285 34 130 150
285 27 137 150
285 6 71 150
285 215 112 150
287 35 110 1000
287 10 114 1000
287 3 203 150
287 36 76 150
287 39 113 150
289 488 152 1000
289 281 106 1000
289 1 273 1000
290 40 113 150
290 32 100 1000
290 35 245 150
290 4 121 1000
290 7 65 1000
291 33 111 150
291 36 111 1000
291 40 119 1000
291 25 83 1000
291 26 76 150
291 478 202 1000
292 40 97 150
292 33 130 150
292 37 181 150
293 428 152 300
293 37 105 1000
293 22 103 150
294 128 96 150
294 36 150 1000
294 39 131 1000
297 0 185 1000
297 4 195 150
297 40 257 1000
297 16 139 150
297 88 178 1000
297 472 125 1000
298 3 226 1000
298 4 213 1000
298 291 121 1000
298 15 221 150
298 18 142 1000
298 19 84 150
298 25 117 1000
298 26 190 150
298 30 87 150
298 36 155 150
299 32 240 150
299 34 148 1000
299 35 163 150
299 261 185 1000
299 23 81 1000
301 1 181 150
301 4 86 150
301 6 79 150
301 12 140 150
301 14 157 150
301 23 136 300
302 36 120 1000
302 229 124 150
302 201 100 300
302 302 128 150
302 17 223 1000
302 18 199 1000
302 26 146 150
304 160 69 150
304 138 79 300
304 11 174 150
304 414 101 1000
304 15 96 1000
305 40 100 150
305 11 83 150
305 109 115 150
305 29 103 300
305 120 182 150
305 349 158 150
306 418 201 150
306 38 142 150
306 8 64 1000
306 2 70 150
306 141 174 1000
306 343 133 150
306 155 150 150
308 24 100 150
308 34 85 1000
308 21 67 150
308 167 76 1000
309 8 79 150
309 15 71 150
309 17 104 150
309 21 69 150
309 40 167 150
309 24 111 150
309 27 175 1000
311 33 79 1000
311 3 95 150
311 228 118 150
311 1 151 150
311 11 90 150
311 461 192 150
311 238 118 150
311 23 101 150
311 30 87 300
312 8 71 150
312 9 93 150
312 19 213 150
312 13 120 150
312 429 158 150
313 34 154 1000
313 5 266 150
313 15 264 150
314 33 152 150
314 34 68 1000
314 3 179 1000
314 38 71 150
314 12 135 1000
314 13 154 1000
315 3 99 1000
315 36 233 300
315 6 129 150
315 141 190 1000
315 215 144 150
315 26 165 150
316 32 154 150
316 33 268 150
316 2 87 150
316 9 159 150
316 10 126 1000
316 18 91 150
316 22 135 150
317 1 150 150
317 8 91 1000
317 9 149 150
317 17 108 300
317 210 136 150
317 119 157 150
317 29 77 300
318 23 129 1000
318 349 96 1000
318 15 105 1000
320 145 111 1000
320 37 110 150
320 17 173 300
321 168 140 1000
321 483 223 1000
321 22 110 1000
321 15 79 150
323 8 152 150
323 369 81 150
323 282 87 300
323 1 147 1000
323 175 79 150
324 40 135 150
324 472 151 1000
324 7 72 150
325 2 120 150
325 37 91 150
325 6 80 1000
325 13 126 150
325 15 186 150
325 24 114 150
326 40 137 1000
326 32 166 1000
326 27 112 300
326 20 223 300
326 5 207 1000
327 35 157 300
327 27 147 150
327 213 130 150
327 15 215 1000
328 25 70 1000
328 14 201 150
328 7 179 150
329 3 105 150
329 4 144 150
329 27 105 1000
329 276 134 1000
329 134 84 1000
330 8 69 150
330 24 71 150
330 5 185 300
330 22 93 1000
330 23 165 150
332 17 243 150
332 26 135 150
332 14 166 150
334 218 74 150
334 427 114 150
334 21 71 1000
334 38 138 1000
334 5 145 1000
335 1 91 150
335 34 86 1000
335 5 252 300
335 39 88 150
335 10 115 150
335 18 162 1000
335 27 245 1000
335 31 102 150
336 1 200 300
336 8 72 150
336 14 102 150
336 15 146 1000
336 179 76 1000
336 25 125 1000
336 26 98 300
338 38 192 150
338 7 124 1000
338 13 72 1000
338 115 78 1000
338 24 102 150
338 411 113 1000
339 33 114 300
339 11 108 1000
339 36 134 1000
339 7 122 150
339 232 183 1000
339 361 82 1000
339 10 78 1000
339 135 101 150
339 17 102 150
339 4 66 150
339 28 81 1000
341 1 81 150
341 365 82 1000
341 210 212 1000
341 435 184 150
341 22 143 150
341 26 75 150
343 112 139 150
343 28 124 300
343 6 73 1000
345 32 124 150
345 2 78 150
345 5 82 150
345 38 181 150
345 107 79 1000
345 17 102 150
345 21 157 1000
345 23 78 300
345 25 78 300
346 24 144 300
346 106 79 150
346 19 110 1000
346 20 66 1000
346 7 117 1000
347 216 124 300
347 18 127 150
347 22 123 1000
347 7 81 150
349 10 82 1000
349 12 129 150
349 14 180 150
349 16 153 150
349 20 108 1000
349 142 75 1000
349 31 155 150
349 30 137 150
349 255 85 150
350 4 70 150
350 38 122 1000
350 40 181 1000
350 12 129 150
350 15 134 1000
350 212 77 1000
350 22 80 1000
350 189 74 150
351 17 83 150
351 10 82 1000
351 21 74 150
352 3 86 150
352 421 115 300
352 6 78 150
352 114 137 150
352 21 121 150
352 95 134 300
352 255 220 1000
353 0 124 150
353 320 96 1000
353 33 83 1000
353 40 134 150
353 137 142 1000
353 11 204 1000
353 433 124 150
353 350 86 1000
353 21 84 150
353 24 109 150
353 441 93 150
353 30 171 150
355 32 139 1000
355 8 80 1000
355 9 83 150
355 10 111 150
355 12 111 1000
355 29 158 150
357 3 145 150
357 4 85 1000
357 38 147 1000
357 306 187 300
357 20 172 150
357 277 141 1000
357 22 190 150
357 26 174 1000
358 17 122 150
358 18 166 1000
358 3 180 1000
358 468 103 1000
358 20 219 1000
359 323 107 150
359 36 258 1000
359 4 123 1000
359 28 141 1000
359 29 98 150
359 30 111 1000
361 34 181 150
361 5 155 150
361 169 80 300
361 2 218 1000
361 332 82 150
361 13 120 150
361 23 90 150
361 28 125 150
361 29 129 150
363 26 186 150
363 3 175 1000
363 21 104 150
363 7 72 150
365 0 74 150
365 34 94 1000
365 3 161 300
365 36 113 150
365 5 152 1000
365 28 152 1000
365 16 113 1000
365 18 74 1000
365 20 99 150
365 26 144 300
365 124 126 1000
367 0 206 1000
367 33 113 150
367 37 90 150
367 422 111 150
367 1 75 150
367 9 122 150
367 19 114 1000
367 29 153 150
367 350 198 150
368 301 133 150
368 39 197 1000
369 0 124 1000
369 38 96 150
369 167 83 150
369 11 189 150
369 16 158 1000
369 90 156 1000
369 29 112 150
370 294 141 150
370 13 95 1000
370 19 169 300
370 212 145 150
370 24 134 1000
370 20 112 1000
371 10 169 150
371 11 145 150
371 18 92 1000
371 26 64 150
371 28 115 1000
371 30 226 150
371 31 65 1000
372 33 106 150
372 4 123 150
372 14 88 150
372 16 94 1000
372 378 147 150
372 31 108 150
376 33 101 1000
376 11 81 1000
376 17 180 1000
376 339 130 150
376 20 174 1000
376 316 139 1000
377 1 192 150
377 36 121 300
377 17 126 1000
377 306 224 1000
377 440 81 1000
377 315 198 1000
378 34 116 1000
378 4 93 300
378 200 151 150
378 108 247 150
378 305 107 150
378 178 124 150
378 19 111 1000
378 29 94 150
379 32 212 150
379 0 110 150
379 403 110 300
379 19 129 300
379 3 134 150
380 32 123 1000
380 33 90 1000
380 3 136 150
380 326 88 150
380 14 84 300
380 21 131 1000
380 25 88 150
380 281 283 150
380 94 219 1000
381 36 156 150
383 0 91 150
383 34 110 1000
383 37 177 300
383 391 114 150
383 9 130 150
383 16 132 150
383 20 98 150
383 376 110 1000
384 20 138 1000
384 346 203 1000
384 2 228 150
384 4 150 150
384 34 135 150
385 0 91 1000
385 4 218 150
385 39 203 300
385 209 117 150
385 22 125 150
385 23 171 150
386 89 194 1000
386 3 100 150
386 350 142 150
386 31 172 150
388 6 105 150
388 358 174 150
388 350 177 150
388 391 126 150
390 450 97 1000
390 35 98 1000
390 326 112 1000
390 9 109 150
390 334 179 1000
390 19 280 300
390 24 131 1000
390 379 126 1000
391 3 115 150
391 452 154 150
391 6 117 150
391 10 143 1000
391 15 216 150
391 18 139 300
391 27 141 150
391 30 108 150
391 383 151 150
392 33 106 1000
392 3 122 1000
392 36 120 150
392 16 194 300
392 436 206 1000
392 28 227 150
392 221 127 150
393 11 179 1000
393 304 119 1000
393 22 150 150
393 28 187 150
393 30 139 150
393 31 78 150
394 32 104 150
394 97 84 300
394 36 112 150
394 7 64 1000
394 14 87 1000
394 18 139 150
394 24 121 150
394 186 121 300
396 0 198 1000
396 35 109 1000
396 10 164 150
396 107 187 150
396 16 160 150
396 411 118 150
396 28 107 150
396 30 134 1000
397 32 146 150
397 34 189 300
397 9 85 1000
397 16 185 150
397 242 105 1000
397 408 116 150
399 8 62 1000
399 36 111 150
399 15 123 150
399 20 116 300
399 31 111 1000
400 2 117 150
400 231 136 1000
400 11 106 300
400 14 77 1000
400 401 133 150
400 338 130 1000
401 5 206 300
401 299 144 300
401 145 229 300
401 20 89 150
401 472 188 1000
401 28 124 150
402 176 129 1000
402 3 161 150
402 5 145 1000
402 10 113 150
402 142 82 1000
402 16 123 1000
402 21 219 1000
403 416 176 150
403 427 165 150
403 28 220 1000
403 230 154 150
405 6 78 150
405 167 146 150
405 9 63 1000
405 39 187 150
405 16 128 150
405 17 253 150
405 155 196 1000
406 8 71 150
406 9 152 150
406 365 122 1000
406 304 127 1000
406 29 139 150
406 31 156 150
407 1 100 150
407 35 143 300
407 40 87 150
407 330 162 1000
407 274 106 300
407 20 140 300
407 22 171 150
407 29 134 1000
408 3 126 150
408 37 181 150
408 8 200 1000
408 216 107 1000
408 346 193 1000
408 29 109 150
410 201 187 150
410 253 101 1000
410 6 80 150
410 31 136 150
411 97 137 1000
411 36 279 150
411 10 153 150
411 12 157 1000
411 13 176 1000
411 16 111 150
411 188 167 300
413 36 207 1000
413 10 125 150
413 430 102 300
413 178 158 150
413 484 207 150
413 26 122 1000
414 2 128 150
414 35 225 150
414 9 81 150
414 10 127 1000
414 18 122 150
414 29 115 300
414 318 136 150
415 33 126 150
415 36 242 1000
415 357 115 1000
415 40 134 150
415 10 127 1000
415 19 184 150
415 21 242 150
415 25 78 1000
415 27 138 1000
415 253 139 150
416 32 138 300
416 258 139 1000
416 4 127 300
416 8 68 1000
416 2 217 150
416 302 126 150
416 213 218 150
416 24 120 150
418 32 123 150
418 8 147 150
418 170 80 150
418 10 142 1000
418 21 202 150
419 129 144 150
419 4 83 150
419 358 220 150
419 39 155 1000
419 9 81 1000
419 11 122 150
419 12 138 1000
419 15 113 1000
419 372 179 300
419 26 139 1000
419 29 185 1000
420 34 130 300
420 323 165 150
420 4 73 1000
420 10 152 1000
420 17 162 150
420 35 141 150
420 426 167 1000
420 31 209 1000
421 21 122 150
422 2 238 150
422 5 122 150
422 6 85 150
422 10 127 150
422 21 133 150
422 26 69 150
422 27 205 1000
423 0 155 1000
423 1 125 150
423 3 168 300
423 7 128 150
423 14 191 150
423 209 164 1000
423 18 90 300
423 469 132 150
423 23 130 150
424 0 89 1000
424 1 150 1000
424 3 118 150
424 36 140 150
424 326 114 150
424 321 147 1000
424 464 175 150
425 18 139 150
426 0 70 150
426 144 178 300
426 36 160 150
426 6 85 300
426 24 70 150
427 25 76 1000
428 1 142 300
428 2 155 1000
428 10 155 150
428 262 71 150
428 25 163 1000
429 3 135 150
429 199 192 300
429 9 118 150
429 7 88 150
429 477 255 150
429 16 122 150
429 24 135 300
429 29 98 1000
430 35 173 150
430 28 125 150
430 5 138 1000
430 6 74 150
432 24 120 1000
432 18 144 1000
432 31 227 1000
433 24 186 1000
433 132 180 300
433 351 121 150
433 12 161 150
433 23 96 1000
435 1 113 150
435 34 106 1000
435 392 194 150
435 335 154 150
435 16 132 1000
435 17 83 1000
435 175 90 150
435 29 109 150
436 38 154 150
436 39 111 1000
436 11 80 1000
436 12 127 150
436 113 273 1000
436 442 101 150
436 94 114 1000
437 132 138 1000
437 38 119 1000
437 6 171 300
437 39 151 150
437 168 79 1000
437 299 163 150
437 18 134 150
437 24 70 1000
439 32 181 1000
439 23 97 1000
439 19 280 150
439 479 250 1000
439 31 127 150
440 36 129 150
440 6 221 150
440 10 166 150
440 15 151 150
440 338 209 1000
440 24 136 150
441 27 291 1000
441 10 119 1000
441 14 88 1000
441 16 149 300
441 401 234 1000
441 18 144 150
441 20 194 150
441 91 204 150
441 28 176 1000
441 31 164 1000
442 5 110 150
442 39 132 1000
442 487 147 1000
442 14 149 150
442 19 177 1000
442 20 211 300
442 25 98 1000
442 37 88 1000
443 25 113 150
443 36 117 150
443 461 90 1000
443 4 83 150
443 185 145 1000
445 2 166 150
445 36 123 1000
445 10 160 150
445 462 147 1000
445 19 91 150
445 21 110 1000
445 25 89 1000
448 8 132 150
448 11 183 150
448 21 207 150
449 35 150 1000
449 38 98 150
449 39 162 150
449 359 156 300
449 12 108 300
449 19 222 150
449 23 119 150
449 254 107 1000
450 32 138 150
450 34 172 1000
450 4 121 150
450 38 160 150
450 141 157 1000
450 22 213 1000
451 35 125 150
451 451 88 150
451 420 98 1000
451 5 138 1000
451 38 200 1000
451 10 140 1000
451 17 130 150
451 19 247 1000
451 31 191 150
452 17 134 1000
452 123 92 150
453 7 77 1000
453 14 116 150
453 464 96 150
453 17 103 300
453 24 131 1000
453 313 167 150
453 30 142 1000
456 473 243 1000
456 490 116 1000
456 20 82 1000
456 13 202 1000
456 1 137 150
457 130 189 150
457 35 138 1000
457 485 153 150
457 243 154 1000
457 280 169 150
457 31 148 1000
458 16 92 150
458 90 80 150
458 5 97 300
461 3 122 150
461 9 214 150
461 330 221 1000
461 29 94 150
461 17 113 1000
461 306 165 1000
461 24 160 150
461 25 85 1000
461 28 140 150
461 157 159 150
462 34 156 300
462 11 111 150
462 254 207 1000
462 14 102 150
462 7 134 300
463 304 146 150
463 4 82 1000
463 28 138 1000
464 24 98 1000
464 18 141 150
464 2 185 1000
464 28 152 150
464 13 130 1000
465 2 176 1000
465 35 129 150
465 5 136 300
465 135 110 300
465 9 69 1000
465 15 96 1000
465 17 130 1000
465 21 81 1000
465 26 90 1000
465 29 179 150
465 485 123 1000
466 33 145 150
466 37 227 150
466 40 131 1000
466 9 79 150
466 10 98 300
466 26 126 300
466 414 112 1000
468 403 228 150
468 30 103 150
469 461 89 1000
469 38 78 300
469 349 189 150
470 33 260 150
470 4 82 150
470 1 89 150
470 12 98 300
470 15 193 150
470 436 131 1000
470 22 180 150
470 372 138 1000
470 27 181 1000
471 377 91 150
471 35 119 1000
471 419 72 1000
471 31 160 1000
472 40 148 1000
472 170 139 150
472 7 70 1000
473 341 267 1000
473 30 136 150
474 36 167 150
474 137 130 300
474 20 142 150
474 437 182 1000
474 4 202 150
474 317 171 150
474 30 116 1000
476 400 193 1000
476 273 104 1000
476 18 171 150
476 227 122 150
476 15 124 1000
477 0 189 1000
477 256 179 150
477 2 103 1000
477 259 99 1000
477 172 83 1000
477 16 156 150
477 114 82 1000
477 21 103 150
478 1 138 150
478 4 172 150
478 37 223 1000
478 33 187 1000
478 143 98 150
478 28 114 1000
479 33 152 150
479 102 107 300
479 7 80 150
479 40 122 1000
479 15 104 150
479 8 87 300
479 18 111 1000
479 28 159 1000
479 29 107 1000
480 33 116 1000
480 10 130 150
480 15 149 150
480 309 129 300
480 314 181 1000
480 26 167 150
482 400 111 1000
482 14 135 150
483 191 159 1000
483 155 67 150
483 284 90 1000
483 437 76 150
483 23 124 300
484 24 98 300
484 20 211 1000
484 36 97 150
484 231 156 150
485 1 80 1000
485 35 144 150
485 37 134 150
485 135 247 150
485 8 132 150
485 14 85 150
486 40 89 1000
486 15 108 1000
486 17 80 1000
486 18 165 1000
486 26 77 1000
486 349 69 1000
486 31 264 300
487 3 159 150
487 4 78 150
487 10 147 150
487 13 119 1000
487 210 141 150
487 36 202 150
488 3 213 1000
488 28 103 150
488 13 129 1000
488 14 174 1000
489 450 154 150
489 4 180 1000
489 8 127 1000
489 205 136 1000
489 20 111 150
489 23 130 150
489 28 155 150
490 36 162 300
490 5 205 1000
490 424 162 1000
490 9 66 150
490 270 144 1000
490 442 133 300
490 315 105 1000
490 28 122 1000
490 317 195 300
490 37 124 150
491 33 177 1000
491 98 205 150
491 3 145 1000
491 40 160 150
491 9 66 150
491 111 142 1000
491 209 225 1000
491 19 197 1000
491 25 73 1000
491 200 94 1000
491 29 70 150
