82 4 137 150
82 325 98 1000
82 6 114 1000
82 7 175 1000
82 40 97 1000
82 108 148 1000
82 25 149 1000
82 261 188 150
83 2 162 1000
83 3 125 1000
83 202 129 150
83 13 126 150
83 14 113 150
83 17 115 150
83 25 124 1000
83 29 94 1000
85 32 188 1000
85 34 107 150
85 38 201 1000
85 103 181 150
85 175 199 150
85 286 130 150
86 1 141 300
86 28 91 150
86 335 103 150
88 275 204 1000
88 143 106 150
88 37 126 1000
88 39 151 150
89 38 106 1000
89 454 137 1000
89 14 96 1000
89 15 99 150
89 17 146 150
89 18 90 1000
89 20 114 150
89 85 119 150
89 29 126 1000
90 450 81 1000
90 8 126 1000
90 9 102 1000
90 13 115 1000
90 247 177 1000
90 30 114 150
91 313 122 150
91 395 145 1000
92 1 111 1000
92 6 227 150
92 9 157 1000
92 20 104 1000
92 26 129 150
92 415 109 1000
93 0 104 1000
93 129 137 1000
93 36 129 1000
93 101 99 150
93 27 166 150
93 31 130 150
94 17 129 1000
94 31 93 150
94 12 144 150
94 308 130 1000
94 23 105 150
97 11 168 1000
97 27 195 300
97 5 193 1000
98 8 95 1000
98 146 207 150
98 4 92 1000
98 94 165 1000
99 244 127 150
100 33 105 150
100 38 125 1000
100 12 208 150
100 14 132 1000
100 19 127 1000
100 26 103 150
101 35 120 1000
101 37 117 150
101 17 119 150
101 436 104 300
101 24 106 150
101 29 105 1000
102 1 126 150
102 124 158 150
102 6 179 1000
102 39 105 1000
103 21 102 150
103 28 203 1000
103 365 103 1000
103 6 114 150
103 39 170 150
104 129 122 150
104 5 103 1000
104 1 109 1000
104 21 96 150
104 26 129 150
104 29 112 1000
105 32 135 150
105 1 104 300
105 7 173 150
105 10 194 300
105 430 116 150
105 15 128 1000
105 18 122 150
105 25 188 150
106 1 152 150
106 10 113 150
106 174 113 150
106 273 129 150
106 211 117 150
106 20 193 150
106 24 118 150
106 340 128 1000
107 2 83 150
107 8 121 150
107 238 144 150
107 16 118 300
107 22 149 150
107 25 157 300
108 2 189 1000
108 36 107 300
108 8 122 150
108 24 125 150
108 20 102 150
108 248 124 1000
108 28 129 150
109 25 128 1000
109 29 122 1000
110 36 143 150
110 40 110 150
110 9 126 300
110 8 121 1000
110 19 122 1000
110 120 134 150
113 33 126 150
113 11 119 300
113 9 114 150
113 491 125 1000
113 22 101 1000
113 26 118 150
113 124 129 1000
113 30 131 150
115 91 103 1000
115 37 131 300
115 38 146 300
116 268 135 150
116 245 131 150
116 22 134 150
116 21 153 150
119 328 153 1000
119 12 160 150
119 5 136 1000
120 33 97 150
120 2 83 1000
120 5 118 1000
120 7 104 150
120 40 173 300
120 121 110 300
120 29 116 1000
121 32 125 150
121 3 131 150
121 30 115 150
122 35 184 1000
122 12 123 1000
122 5 95 1000
122 22 100 300
124 4 162 1000
124 34 122 150
124 178 120 150
124 21 130 150
124 23 136 150
125 0 109 150
125 1 101 150
125 36 110 1000
125 12 197 150
125 303 116 150
125 21 111 150
125 24 173 150
125 351 180 300
127 0 112 1000
127 2 212 150
127 37 110 1000
127 38 163 150
127 237 118 1000
127 13 104 150
127 16 129 150
127 17 126 150
127 245 140 1000
128 34 117 1000
128 35 142 300
128 4 103 150
128 19 178 1000
128 23 189 300
128 253 160 1000
129 22 132 150
129 15 210 1000
131 36 142 150
131 37 141 150
131 6 153 300
131 22 100 300
131 220 99 1000
131 29 96 150
132 0 191 150
132 1 98 1000
132 37 137 150
132 39 129 1000
132 13 165 1000
132 153 111 150
132 28 197 1000
132 223 110 1000
133 224 117 1000
133 2 110 1000
133 19 193 1000
133 21 186 1000
133 6 114 150
134 9 125 1000
134 138 131 300
134 13 111 1000
134 33 126 150
135 337 124 1000
135 6 136 150
135 7 142 1000
136 32 94 1000
136 8 122 150
136 26 128 1000
137 24 122 150
137 25 118 150
137 28 128 300
137 37 104 150
137 237 177 150
138 1 128 150
138 451 134 150
138 4 111 1000
138 361 152 150
138 16 93 150
138 35 150 150
138 20 99 150
138 25 111 150
139 392 122 150
139 20 110 150
139 38 123 1000
140 24 132 1000
140 9 101 1000
140 38 137 150
140 14 124 1000
141 20 88 150
141 36 108 150
141 196 151 150
141 1 102 150
143 24 87 150
143 26 96 150
143 94 190 1000
146 32 157 150
146 36 122 1000
146 236 121 1000
146 463 109 1000
146 26 106 150
146 315 100 150
146 30 114 300
149 456 102 1000
149 17 131 150
149 3 197 1000
149 14 184 1000
149 31 122 1000
150 16 122 1000
150 110 125 150
150 368 124 150
150 19 121 1000
150 24 95 1000
150 153 110 1000
150 26 120 150
150 92 124 1000
152 32 182 150
152 2 144 1000
152 195 115 1000
152 37 90 150
152 38 101 1000
152 104 160 1000
152 11 99 150
152 13 112 150
152 18 122 150
152 216 97 150
152 25 120 150
153 320 105 150
153 33 112 150
153 35 112 150
153 10 84 150
153 20 108 150
153 22 127 150
153 249 140 1000
153 255 125 1000
154 38 123 300
154 7 121 150
154 15 105 1000
154 26 138 1000
154 31 124 150
154 351 99 1000
155 35 105 150
155 36 98 300
155 39 94 1000
155 9 114 1000
155 13 106 1000
155 14 123 150
155 23 129 1000
156 1 130 150
156 449 168 150
156 9 134 150
156 10 102 150
156 14 119 150
156 18 100 150
156 371 105 1000
156 21 86 150
156 25 131 1000
156 29 97 1000
157 32 87 1000
157 10 99 150
157 396 188 150
157 106 132 150
157 23 202 1000
158 0 112 150
158 2 145 1000
158 6 108 1000
158 40 171 300
158 236 97 1000
158 25 95 150
160 1 208 150
160 36 118 150
160 37 106 1000
160 39 105 150
160 175 155 150
160 18 115 150
161 146 126 150
161 413 107 300
162 4 115 300
162 230 115 1000
162 8 116 1000
162 12 200 1000
162 25 114 150
162 26 138 150
162 445 101 150
163 17 173 1000
163 2 178 150
163 11 113 150
163 39 113 150
163 9 90 1000
164 12 116 1000
164 28 120 150
164 173 146 150
164 22 198 150
165 417 112 1000
165 2 94 1000
165 33 98 150
165 243 172 150
165 12 156 150
165 435 177 300
165 24 119 1000
165 27 108 1000
167 16 203 150
167 449 166 150
167 31 148 300
167 3 135 150
167 1 190 150
168 33 144 150
168 1 139 150
168 15 103 1000
170 35 103 300
170 36 115 1000
170 453 181 1000
170 6 120 300
170 15 132 1000
170 201 124 300
170 13 114 150
170 205 102 1000
170 177 196 150
170 26 150 150
170 155 106 150
170 296 183 150
171 0 118 150
171 33 94 1000
171 3 119 150
171 4 111 1000
171 6 119 1000
171 8 169 1000
171 174 129 150
171 18 128 150
171 19 125 300
171 21 98 150
171 88 96 1000
171 30 195 1000
171 31 162 150
173 6 95 150
173 13 144 1000
173 17 130 150
173 21 85 1000
173 25 89 300
173 26 107 150
174 0 126 1000
174 161 103 150
174 34 102 150
174 35 158 1000
174 36 172 1000
174 12 106 150
174 13 137 1000
175 34 132 150
175 420 110 150
175 391 124 1000
175 11 116 150
175 13 187 150
175 175 164 1000
175 20 116 150
175 22 161 150
175 15 99 1000
175 318 141 150
176 0 101 1000
176 33 107 1000
176 4 123 150
176 30 149 150
177 19 97 150
177 3 135 150
177 337 117 1000
177 40 98 150
177 395 111 150
177 15 136 150
177 16 92 150
177 17 96 1000
177 35 225 1000
177 28 151 150
178 23 98 1000
178 19 176 1000
178 6 119 1000
178 39 175 150
179 8 97 1000
179 10 134 150
179 453 121 1000
179 286 139 1000
179 415 128 150
180 34 120 1000
180 36 112 1000
180 425 103 1000
180 10 149 150
180 333 132 150
180 370 124 150
180 19 98 150
180 23 113 150
181 16 213 1000
181 35 104 1000
181 3 141 1000
181 14 128 1000
181 23 136 1000
182 1 119 150
182 19 160 150
182 31 106 300
184 450 137 150
184 36 135 150
184 38 147 150
184 39 115 150
184 395 120 1000
184 20 115 1000
184 7 136 150
186 34 141 1000
186 7 119 150
186 127 136 1000
191 0 127 150
191 13 129 150
191 182 167 150
191 440 117 300
191 155 174 1000
191 31 111 1000
192 33 156 150
192 10 115 150
192 12 141 150
192 13 141 150
192 16 119 150
192 19 222 1000
192 156 144 150
193 320 115 150
193 2 184 1000
193 7 185 1000
193 20 133 1000
193 21 133 150
193 469 145 150
194 40 132 150
194 28 136 1000
194 15 96 150
195 1 111 300
195 102 118 1000
195 11 120 150
195 14 201 150
195 15 180 150
195 27 206 150
195 29 119 150
196 24 109 150
196 28 114 1000
196 101 102 1000
196 30 144 150
198 450 150 1000
198 454 107 1000
198 9 154 1000
198 204 145 1000
198 98 87 300
198 16 145 150
198 17 116 300
198 19 96 150
198 31 117 150
199 31 109 150
199 17 135 150
199 319 130 1000
199 37 117 300
199 25 120 1000
200 33 130 1000
200 139 138 1000
200 278 212 150
200 121 114 150
201 24 118 150
201 32 141 150
201 30 117 150
201 40 125 1000
202 371 95 1000
202 27 118 300
202 158 121 1000
204 1 107 150
204 34 113 1000
204 452 93 300
204 39 105 1000
204 20 102 1000
204 30 144 150
205 2 173 1000
205 37 117 1000
205 7 90 150
205 9 130 1000
205 10 108 1000
205 15 156 150
205 19 118 150
205 24 132 1000
205 5 148 150
205 31 91 150
206 32 114 150
206 33 99 1000
206 4 153 1000
206 20 125 1000
206 23 142 300
206 24 82 1000
206 27 123 150
207 0 215 300
207 384 130 150
207 1 196 150
207 223 136 150
208 1 108 1000
208 181 111 1000
208 9 117 150
209 20 186 300
209 2 115 1000
209 36 136 1000
209 13 128 150
209 333 92 1000
210 33 132 150
210 5 121 150
210 40 116 150
210 175 104 300
210 18 148 150
210 21 120 1000
211 34 133 300
211 167 140 1000
211 328 115 1000
211 220 119 150
211 39 74 150
211 28 206 150
211 30 153 1000
212 34 216 1000
212 5 84 1000
212 38 189 1000
212 330 113 1000
212 211 198 150
212 286 119 150
213 32 130 150
213 33 114 1000
213 36 84 1000
213 38 103 150
213 7 180 1000
213 9 114 150
213 10 143 150
213 167 178 150
213 19 185 150
213 27 126 1000
214 32 124 150
214 5 116 150
214 7 110 150
214 138 125 150
214 491 133 1000
214 12 123 150
214 433 192 300
214 19 201 150
214 405 126 1000
214 27 120 150
214 31 88 1000
215 32 106 150
215 9 121 1000
215 10 167 150
215 11 129 150
215 19 186 1000
215 308 120 150
215 27 145 300
215 29 92 150
216 37 78 150
216 15 120 150
216 18 119 150
216 20 115 150
216 29 94 1000
216 31 102 150
217 4 119 150
217 38 99 150
217 39 104 1000
217 303 117 1000
217 22 176 150
217 24 106 1000
217 25 114 1000
217 15 98 150
219 368 133 300
219 294 127 150
219 39 137 150
220 17 136 1000
220 18 136 1000
220 236 147 1000
220 21 134 150
220 365 140 150
221 37 120 150
221 36 124 150
221 277 179 150
221 7 134 1000
222 32 112 1000
222 5 117 1000
222 7 144 150
222 488 118 300
222 13 135 1000
222 22 126 1000
222 24 126 1000
222 156 118 150
222 158 172 150
223 283 115 150
223 35 141 150
223 455 114 150
223 7 116 1000
224 416 115 150
224 1 99 1000
224 15 198 150
224 466 118 1000
224 311 106 150
224 31 98 300
225 0 121 1000
225 235 110 150
225 223 112 150
225 7 95 1000
227 483 131 1000
227 7 136 1000
227 14 135 150
227 274 137 300
227 20 179 150
227 31 115 150
228 33 108 1000
228 4 177 150
228 5 175 150
228 9 169 150
228 18 120 150
228 19 98 150
228 22 118 150
228 26 134 1000
229 400 117 1000
229 0 126 1000
229 39 101 1000
229 31 140 150
230 33 112 150
230 35 136 1000
230 93 160 1000
230 22 117 150
230 89 133 150
230 25 132 150
230 29 118 150
231 25 181 150
231 12 213 150
231 6 125 150
232 0 175 300
232 32 118 150
232 34 129 1000
232 22 104 150
232 10 130 150
232 12 114 1000
232 302 136 1000
232 19 114 300
232 470 113 1000
232 30 214 300
233 8 118 1000
233 17 118 1000
233 19 196 1000
233 469 103 300
233 24 117 300
233 25 107 300
233 27 126 150
233 30 148 1000
233 31 121 150
234 32 128 150
234 2 121 150
234 7 112 150
235 40 140 1000
235 12 128 150
236 0 119 150
236 34 125 150
236 362 142 150
236 439 120 150
236 24 196 150
236 10 113 150
237 35 176 1000
237 39 98 1000
237 40 94 1000
237 11 124 1000
237 13 185 150
237 16 112 150
237 24 104 150
237 473 132 150
237 31 174 150
238 8 135 150
238 40 109 1000
238 10 154 1000
238 2 93 150
238 1 118 1000
239 18 140 150
239 35 89 1000
239 108 103 150
239 341 161 1000
241 233 104 300
241 27 206 150
241 12 134 1000
241 13 153 150
241 406 125 1000
242 16 235 150
242 9 134 150
242 34 102 150
242 22 159 150
242 23 194 150
243 1 189 1000
243 16 148 150
243 19 125 150
243 24 117 150
243 121 125 150
243 28 107 300
243 30 135 1000
243 31 103 150
244 32 151 1000
244 2 143 1000
244 39 115 300
244 20 101 1000
244 405 135 150
244 26 118 1000
244 28 197 1000
244 30 119 150
245 224 135 1000
245 243 154 1000
245 328 108 150
245 17 120 150
245 19 112 1000
245 25 147 1000
245 28 107 1000
245 31 115 150
246 184 110 300
246 32 93 150
246 19 127 1000
246 1 196 1000
246 15 127 150
247 34 123 1000
247 35 117 150
247 37 149 1000
247 38 239 150
247 7 134 1000
247 12 203 1000
247 18 136 150
247 21 132 1000
247 441 170 1000
248 473 156 1000
248 205 125 1000
249 11 119 150
249 7 134 150
249 36 114 300
249 29 191 150
249 143 159 150
250 32 136 150
250 475 104 1000
250 30 152 150
251 483 120 300
251 36 194 300
251 37 138 150
251 9 198 150
251 17 152 150
251 228 132 1000
251 27 128 150
251 28 117 300
252 33 146 150
252 16 122 1000
252 243 137 1000
252 379 135 1000
252 28 147 150
252 94 123 1000
253 1 233 300
253 35 140 150
253 4 115 1000
253 5 112 300
253 338 116 150
253 25 140 150
254 0 132 150
254 160 154 150
254 36 121 150
254 6 116 1000
255 2 120 150
255 35 131 150
255 9 198 300
255 11 188 150
255 429 132 1000
255 13 113 150
255 18 206 1000
255 471 176 300
255 158 117 1000
258 24 174 1000
258 329 112 1000
258 34 120 1000
258 4 102 1000
258 351 167 150
259 0 193 1000
259 33 112 150
259 4 138 150
259 37 132 150
259 438 107 300
259 23 150 150
259 24 198 300
259 27 128 1000
259 30 204 1000
260 337 188 150
260 11 172 1000
260 428 146 1000
260 21 124 300
260 39 164 150
261 224 129 150
261 37 138 1000
261 38 118 1000
261 7 211 1000
261 269 129 150
261 14 145 1000
261 21 120 300
261 25 171 1000
263 32 121 1000
263 266 211 150
263 28 141 1000
263 6 106 150
264 5 124 150
264 39 146 1000
264 11 113 1000
264 14 235 150
264 15 205 300
264 402 109 150
264 7 127 1000
264 31 107 1000
265 33 114 150
265 4 105 150
265 15 100 1000
265 22 121 150
265 25 108 150
265 314 218 1000
265 443 112 1000
266 27 204 150
266 14 133 1000
268 306 113 150
268 38 127 150
269 1 109 300
269 7 122 150
269 10 171 1000
269 11 105 1000
269 20 180 150
269 24 216 1000
269 26 179 1000
270 33 123 1000
270 38 191 150
270 40 102 1000
270 16 156 1000
270 18 113 300
270 22 112 300
270 31 131 150
271 24 174 1000
271 5 127 150
271 86 137 150
272 0 177 300
272 33 209 1000
272 4 126 150
272 6 108 1000
272 39 149 150
272 11 119 1000
272 13 193 1000
272 23 103 150
272 410 122 150
272 30 146 150
272 31 119 1000
273 2 126 150
273 7 173 150
273 107 134 1000
273 18 124 150
273 19 107 150
273 21 108 1000
273 29 113 150
274 419 165 150
274 4 134 150
274 15 116 300
274 21 134 1000
274 214 139 150
274 36 109 150
274 27 139 150
274 31 109 150
275 2 110 150
275 9 144 1000
275 272 178 150
275 209 196 150
275 371 95 150
275 29 187 150
275 350 127 150
276 1 140 150
277 31 103 1000
277 21 99 150
277 13 183 1000
277 5 92 150
278 25 103 1000
278 20 153 150
279 9 127 1000
279 28 151 150
279 14 133 150
280 33 144 150
280 2 186 1000
280 227 188 1000
280 7 134 1000
280 22 118 1000
280 443 203 150
280 28 93 1000
280 157 99 300
281 10 125 150
282 0 143 1000
282 354 178 300
282 39 114 1000
282 16 127 150
282 93 114 150
282 30 127 1000
283 11 119 150
283 14 124 1000
283 401 105 1000
283 18 195 1000
283 19 109 1000
283 342 205 1000
284 346 106 300
284 26 175 1000
284 154 141 300
285 26 116 150
286 344 128 1000
286 17 147 1000
286 2 165 1000
286 4 124 150
286 29 140 1000
287 90 114 1000
287 3 178 150
287 5 89 1000
287 13 105 300
287 23 165 150
288 368 172 1000
288 25 146 150
288 2 106 150
288 28 98 150
289 8 109 1000
289 4 134 150
289 10 133 1000
289 28 119 150
290 329 191 150
290 20 105 1000
290 7 130 150
292 0 114 150
292 307 168 150
292 362 134 1000
292 11 132 1000
292 14 122 1000
292 467 124 150
292 22 186 1000
292 412 121 150
293 0 124 300
293 39 194 300
293 8 133 1000
293 490 240 150
293 19 109 150
293 23 180 150
293 31 89 150
294 2 172 1000
294 34 136 1000
294 36 120 150
294 6 200 1000
294 392 161 150
294 9 187 150
294 11 106 1000
294 13 125 150
294 244 116 1000
294 85 128 150
294 24 97 150
294 28 120 150
295 33 98 1000
295 35 115 150
295 8 123 1000
295 9 181 1000
295 13 142 150
295 15 164 1000
295 17 125 1000
295 25 147 1000
295 27 136 150
296 449 113 1000
296 234 109 1000
296 451 117 1000
296 12 120 300
296 31 185 150
298 36 104 1000
298 198 115 150
298 6 103 150
298 360 108 150
298 18 180 150
298 19 87 150
298 22 98 150
298 223 128 1000
299 191 178 1000
300 0 144 300
300 35 109 1000
300 4 132 150
300 227 132 1000
300 195 154 150
300 20 171 150
301 32 99 150
301 12 132 150
301 3 137 1000
301 260 127 1000
301 22 104 1000
302 9 106 1000
302 266 133 150
302 39 113 1000
302 5 114 1000
302 265 127 1000
303 32 136 150
303 3 107 1000
303 38 119 1000
303 296 110 150
303 10 192 150
303 11 120 150
305 0 109 150
305 32 116 150
305 2 138 150
305 39 142 150
305 300 115 150
305 22 136 1000
305 26 104 150
305 252 174 150
305 222 134 150
306 32 104 150
306 164 140 150
306 6 136 150
306 8 207 1000
306 10 174 1000
306 16 124 1000
306 216 133 150
306 4 132 150
307 0 123 150
307 164 100 150
307 5 116 1000
307 38 88 1000
307 11 125 150
307 18 112 150
307 31 127 150
308 0 122 150
308 34 126 150
308 40 111 150
308 235 91 150
308 16 141 1000
308 18 97 1000
308 20 112 150
308 22 180 1000
308 26 148 150
310 279 132 1000
310 11 122 150
310 300 124 150
310 13 143 1000
310 311 121 150
310 26 116 1000
311 6 173 150
311 7 139 150
311 11 123 1000
311 149 122 150
311 24 121 150
311 21 114 150
312 40 179 1000
312 32 141 150
312 26 118 1000
312 30 154 150
312 16 133 150
313 34 119 150
313 329 101 1000
313 10 101 1000
313 430 132 1000
313 16 179 150
313 18 104 150
313 372 117 150
313 278 117 150
313 26 121 1000
313 28 112 150
313 30 147 300
314 36 200 150
314 6 124 300
314 40 113 150
314 364 115 300
314 18 193 150
314 438 193 150
314 25 87 150
314 409 105 150
315 25 104 150
315 2 109 150
315 10 166 150
315 7 130 1000
316 192 126 150
316 33 99 150
316 34 133 150
316 422 147 150
316 15 176 1000
316 20 124 1000
316 30 142 1000
318 357 106 150
318 10 203 1000
318 12 126 1000
318 13 129 150
318 15 155 150
318 17 144 1000
318 25 114 1000
318 31 119 150
319 16 108 150
319 411 101 1000
319 20 113 150
319 38 129 1000
320 16 172 1000
320 6 182 150
322 11 174 150
322 21 113 150
322 29 126 1000
323 18 146 1000
323 15 122 1000
323 7 195 150
325 2 103 150
325 10 112 1000
325 19 131 150
325 36 130 150
325 37 211 1000
326 19 112 300
326 282 130 1000
326 115 206 150
326 39 109 1000
328 1 105 150
328 2 100 1000
328 325 99 150
328 18 101 1000
328 19 131 150
328 24 131 1000
328 30 134 1000
329 2 104 150
329 35 123 150
329 38 114 1000
329 16 130 150
329 18 130 1000
329 22 114 1000
329 279 99 1000
330 1 222 1000
330 10 111 150
330 34 174 1000
333 10 113 150
333 135 182 1000
333 29 82 300
333 13 136 150
334 34 120 150
334 40 81 300
334 2 137 150
334 14 204 150
334 19 117 1000
334 186 125 150
335 4 115 1000
335 10 117 1000
335 12 151 1000
337 32 98 150
337 354 150 150
337 246 123 150
337 40 145 150
337 11 135 1000
337 398 96 1000
337 22 177 1000
337 24 101 1000
337 26 123 1000
337 37 111 1000
337 389 181 150
338 24 105 150
338 337 98 150
338 15 72 150
338 5 89 150
338 31 112 1000
339 387 102 1000
339 36 87 1000
339 5 110 150
339 6 118 150
339 16 128 150
339 23 103 150
340 434 130 150
340 34 159 150
340 6 112 150
340 14 111 1000
340 215 101 150
341 17 223 1000
341 103 125 1000
341 31 147 150
342 161 206 150
342 11 129 150
342 6 167 150
342 7 95 1000
342 363 100 150
342 109 89 300
342 271 113 1000
342 21 162 1000
342 23 152 150
343 1 138 1000
343 388 120 300
343 261 134 150
343 6 96 1000
343 33 93 1000
343 303 164 1000
343 22 120 1000
343 31 123 150
344 483 121 1000
344 15 101 150
344 16 122 150
344 85 143 150
344 24 151 150
344 444 116 1000
344 29 106 1000
344 341 122 1000
346 16 128 1000
346 89 143 1000
346 338 170 150
346 92 121 300
346 31 108 1000
347 354 181 150
347 4 189 150
347 6 105 150
347 487 206 300
347 34 121 150
347 273 114 1000
347 277 227 1000
347 29 105 150
348 33 127 1000
348 4 137 150
348 37 87 1000
348 9 125 300
348 13 122 1000
348 17 112 150
348 252 118 300
348 413 125 1000
350 1 110 1000
350 3 119 150
350 4 197 150
350 453 153 150
350 39 113 150
350 40 115 1000
350 20 130 150
350 24 89 1000
351 128 113 1000
351 161 122 1000
351 35 122 150
351 37 137 150
351 454 107 1000
351 263 117 300
351 16 125 150
351 340 125 1000
351 24 106 150
351 27 182 150
351 479 130 150
352 36 104 150
352 278 119 150
353 24 106 1000
353 482 115 1000
353 19 134 150
353 12 142 1000
353 23 126 1000
354 1 123 1000
354 290 160 1000
354 452 107 150
354 162 133 150
354 442 119 300
354 26 208 150
355 33 142 150
355 34 190 1000
355 5 114 150
355 39 145 1000
355 395 112 150
355 428 174 1000
355 2 91 150
355 21 94 1000
355 26 120 1000
355 316 113 150
357 34 119 1000
357 7 106 1000
357 13 129 150
357 18 125 1000
357 25 124 1000
357 348 200 150
358 35 165 1000
358 40 96 1000
358 337 100 1000
358 466 124 150
358 19 133 150
358 21 109 1000
358 342 135 1000
358 249 127 150
359 15 140 1000
359 322 122 300
359 483 120 1000
359 37 122 150
359 39 113 1000
360 9 114 150
360 34 127 1000
360 21 106 150
360 39 141 300
361 34 128 1000
361 5 130 150
361 10 109 150
361 14 125 150
361 26 188 150
361 27 162 150
362 472 175 1000
362 16 114 150
363 16 199 150
363 233 138 1000
363 29 110 1000
363 454 161 150
363 23 98 150
364 212 152 150
364 7 97 150
364 397 116 1000
364 19 95 150
364 20 109 150
364 181 113 1000
364 436 155 1000
364 31 164 1000
365 1 130 150
365 278 128 150
365 266 96 150
365 13 138 1000
365 214 124 150
365 347 102 150
368 8 130 300
368 10 92 150
368 35 130 150
369 3 191 1000
369 28 97 150
369 37 115 150
369 14 140 150
370 357 123 150
370 38 195 150
370 16 173 1000
370 86 110 1000
370 26 130 150
370 5 174 1000
370 29 99 1000
370 383 121 1000
371 3 144 1000
371 6 106 150
371 38 131 150
371 12 112 1000
371 17 125 1000
371 438 109 150
371 121 138 150
371 31 124 1000
372 26 163 150
372 19 108 1000
372 36 112 1000
372 14 97 150
374 1 124 1000
374 34 109 1000
374 3 137 1000
374 37 112 150
374 417 109 150
374 10 153 150
374 20 114 1000
374 470 103 1000
374 281 137 150
376 292 126 300
376 270 132 150
377 39 155 1000
377 20 109 150
377 24 208 150
377 26 180 150
377 27 165 150
377 29 168 300
378 0 110 1000
378 36 95 300
378 5 189 300
378 14 124 1000
378 15 114 150
378 21 106 300
378 24 113 1000
379 1 115 150
379 34 109 1000
379 5 211 1000
379 178 104 150
379 210 128 1000
379 22 96 1000
379 26 131 150
380 432 142 1000
380 12 112 1000
380 37 163 300
380 7 116 300
381 32 188 150
381 37 123 1000
381 11 127 1000
381 12 104 150
381 13 183 150
381 16 121 1000
381 24 126 1000
381 211 114 1000
381 21 116 150
381 440 149 300
381 26 125 150
381 30 143 150
383 209 105 1000
383 132 139 1000
384 0 192 1000
384 1 117 1000
384 6 127 150
384 22 127 150
384 23 158 1000
384 28 180 300
387 15 115 150
387 89 214 150
387 211 137 1000
387 273 113 1000
387 7 203 150
388 24 141 1000
388 1 129 150
388 33 107 1000
388 15 119 150
389 5 127 1000
389 11 126 150
389 18 131 1000
389 21 125 150
389 24 103 1000
389 26 133 1000
391 131 154 150
391 36 141 150
391 8 145 1000
391 12 237 150
391 40 138 150
391 29 113 1000
392 1 102 150
392 5 141 300
392 358 130 150
392 9 144 150
392 11 109 150
392 12 133 1000
392 92 130 150
395 353 116 150
395 5 132 150
395 30 136 1000
396 16 126 1000
396 34 132 1000
396 4 187 150
396 6 193 1000
396 23 93 150
397 8 208 150
397 405 111 1000
397 16 178 1000
397 20 167 150
397 21 127 1000
397 31 97 150
398 36 103 150
398 455 131 150
398 399 137 150
398 472 134 150
398 23 125 1000
398 24 78 1000
398 153 128 1000
398 27 155 150
399 37 129 150
399 6 116 150
399 14 202 150
399 21 106 150
399 24 87 150
399 27 108 1000
399 31 111 150
400 13 132 300
400 23 98 150
401 4 137 1000
401 29 116 1000
401 37 118 1000
402 16 193 1000
402 4 169 1000
402 429 84 1000
402 14 171 300
402 13 137 150
403 13 121 1000
405 275 109 1000
405 1 130 150
405 3 132 150
405 165 136 1000
406 35 116 1000
406 36 110 150
406 104 130 1000
406 9 128 300
406 379 125 150
406 8 111 1000
406 18 102 150
406 181 182 150
406 27 212 1000
407 1 163 150
407 26 109 1000
407 11 190 1000
407 198 147 150
407 31 153 1000
408 456 87 150
408 10 203 1000
408 271 134 1000
408 8 123 150
408 276 124 150
408 244 187 1000
408 347 144 1000
409 0 89 1000
409 35 167 1000
409 27 116 1000
409 270 198 150
409 33 118 1000
410 401 125 150
410 11 135 150
410 4 105 150
411 40 202 1000
411 17 102 150
411 405 107 1000
411 14 149 1000
412 24 80 1000
412 12 129 1000
412 4 121 150
412 182 120 1000
412 25 111 150
413 32 161 150
413 36 199 150
413 39 106 150
413 8 137 150
413 13 139 1000
413 4 124 150
414 1 135 150
414 2 131 150
414 4 95 1000
414 39 221 1000
414 19 164 1000
414 21 126 1000
415 26 121 300
415 365 222 150
415 14 124 150
415 37 91 1000
416 33 93 1000
416 19 143 150
416 276 126 150
416 15 189 1000
417 104 98 1000
417 417 114 150
417 11 150 150
418 0 143 1000
418 160 132 150
418 4 195 1000
418 40 138 1000
418 26 197 150
418 381 129 150
419 37 128 150
419 30 181 1000
419 149 110 300
420 33 185 1000
420 18 128 150
420 19 154 150
420 20 122 150
420 22 111 1000
420 23 98 300
420 30 148 1000
421 0 107 1000
421 34 161 1000
421 5 144 1000
422 34 121 150
422 18 146 300
425 128 129 150
425 35 131 150
425 101 199 1000
425 9 120 1000
425 14 147 150
425 25 128 150
425 27 112 1000
426 34 124 1000
426 40 131 300
426 11 133 150
426 20 112 150
426 278 218 150
426 477 121 150
428 36 123 150
428 5 101 150
428 40 125 1000
428 108 120 1000
428 468 177 150
428 22 187 1000
428 217 169 150
429 32 113 1000
429 9 156 150
429 18 215 150
429 94 140 1000
429 39 202 150
430 2 118 150
430 5 121 150
430 7 141 1000
430 200 163 300
430 10 150 150
430 428 137 1000
430 13 174 1000
430 16 107 150
430 37 133 1000
431 25 186 1000
431 27 224 1000
431 15 203 150
432 1 125 150
432 34 132 150
432 164 147 300
432 162 127 1000
432 40 133 1000
432 2 131 1000
432 200 177 150
432 21 125 1000
432 186 127 1000
433 2 170 1000
433 295 135 300
433 10 129 150
433 271 113 150
433 25 188 1000
433 29 92 150
434 11 110 150
434 9 152 1000
434 27 192 1000
435 36 125 150
435 430 227 150
435 23 113 300
436 32 220 150
436 6 126 1000
436 39 125 150
436 11 190 1000
436 339 167 1000
436 27 139 1000
436 127 136 150
437 37 96 150
437 205 182 150
437 319 128 150
438 3 103 150
438 37 130 1000
438 40 149 150
438 233 118 1000
438 20 119 150
438 217 188 1000
438 27 127 1000
438 31 125 300
439 32 89 1000
439 6 118 1000
439 9 184 1000
439 170 133 1000
439 16 139 150
439 149 130 150
440 35 130 1000
440 260 135 1000
440 15 119 150
440 4 95 150
440 378 171 150
440 415 208 150
441 32 174 1000
441 40 119 1000
441 162 119 150
441 340 104 150
441 175 115 150
442 24 99 1000
442 1 123 300
442 18 146 150
442 290 85 150
442 38 133 1000
443 27 190 1000
443 202 189 150
443 7 102 150
443 37 150 150
443 319 126 1000
444 1 117 150
444 36 163 1000
444 6 132 150
444 39 205 150
444 4 123 150
444 31 183 1000
445 0 117 150
445 449 170 300
445 35 110 150
445 6 139 150
445 12 201 300
445 17 112 150
445 180 131 150
445 316 120 1000
446 34 177 150
446 195 207 1000
446 40 114 1000
446 113 115 150
446 25 198 1000
446 29 148 1000
448 24 211 150
448 37 172 150
448 38 114 150
448 6 121 150
448 7 131 150
449 18 146 1000
449 219 196 150
449 4 117 1000
449 30 126 150
449 295 130 1000
450 4 135 150
450 137 124 150
450 12 159 150
450 335 107 150
450 343 126 1000
450 24 125 150
450 31 96 1000
450 29 156 150
450 30 213 150
450 383 134 150
451 24 200 150
451 17 230 150
451 26 200 1000
451 11 134 150
451 6 115 1000
452 34 93 1000
452 37 131 150
452 40 118 150
452 400 114 1000
452 20 171 1000
452 215 88 1000
452 27 135 300
453 33 115 1000
453 355 144 1000
453 4 164 1000
453 7 116 150
453 456 124 150
453 16 219 150
453 307 209 150
453 23 107 1000
453 25 77 300
454 17 124 150
454 4 102 150
455 0 188 1000
455 2 190 150
455 230 224 1000
455 232 119 150
455 430 129 150
455 15 117 1000
455 16 106 150
455 18 114 1000
455 20 94 1000
455 14 119 150
456 158 116 150
456 135 110 150
457 19 127 150
457 14 137 300
458 22 125 150
458 37 101 1000
458 5 127 150
458 38 141 1000
458 7 131 1000
461 0 145 1000
461 1 124 150
461 2 145 1000
461 3 128 150
461 491 183 1000
461 16 117 150
461 23 113 150
462 27 158 1000
462 480 193 150
462 3 216 150
462 200 148 1000
462 14 200 150
463 39 114 150
463 40 121 150
463 22 136 1000
463 89 119 1000
463 441 123 150
463 26 115 150
463 411 185 1000
466 275 137 150
466 20 130 150
466 22 136 150
467 0 136 1000
467 33 183 150
467 38 115 1000
467 32 139 1000
467 40 137 1000
467 106 123 150
467 11 115 1000
467 15 155 1000
467 340 137 1000
467 23 120 1000
467 29 119 150
468 32 135 150
468 0 149 1000
468 38 123 150
468 10 131 150
468 11 143 150
468 178 127 150
468 29 225 150
469 19 182 150
469 33 102 150
469 34 127 150
469 417 138 300
469 11 151 1000
469 83 190 150
470 4 121 150
470 5 143 1000
470 10 130 1000
470 17 213 150
470 181 129 150
470 22 113 150
470 24 114 1000
470 31 120 150
471 444 161 1000
472 27 212 150
472 21 119 1000
472 30 150 1000
472 221 129 1000
473 25 109 150
473 34 115 150
473 37 96 300
473 22 189 1000
473 221 122 300
474 8 131 150
474 1 107 150
474 27 106 150
474 9 208 1000
475 34 110 300
475 211 131 150
475 31 109 1000
477 32 131 1000
477 11 194 1000
477 7 103 150
477 39 172 150
477 15 119 300
477 176 140 1000
479 1 138 1000
479 34 131 1000
479 3 117 1000
479 6 115 1000
479 209 121 150
479 11 131 150
479 174 128 150
479 17 113 150
479 35 135 150
480 3 122 150
480 5 203 150
480 328 134 1000
480 234 141 300
480 11 148 150
480 392 120 1000
480 35 130 1000
480 28 127 1000
480 29 101 1000
482 12 116 150
482 191 101 150
482 239 105 1000
482 26 135 1000
482 27 135 300
482 348 119 1000
482 31 122 150
483 416 201 1000
483 34 197 1000
483 199 137 1000
483 39 121 300
483 16 117 1000
483 23 182 1000
483 26 202 150
486 37 84 1000
486 10 103 150
486 22 120 1000
486 23 93 1000
486 24 124 1000
486 27 122 150
486 5 136 1000
487 193 181 1000
487 34 117 150
487 3 180 1000
487 37 123 150
487 14 131 150
487 16 122 150
487 35 131 150
488 384 145 150
488 1 143 300
488 99 103 1000
488 216 109 1000
488 18 204 1000
488 22 135 150
488 24 166 1000
488 314 133 1000
490 3 119 150
490 33 134 150
490 234 149 1000
490 35 127 1000
490 104 182 150
491 0 126 1000
491 37 109 1000
491 200 120 150
491 266 121 150
491 269 129 1000
491 13 136 150
491 19 105 1000
