320 44 75
320 926 114
322 33 65
322 11 108
323 24 75
323 51 173
323 27 103
323 37 133
323 55 118
325 48 138
325 25 78
325 14 118
326 25 105
326 52 188
328 480 215
328 562 154
328 28 93
328 671 184
330 6 103
330 7 143
331 774 115
331 7 184
333 588 82
333 803 86
333 12 178
333 497 101
334 1163 99
334 900 160
334 757 109
334 47 169
335 1168 134
335 381 80
336 55 103
337 25 219
337 39 229
337 57 163
339 32 103
339 57 198
340 45 80
340 22 153
340 31 78
341 969 199
341 356 80
342 56 65
342 49 224
342 21 93
342 6 65
343 36 93
343 22 80
343 55 88
344 29 133
348 672 119
348 4 138
348 40 65
348 1289 229
348 1166 71
348 1339 159
348 60 133
349 21 93
349 15 254
350 1081 101
350 636 169
350 22 169
350 1340 184
351 41 178
351 42 178
351 28 78
352 1155 99
353 57 163
353 27 118
356 344 176
356 497 109
356 827 145
356 821 86
357 1297 209
357 50 65
357 29 198
357 55 178
358 8 174
358 44 65
358 1205 124
358 582 169
362 1271 84
363 1218 86
363 37 163
364 1174 250
364 797 110
364 614 190
365 60 108
366 914 235
369 472 86
369 28 78
369 19 113
369 4 153
369 636 184
371 57 80
371 45 148
371 14 158
372 1203 245
372 1305 71
372 995 280
372 61 93
374 57 239
374 60 143
374 453 215
375 16 214
375 63 153
375 893 175
375 789 145
375 55 78
376 552 80
376 1099 86
377 1081 99
380 793 105
380 34 103
380 50 80
381 17 213
381 871 174
381 492 134
381 913 170
381 1239 124
381 923 89
382 753 99
382 18 158
382 51 138
383 8 75
383 22 138
384 25 65
385 704 204
385 648 71
385 1039 129
385 17 103
385 63 78
387 994 99
388 32 163
388 5 90
388 919 94
389 49 118
389 22 168
390 784 91
390 3 65
390 726 86
391 40 189
391 1202 134
391 35 78
391 500 245
392 1179 94
392 1109 94
393 979 99
394 56 153
395 48 203
395 1017 159
395 1 75
396 1201 124
396 515 109
396 39 153
398 27 80
398 46 168
399 56 80
399 37 128
399 46 179
400 35 209
401 978 109
402 1025 124
402 46 65
402 1103 119
403 8 93
403 11 153
404 35 188
406 9 213
408 1172 220
409 19 163
410 11 138
410 500 169
410 45 80
410 46 118
410 5 113
411 673 71
413 43 103
414 19 78
414 1322 235
414 27 93
415 19 153
415 23 128
416 17 199
416 1037 109
416 535 185
417 1112 86
417 51 188
417 678 230
417 39 93
418 12 239
418 524 165
418 1199 124
419 26 224
419 733 190
420 456 84
420 32 234
420 41 103
423 34 93
424 48 118
424 1089 109
424 1051 275
424 20 78
424 623 194
425 17 65
425 796 171
425 1014 109
425 1337 170
427 50 80
430 40 224
430 48 183
430 44 118
430 38 93
432 2 95
432 38 163
433 1132 71
435 2 234
435 1206 225
435 63 78
436 364 237
436 4 103
436 5 163
437 704 184
437 353 80
437 688 235
437 1327 94
438 933 190
439 38 188
439 973 144
439 22 93
439 893 99
440 552 109
440 42 168
440 12 80
440 687 204
441 5 179
442 1056 84
442 387 199
443 1257 86
443 44 90
446 40 88
446 15 244
446 47 88
448 463 135
448 415 71
448 983 105
449 13 149
450 28 89
450 46 139
450 550 71
451 8 149
452 16 185
452 873 80
452 13 170
452 15 250
453 21 89
453 5 114
453 581 155
454 324 227
455 456 231
455 1164 80
455 1234 115
455 1300 105
456 1333 76
456 1063 176
457 61 206
458 1297 152
458 61 80
458 617 72
462 17 211
462 1174 77
462 22 75
462 413 77
463 505 77
463 19 170
464 48 79
464 964 170
464 36 75
464 958 246
466 3 199
466 5 84
468 608 101
469 32 139
469 1066 241
469 1147 130
469 954 81
470 1 164
470 1187 90
470 37 79
471 1 175
471 11 185
471 542 155
472 1079 170
473 1284 145
473 42 150
473 333 67
473 14 155
473 17 200
473 23 89
474 22 65
476 56 99
480 5 104
484 822 91
486 1 139
486 58 65
486 996 180
486 834 211
487 1268 81
487 773 152
489 606 155
490 60 89
490 29 84
491 51 75
492 725 95
492 1219 145
492 357 81
492 1019 236
493 1109 95
493 14 164
493 39 75
495 6 175
495 502 95
496 57 99
496 1044 80
496 12 75
497 608 145
497 30 124
497 1103 105
498 44 75
500 2 65
502 676 110
502 36 65
502 14 170
502 17 134
505 53 114
505 46 205
506 1336 165
506 10 184
506 7 139
507 8 84
507 26 134
507 5 145
507 21 65
508 736 95
508 1015 80
508 46 89
508 63 75
509 42 65
509 12 65
510 33 65
512 16 65
512 33 84
512 599 160
516 922 81
517 1080 241
517 785 101
517 15 175
518 16 175
518 63 205
518 5 109
518 47 65
520 57 119
520 63 75
521 994 171
521 26 89
521 715 211
521 2 99
521 54 160
522 328 77
522 476 110
522 44 109
522 5 99
523 1186 81
523 740 81
523 574 125
524 833 180
524 613 140
524 1034 226
524 1232 91
524 1298 180
524 1308 115
525 569 231
525 49 230
526 1234 211
526 11 160
526 1292 101
527 11 124
527 21 124
527 926 105
527 55 275
528 31 194
529 48 230
529 41 75
529 39 129
530 531 150
530 4 145
530 53 104
531 63 209
534 750 115
535 1131 125
535 55 235
539 1235 87
540 664 77
540 648 87
540 55 85
541 56 81
541 1132 67
542 0 81
542 33 231
542 11 105
542 17 125
546 969 211
546 10 210
546 4 109
546 46 124
550 1017 91
550 42 184
550 874 200
550 50 114
552 57 149
552 786 171
554 1020 80
554 55 119
556 41 124
556 450 90
556 12 174
558 901 161
559 40 104
559 1141 181
560 588 135
560 389 95
561 34 74
561 3 164
561 28 150
561 663 236
562 0 174
562 33 124
562 466 101
563 18 185
563 620 160
563 999 71
564 20 134
564 59 89
564 1052 201
564 12 85
565 24 119
565 25 139
565 867 115
566 32 89
566 994 286
566 531 110
569 1049 226
569 914 206
569 1131 90
569 37 84
569 438 201
570 14 169
571 676 101
571 7 75
571 403 180
571 23 75
571 4 99
571 1023 175
574 1164 105
574 1285 71
574 21 129
575 53 139
578 977 181
578 1226 115
579 1304 67
579 659 67
579 6 150
579 54 109
579 23 89
581 570 97
581 462 82
582 5 160
583 324 177
583 1002 92
583 636 166
583 4 79
583 39 114
584 33 104
584 635 120
584 500 95
585 607 88
586 1325 95
588 867 180
588 16 76
588 17 139
588 466 120
588 23 84
588 57 99
589 888 95
589 994 161
589 59 76
591 0 99
591 34 114
591 351 91
592 24 61
592 51 89
594 1153 100
594 27 76
595 1272 131
595 1313 135
595 931 82
595 52 154
596 7 89
596 43 149
596 52 71
596 63 61
597 994 105
599 48 164
599 25 134
599 10 129
599 42 94
600 56 125
600 41 61
600 7 86
601 35 124
601 570 80
601 51 210
601 806 106
601 1199 145
603 32 84
603 39 76
604 20 109
604 61 195
605 952 236
606 1336 145
606 49 104
606 905 221
607 968 170
607 18 155
607 322 192
607 988 80
607 29 99
608 1282 82
608 41 149
608 34 86
608 14 225
608 1114 120
608 60 76
609 1073 67
610 42 109
610 1004 67
610 774 191
611 16 139
611 62 165
612 661 67
612 55 139
613 432 140
613 10 84
613 1291 155
613 734 97
614 1 89
614 27 134
615 6 129
615 1151 110
616 722 77
616 1099 155
616 53 114
616 23 124
617 865 95
618 646 165
619 56 61
619 453 95
620 38 175
620 2 139
620 62 165
620 53 190
620 1206 95
623 921 90
623 19 124
625 834 160
625 868 180
626 2 61
626 60 76
627 50 174
627 364 77
630 50 114
631 13 165
633 25 67
635 49 151
635 406 166
636 840 207
636 52 100
636 1108 63
636 381 161
636 15 85
638 1104 73
638 440 116
638 970 63
638 348 171
638 54 196
639 649 152
639 1306 63
639 59 180
639 10 155
639 35 135
640 28 78
642 1200 84
642 27 93
642 1307 99
644 49 198
644 29 75
645 464 110
645 2 78
645 11 80
645 831 267
646 723 240
647 8 113
647 1027 99
648 37 143
649 60 93
649 1306 84
649 763 99
649 372 71
649 487 99
650 38 80
650 712 159
650 20 78
650 53 123
650 55 128
650 411 86
651 19 108
651 21 148
651 971 99
651 13 173
653 51 103
654 17 123
654 924 99
655 942 99
656 706 84
656 29 88
656 406 139
656 23 194
657 496 81
658 685 96
658 438 109
658 47 103
660 538 280
660 36 143
660 1230 255
661 43 168
661 938 99
661 11 173
661 750 86
661 881 71
661 699 129
663 36 189
663 46 209
664 25 183
664 30 93
664 806 106
665 753 114
665 43 80
665 607 92
667 32 90
667 60 78
669 1066 84
669 380 141
669 34 93
670 32 80
670 42 239
670 811 206
670 893 84
671 913 124
671 34 214
672 5 103
672 745 250
672 42 128
672 694 174
672 376 80
672 28 174
673 11 188
675 1226 129
675 1061 199
675 471 86
676 51 65
676 779 140
676 959 109
677 1224 235
677 59 93
677 382 95
677 1158 99
678 1 90
678 46 113
679 32 65
679 2 93
679 934 144
679 53 138
679 26 173
679 509 149
679 63 164
680 734 149
680 55 103
681 52 88
681 882 99
681 652 245
682 18 148
682 53 93
682 1094 159
682 615 169
685 9 65
685 52 113
686 63 80
687 20 88
687 37 138
688 873 245
688 12 229
692 334 80
693 957 160
694 413 135
695 1285 99
698 0 113
698 3 108
698 4 138
698 29 88
699 1105 144
699 1103 185
699 687 99
700 16 138
700 24 234
700 18 239
700 523 90
701 50 153
701 53 80
701 5 103
701 1262 81
701 1119 124
702 52 153
702 1004 114
702 15 108
703 41 65
703 724 84
704 10 159
704 5 78
704 436 179
704 1090 71
704 39 204
705 51 88
705 1199 185
705 47 65
706 57 164
706 1211 110
706 4 75
706 23 78
707 3 78
707 6 75
707 350 201
707 423 159
708 1017 134
708 1146 109
708 695 89
709 1056 71
709 63 75
709 484 99
709 669 99
709 463 245
710 801 90
710 57 188
712 552 90
712 530 80
712 30 149
714 40 188
714 1220 101
715 1263 199
716 48 234
716 32 93
718 57 204
718 27 269
718 727 179
719 36 78
719 46 133
722 1296 89
722 1052 205
722 642 114
722 740 250
722 14 183
723 25 128
723 1095 119
724 931 194
724 701 96
725 32 65
725 24 193
725 22 80
725 46 274
725 39 93
726 33 183
726 22 128
727 0 214
727 32 93
727 322 206
727 452 86
727 33 65
727 1046 144
728 1274 86
728 515 190
728 54 93
728 582 73
730 40 113
730 904 111
730 36 224
731 1026 235
731 867 101
731 39 178
733 27 78
733 677 99
734 1168 94
734 9 189
734 802 135
734 51 239
734 821 185
735 34 188
735 39 80
735 654 99
735 15 173
735 988 99
735 605 110
736 60 93
737 1323 71
737 27 93
737 1229 240
738 30 88
739 1016 205
739 450 144
739 13 128
741 40 128
742 39 65
742 13 214
742 47 103
743 7 178
743 33 174
743 1059 109
743 29 168
743 23 214
745 61 65
747 41 93
749 656 185
749 1283 104
749 54 209
749 455 280
750 648 84
750 1043 129
752 48 244
753 50 163
753 3 105
753 54 95
754 10 65
755 584 154
755 18 199
755 531 165
755 46 163
756 977 154
756 52 93
756 61 88
758 2 198
758 53 80
760 616 230
760 1103 71
760 433 86
760 823 86
760 27 178
760 30 65
761 33 133
761 18 219
761 2 65
761 6 129
761 31 159
762 1088 71
762 2 78
762 59 123
762 37 88
762 62 264
766 1336 94
766 35 168
766 1163 114
766 13 214
766 454 84
768 8 93
769 10 123
770 333 144
770 887 84
771 936 180
771 13 188
773 866 144
773 54 153
774 56 128
774 0 163
776 774 105
778 816 170
778 1283 185
778 59 168
778 374 104
778 358 95
779 56 128
779 900 99
780 539 71
780 27 154
780 1189 109
780 678 154
784 825 115
784 59 113
784 9 108
785 1112 86
785 722 149
785 60 88
789 0 229
789 1 78
789 1226 124
789 882 270
789 53 188
789 443 210
789 586 209
790 49 239
791 589 169
791 1333 94
793 51 123
793 11 128
793 1316 119
793 1238 86
794 11 244
794 46 163
795 386 144
795 3 93
795 45 65
795 37 123
796 816 116
796 39 148
797 1039 154
798 928 114
799 1307 144
799 1209 210
799 35 88
799 6 78
799 9 78
800 743 71
801 672 159
801 32 80
801 62 75
801 705 134
802 565 71
802 47 153
803 619 95
803 9 209
803 51 178
803 702 159
806 31 75
807 1184 96
807 18 113
807 43 78
811 1212 84
811 51 229
811 652 184
811 390 134
811 457 109
812 586 134
812 380 80
815 33 65
815 1030 170
815 7 214
815 47 254
815 1335 129
815 702 99
815 1119 84
818 872 71
818 395 109
818 13 93
818 749 86
818 45 153
819 728 194
819 25 128
819 726 84
819 32 143
821 8 75
821 2 118
822 42 128
823 452 86
823 1279 230
824 24 239
824 1186 71
827 1009 185
827 658 109
827 1035 204
827 1147 210
827 33 159
828 417 144
828 651 86
828 20 103
830 9 188
831 1313 86
831 1163 150
831 1036 84
831 33 90
833 34 249
833 509 220
834 16 80
835 60 80
835 1229 99
837 29 239
837 46 249
839 30 88
839 1149 204
839 46 88
839 47 173
840 56 78
840 44 90
840 28 93
841 24 133
841 51 178
842 8 239
846 48 264
846 1297 96
846 42 189
846 35 194
846 57 168
847 29 149
847 1119 144
848 19 148
848 45 214
848 6 65
848 63 133
850 38 103
851 1089 81
851 27 168
852 912 96
852 1 75
852 1075 96
854 960 260
854 8 113
855 1046 204
856 41 209
858 57 80
858 1098 215
858 12 80
858 29 234
859 994 225
859 19 98
859 61 93
860 33 169
860 50 254
860 755 86
860 1271 95
861 36 173
861 13 95
862 396 81
862 6 128
865 1068 215
865 1238 149
866 12 80
867 57 209
867 45 118
868 48 78
869 8 108
869 56 179
869 59 204
870 36 78
870 874 114
870 46 234
870 18 179
870 20 153
870 349 80
871 48 158
871 32 169
871 490 149
871 715 99
872 8 163
872 33 219
872 59 80
873 970 109
873 36 90
873 38 203
874 561 104
874 3 78
874 30 108
875 560 195
876 0 93
876 60 93
876 52 163
876 1077 81
876 45 148
879 48 80
879 18 153
879 27 188
879 4 80
880 1114 71
880 3 93
880 45 199
881 47 163
882 33 103
882 43 80
882 1196 71
883 16 164
883 1289 235
883 31 83
884 62 153
884 1294 114
885 48 103
885 20 193
885 11 259
885 1156 94
886 8 103
886 33 80
886 1325 164
887 660 154
888 1087 109
890 728 159
890 705 71
890 37 108
890 46 80
892 7 178
893 35 178
893 34 188
893 3 224
897 9 80
897 342 201
898 834 71
898 7 188
899 25 103
899 1141 159
900 58 173
900 31 158
901 33 159
901 34 90
901 35 159
901 11 78
901 51 113
901 62 123
902 433 155
902 1299 225
904 61 163
905 41 173
905 803 115
905 340 80
905 1065 235
905 1143 220
906 945 99
906 1021 175
908 646 114
909 978 96
909 862 129
910 0 78
910 1223 99
911 936 275
911 46 118
911 1030 210
912 776 100
912 1228 114
912 1198 160
913 1016 114
913 610 80
913 11 173
913 12 178
913 1322 99
914 1108 84
915 648 169
915 20 148
915 15 198
919 41 113
919 1327 104
919 1084 159
919 47 103
921 58 113
921 39 198
921 437 285
921 1319 220
922 25 148
922 349 71
922 47 138
923 42 173
923 35 148
923 30 65
924 20 93
924 1020 84
924 52 103
924 39 143
925 60 80
925 1107 81
925 44 143
925 25 163
926 912 150
926 1001 169
926 842 94
928 811 140
928 1318 119
929 617 204
929 979 275
931 17 108
931 23 168
933 56 113
933 883 84
933 46 254
934 56 113
934 1081 86
934 985 119
936 43 78
936 582 199
936 38 93
936 869 219
937 1 103
937 1034 170
937 61 118
940 1096 134
940 33 93
940 25 163
940 29 138
940 63 78
941 1 138
941 26 138
941 53 188
941 558 80
941 31 108
942 681 169
942 38 154
942 46 158
944 14 144
945 9 254
945 26 189
946 464 280
946 572 109
946 739 96
946 28 108
946 55 93
947 971 94
947 46 108
949 34 80
953 52 108
954 56 65
954 1131 175
954 54 118
954 31 75
956 924 109
956 652 169
957 33 113
958 19 118
958 35 75
958 847 194
959 1200 86
959 48 123
959 21 103
960 60 160
963 19 65
963 340 67
963 45 65
963 1039 170
964 56 74
964 383 232
967 50 185
968 1 95
969 43 110
970 0 156
970 1123 217
970 495 237
971 3 125
974 925 237
974 910 187
975 31 160
976 718 71
977 47 119
978 24 65
978 960 80
978 31 65
979 10 174
979 60 65
980 1256 71
980 394 120
980 1011 90
980 20 195
982 1227 80
982 949 90
983 1235 95
983 715 71
983 1206 145
985 17 65
985 842 236
985 11 99
985 58 174
985 702 145
986 335 80
987 43 74
987 1149 216
987 30 104
987 29 159
988 660 71
989 1217 251
989 1218 95
989 10 119
989 17 114
989 1236 155
989 29 154
990 12 65
990 45 65
990 446 246
990 23 109
990 860 196
990 958 86
991 833 131
991 54 174
991 996 95
991 1221 85
991 46 65
992 11 139
992 1 119
992 731 151
992 39 189
995 15 119
995 5 149
995 415 130
996 1217 135
996 1026 95
996 42 155
996 1181 71
999 954 146
1001 946 71
1002 912 90
1002 26 89
1002 36 74
1002 29 200
1003 672 236
1003 59 65
1004 24 175
1004 9 89
1004 778 102
1004 31 65
1006 1277 206
1008 1115 71
1008 7 134
1009 730 115
1009 4 79
1009 53 139
1009 31 65
1010 904 135
1011 1112 131
1011 17 65
1011 342 81
1012 57 89
1012 27 165
1013 2 65
1013 43 104
1014 32 174
1014 44 104
1014 1030 165
1014 47 124
1015 16 74
1015 1077 161
1015 726 71
1015 1047 110
1015 24 89
1015 1309 110
1016 57 99
1016 36 149
1017 24 74
1017 1 65
1017 39 84
1018 834 156
1018 899 110
1018 31 185
1020 51 164
1020 13 225
1020 415 170
1021 15 65
1023 549 85
1025 922 114
1026 41 108
1026 978 159
1026 60 153
1027 29 163
1027 1213 149
1028 35 189
1028 44 78
1029 1307 114
1029 30 254
1030 620 97
1030 14 103
1030 1279 260
1031 512 81
1031 55 80
1033 18 103
1033 541 86
1034 711 86
1034 47 108
1036 12 133
1036 869 179
1037 27 178
1039 394 109
1039 59 153
1039 5 264
1039 901 109
1041 8 93
1044 1317 154
1044 356 80
1044 1157 270
1044 439 96
1045 50 95
1045 35 213
1045 28 214
1046 35 103
1046 61 204
1047 40 143
1048 2 138
1048 527 86
1048 983 134
1049 56 178
1049 778 91
1049 942 114
1049 439 250
1050 40 108
1050 0 65
1050 11 80
1050 860 109
1051 8 153
1051 27 149
1051 28 83
1052 390 124
1053 960 71
1053 928 195
1053 1102 199
1053 847 86
1055 4 65
1055 396 174
1055 30 209
1056 9 148
1056 1 224
1059 491 84
1059 37 80
1061 44 93
1061 30 78
1063 24 143
1063 32 80
1063 21 128
1063 38 80
1065 58 78
1066 35 123
1066 1231 84
1067 876 84
1068 792 120
1068 11 158
1068 1236 81
1069 865 160
1069 1284 195
1069 685 170
1069 63 83
1070 25 78
1070 61 93
1070 38 80
1071 18 65
1072 642 134
1072 1139 144
1072 52 113
1072 22 80
1073 562 184
1074 35 90
1074 59 118
1074 60 93
1074 1087 86
1075 8 93
1075 54 184
1076 440 270
1076 56 178
1076 938 86
1076 22 108
1076 1327 205
1077 9 75
1078 4 80
1078 1052 71
1079 1164 215
1079 607 105
1080 13 188
1081 33 80
1081 17 239
1083 36 78
1084 671 124
1085 680 114
1085 978 114
1085 30 189
1085 726 94
1086 9 163
1086 4 65
1086 14 78
1086 62 65
1087 29 198
1088 642 94
1088 646 230
1088 982 119
1089 1178 124
1090 25 128
1090 58 65
1090 869 195
1091 681 235
1091 58 75
1091 618 95
1091 5 93
1092 33 138
1092 890 84
1092 44 168
1092 996 169
1094 25 143
1094 564 190
1094 44 103
1095 434 149
1095 404 84
1095 39 98
1096 15 138
1097 540 81
1098 46 65
1098 822 155
1099 15 148
1099 13 88
1099 542 159
1099 55 178
1100 50 78
1102 21 78
1102 38 108
1103 37 154
1104 21 158
1104 22 88
1105 43 148
1106 472 99
1106 41 78
1106 12 173
1106 661 94
1106 1342 245
1107 54 188
1108 536 149
1108 474 99
1108 564 144
1108 958 86
1109 874 144
1109 6 78
1109 14 128
1109 399 86
1110 440 190
1111 42 90
1111 398 114
1111 351 71
1112 23 78
1113 521 80
1114 17 138
1114 794 171
1114 42 173
1115 49 90
1115 1341 154
1115 22 88
1115 1111 71
1118 977 101
1118 476 71
1118 325 86
1118 1197 104
1119 437 86
1120 42 88
1120 770 145
1120 926 94
1121 633 185
1121 541 95
1123 25 239
1123 698 174
1123 52 159
1124 58 65
1124 322 169
1124 946 114
1127 34 113
1127 677 200
1127 909 71
1129 16 78
1129 3 65
1129 758 99
1131 611 105
1132 496 210
1132 42 138
1132 62 204
1132 1063 109
1133 1088 184
1133 1068 180
1133 1155 99
1133 60 95
1133 6 269
1134 1249 71
1134 1242 159
1134 1260 84
1134 37 65
1135 33 65
1135 34 214
1135 673 99
1135 639 77
1139 1303 86
1142 55 78
1143 11 178
1146 769 190
1146 539 159
1146 852 96
1146 9 90
1146 44 189
1147 4 184
1147 45 75
1147 22 103
1149 1127 99
1149 711 114
1150 34 153
1150 542 109
1151 50 75
1151 43 103
1151 5 93
1153 13 78
1155 730 220
1156 19 173
1157 18 144
1157 28 178
1158 59 184
1160 678 164
1161 38 93
1161 1331 99
1161 6 209
1161 54 264
1162 376 159
1162 18 138
1162 3 229
1162 1326 190
1163 55 138
1163 1086 179
1163 1191 235
1164 835 215
1164 331 95
1164 48 93
1164 24 93
1164 57 219
1164 30 90
1165 1328 174
1165 495 245
1166 712 86
1166 1177 204
1166 362 202
1166 988 160
1168 648 109
1168 5 93
1169 32 78
1169 42 75
1169 396 149
1169 754 84
1169 1141 195
1170 30 80
1170 51 188
1170 790 130
1170 62 173
1170 5 214
1171 1008 195
1171 420 184
1171 29 93
1174 931 71
1174 54 173
1175 48 148
1175 58 80
1175 63 153
1176 1112 190
1176 48 75
1176 63 173
1176 887 139
1177 518 71
1177 342 85
1178 3 188
1178 881 154
1178 43 108
1178 709 109
1178 583 211
1179 12 78
1180 1049 159
1180 50 179
1181 10 138
1181 535 80
1182 36 158
1182 756 175
1182 334 80
1183 417 109
1183 58 158
1183 28 80
1184 644 99
1186 33 93
1186 58 78
1187 11 163
1187 27 188
1187 36 78
1190 673 84
1191 824 160
1191 19 65
1192 19 88
1192 372 204
1192 494 81
1193 60 65
1193 1070 114
1193 638 180
1195 507 219
1195 1211 120
1195 1191 119
1196 524 80
1197 581 105
1198 1288 71
1198 1090 225
1198 1294 84
1199 28 65
1199 22 65
1200 523 194
1200 25 173
1200 386 114
1200 603 95
1200 1335 144
1201 1299 71
1201 42 163
1201 3 80
1201 30 103
1201 391 139
1202 29 80
1203 1186 195
1205 745 109
1205 46 78
1205 1134 99
1206 10 65
1206 50 128
1207 42 168
1207 663 210
1207 959 110
1208 699 199
1208 46 229
1209 1304 119
1212 404 174
1212 756 109
1212 22 80
1212 7 75
1213 20 249
1213 29 188
1214 42 93
1217 60 194
1217 454 109
1218 37 159
1218 30 108
1219 24 80
1219 1340 144
1219 1052 204
1219 7 93
1220 1263 86
1220 55 65
1221 26 138
1222 667 159
1222 727 96
1223 52 108
1224 58 93
1224 20 88
1226 1181 84
1227 8 80
1227 1096 200
1227 34 95
1227 18 65
1227 1119 84
1228 2 93
1228 60 78
1229 792 176
1229 25 113
1229 1205 174
1229 709 99
1230 0 103
1230 1196 96
1230 23 113
1231 1052 129
1232 592 105
1232 10 93
1233 14 219
1234 32 128
1234 42 169
1234 15 75
1235 1 219
1235 909 164
1235 6 78
1236 331 115
1236 38 269
1236 17 65
1236 490 99
1236 1227 94
1236 940 204
1236 1201 184
1236 1113 164
1238 1169 114
1238 60 158
1239 908 114
1239 658 154
1239 60 93
1239 49 80
1242 681 84
1242 2 154
1242 19 123
1242 1238 194
1243 40 80
1243 11 128
1244 766 175
1244 60 173
1244 5 108
1244 1222 290
1246 21 133
1247 40 93
1247 1175 220
1247 1207 180
1247 23 103
1248 505 215
1248 799 165
1249 1272 99
1249 606 240
1249 879 179
1250 9 199
1252 471 94
1253 36 128
1253 12 103
1253 773 200
1254 32 148
1254 497 205
1254 387 109
1254 5 93
1256 8 118
1256 1322 109
1256 11 234
1257 910 99
1258 49 65
1258 546 76
1258 30 128
1260 650 215
1262 718 99
1262 895 111
1263 8 93
1264 968 71
1264 659 194
1264 20 80
1266 9 75
1266 7 138
1268 32 93
1268 7 78
1268 811 96
1268 335 80
1270 50 184
1270 11 214
1270 1060 134
1270 21 93
1270 581 88
1271 59 128
1271 11 153
1271 45 93
1272 538 86
1272 2 178
1272 1165 114
1272 1227 86
1272 797 130
1273 1160 129
1273 522 260
1273 663 189
1274 31 163
1275 0 164
1275 26 118
1275 822 105
1275 6 80
1276 439 96
1277 586 139
1277 12 108
1278 1010 230
1278 1222 101
1278 6 153
1278 1231 255
1279 15 128
1279 588 159
1279 62 178
1279 575 90
1281 358 71
1282 831 167
1283 873 169
1283 5 83
1284 708 240
1284 27 178
1284 1228 86
1285 857 71
1285 19 78
1285 1020 81
1285 535 71
1287 20 90
1288 1037 71
1288 47 174
1289 27 103
1291 11 188
1291 60 169
1291 542 81
1292 16 118
1292 1075 84
1292 694 71
1292 995 144
1293 1212 139
1294 48 128
1294 416 180
1294 496 219
1294 47 93
1296 698 154
1296 35 138
1296 5 75
1298 2 103
1298 1090 81
1298 1343 86
1298 53 178
1298 799 251
1299 450 149
1299 1300 144
1300 1200 114
1300 35 113
1303 33 75
1304 10 113
1304 435 179
1304 21 229
1305 908 114
1305 30 65
1306 16 93
1306 18 188
1306 411 129
1307 57 93
1308 50 209
1308 47 80
1310 57 88
1310 1235 81
1310 53 75
1311 585 154
1311 492 250
1311 1221 86
1312 1168 179
1312 9 108
1312 6 234
1312 30 219
1313 28 143
1313 1316 160
1313 493 184
1315 48 80
1315 56 154
1315 1277 124
1316 408 94
1316 5 188
1317 47 188
1318 16 229
1318 716 159
1318 10 199
1318 52 239
1319 28 93
1319 671 86
1320 50 65
1320 44 153
1320 46 168
1321 57 118
1322 1034 86
1323 20 65
1323 22 118
1323 7 88
1324 1254 159
1324 975 220
1325 56 78
1325 41 118
1326 19 138
1326 22 168
1326 6 148
1327 33 80
1327 609 67
1328 1339 86
1328 62 143
1331 1 178
1331 23 178
1332 1289 124
1332 1315 200
1333 24 214
1333 58 183
1333 13 80
1335 49 118
1336 2 244
1336 1090 189
1336 13 153
1337 38 168
1338 10 88
1338 1228 99
1339 57 178
1339 953 86
1340 512 229
1340 0 289
1340 1221 194
1340 38 138
1340 880 134
1340 51 113
1340 29 75
1341 24 204
1341 1234 215
1342 37 204
1342 53 178
1343 2 80
