397 1146 149
406 1321 149
416 1119 149
421 640 143
445 535 149
449 1083 139
457 1256 139
460 463 153
461 1211 139
463 891 149
463 453 139
471 1287 143
474 1141 139
479 1189 139
505 1206 139
507 383 153
522 562 149
525 1139 139
551 1219 139
551 581 143
555 538 139
557 526 149
562 783 149
571 652 143
575 762 149
582 676 139
596 474 149
599 800 143
613 606 149
618 1240 139
618 706 149
626 771 143
628 876 139
633 1157 139
641 860 139
642 1323 139
643 1091 149
647 347 149
652 337 149
658 722 149
661 481 149
672 1309 139
673 763 149
673 1342 139
677 802 139
683 516 149
692 1040 139
707 790 143
710 1321 139
712 986 139
717 380 159
738 896 153
740 797 149
746 1172 139
761 1064 139
762 657 153
765 780 149
770 1304 149
796 1253 139
807 324 153
808 704 149
824 1037 149
826 466 139
826 1157 153
845 1177 149
845 1062 139
855 501 139
857 1200 143
857 506 149
860 872 139
866 1089 139
877 1213 143
879 1094 139
881 645 139
896 576 149
897 991 153
907 994 139
916 462 139
917 767 149
934 1118 153
936 571 139
947 912 149
950 588 149
989 1010 153
991 668 139
996 507 149
1006 1171 149
1007 487 143
1012 883 139
1013 1055 149
1019 479 149
1027 794 143
1028 1297 139
1029 961 139
1032 794 139
1034 566 143
1037 1290 149
1040 1341 139
1040 855 149
1042 485 143
1052 848 139
1068 327 159
1090 806 139
1100 494 143
1110 1141 139
1118 863 149
1119 1131 149
1119 951 143
1127 1208 139
1129 707 139
1131 969 149
1138 377 153
1140 764 149
1144 1119 139
1145 930 139
1157 370 143
1157 638 139
1177 971 159
1179 1061 139
1180 569 153
1189 1273 139
1198 1319 139
1199 664 139
1210 860 143
1212 792 149
1214 1152 139
1214 488 139
1215 721 143
1216 1126 139
1220 1201 139
1234 1188 139
1248 873 153
1254 562 139
1254 581 139
1255 916 149
1256 955 143
1257 1268 139
1266 1128 149
1270 448 149
1275 791 153
1285 1272 149
1287 794 139
1288 486 149
1295 818 143
1301 1261 139
1301 662 149
1303 509 139
340 623 143
354 494 135
361 323 135
361 1206 145
379 1168 143
691 408 135
884 393 145
887 414 135
1065 393 139
1176 408 135
413 26 133
416 39 158
418 41 137
426 0 133
439 46 143
444 9 133
450 20 147
453 35 133
457 51 143
464 29 133
466 13 147
473 6 133
475 25 143
476 20 133
476 55 147
479 1 143
487 14 133
488 19 133
491 44 137
492 60 143
493 26 133
494 7 133
501 29 137
508 63 133
511 8 143
516 62 133
517 55 137
519 62 133
519 5 133
529 56 133
529 25 137
531 43 133
531 20 133
549 41 133
551 61 137
559 48 143
564 51 133
569 1 133
575 48 137
579 18 133
581 0 143
581 1 133
581 11 137
593 28 143
601 52 133
610 2 133
613 49 137
615 53 143
616 36 143
617 61 133
625 56 137
626 52 133
628 14 143
631 5 143
640 62 143
644 27 143
647 40 133
649 8 133
653 26 143
656 24 143
660 1 133
662 44 143
663 19 143
672 47 143
673 63 148
674 41 143
677 43 133
682 60 133
684 21 143
725 61 133
726 10 137
727 34 133
729 6 143
731 17 133
734 14 137
741 26 133
755 53 133
759 28 133
763 0 137
765 2 143
766 33 133
770 63 143
782 55 147
790 47 143
794 62 133
802 12 133
807 16 137
814 34 133
814 54 133
823 20 133
835 36 147
835 20 143
839 56 143
839 17 133
841 5 137
855 63 133
859 8 133
865 39 133
870 30 137
871 32 133
879 2 143
887 27 143
894 33 137
903 57 133
904 33 133
906 54 133
907 61 137
913 36 133
913 38 133
915 40 143
923 54 147
926 31 133
928 37 133
929 44 143
938 16 162
941 17 133
945 25 143
945 47 133
949 13 137
950 9 133
956 61 143
962 17 133
964 40 137
965 43 133
967 37 133
977 30 143
980 57 147
993 5 133
998 26 133
999 44 143
1001 29 137
1004 16 143
1009 34 133
1009 53 143
1010 58 147
1013 51 133
1013 30 133
1016 26 133
1020 14 137
1027 12 143
1030 1 143
1040 3 143
1045 25 147
1047 56 143
1051 5 133
1053 8 133
1055 26 147
1058 31 133
1058 46 133
1060 14 143
1065 33 137
1066 32 133
1066 10 133
1068 38 143
1071 63 147
1076 14 143
1086 45 143
1092 16 133
1103 9 147
1116 12 133
1119 55 133
1121 9 143
1122 44 137
1125 57 143
1125 59 133
1126 16 133
1127 9 137
1130 57 143
1133 33 133
1133 39 133
1135 17 137
1135 60 133
1136 56 148
1141 11 143
1149 31 137
1153 52 133
1183 45 133
1184 36 143
1184 30 147
1185 10 133
1185 37 143
1186 39 143
1188 0 147
1192 60 133
1197 45 133
1198 4 153
1212 30 137
1216 4 133
1219 19 143
1221 33 143
1226 50 147
1226 4 133
1231 50 143
1234 32 133
1237 46 137
1238 40 133
1246 13 143
1248 54 133
1248 57 147
1251 61 143
1253 38 133
1255 8 133
1258 39 147
1266 12 133
1269 24 143
1274 60 133
1276 8 137
1279 6 143
1295 44 133
1298 60 133
1302 54 147
1303 27 143
1304 62 133
1306 36 143
1319 6 137
1320 31 143
1322 33 133
1333 10 133
320 934 143
321 891 141
321 729 131
327 1120 135
341 409 139
368 1038 131
369 966 145
370 788 135
370 1327 143
670 445 141
1240 388 141
329 58 129
333 49 139
335 60 139
339 4 129
348 60 139
366 62 137
380 27 139
381 48 129
372 441 131
320 51 137
323 38 135
324 46 125
324 15 129
327 60 147
372 44 135
375 18 139
330 673 79
333 649 89
335 473 79
335 1325 79
339 1265 89
340 463 79
343 1104 89
354 1153 79
354 503 79
361 1028 79
365 1145 89
376 546 89
382 793 79
385 707 88
388 728 84
397 1012 89
398 490 94
398 1013 98
401 1321 89
403 1306 89
408 1103 89
412 738 89
413 723 99
413 1003 99
414 442 84
415 572 89
418 539 94
420 736 94
420 1083 79
420 1101 83
421 1062 84
423 1016 89
425 848 84
426 616 83
428 358 99
429 708 89
430 876 79
438 609 94
438 1239 84
443 928 94
446 906 89
446 1323 99
446 487 89
447 904 89
450 1242 89
451 977 89
451 636 79
451 1085 84
457 549 99
461 513 89
462 576 99
462 861 99
462 542 89
463 496 98
465 525 89
470 606 84
470 526 79
475 1276 83
477 501 84
479 1139 89
479 491 79
483 1308 99
483 365 89
484 1020 89
486 830 79
490 1015 84
491 415 94
492 619 79
494 1290 89
495 856 99
495 948 94
499 1129 83
505 830 98
506 369 84
507 323 84
510 1019 79
513 1040 83
517 365 99
517 894 79
517 879 89
518 325 84
518 798 83
520 712 94
522 532 89
525 1111 79
527 547 84
527 1157 79
528 1258 83
529 542 93
532 813 84
537 938 89
538 1152 93
542 1176 84
542 746 83
552 605 89
554 455 99
556 776 89
556 878 93
556 1210 84
559 746 79
559 1310 99
564 860 89
567 1274 79
567 542 94
571 1028 84
571 1293 84
577 930 89
580 506 89
580 1067 84
581 1295 89
582 1039 84
585 1228 79
587 590 94
587 447 94
588 930 89
588 1292 94
588 1101 89
595 1307 88
603 860 84
604 1281 84
606 1155 89
606 663 89
608 609 79
609 527 93
610 1102 84
613 944 83
614 1060 99
615 1285 84
617 776 84
619 1222 93
625 988 89
625 1054 84
629 1246 99
630 1092 83
631 868 99
634 774 89
636 1253 99
636 373 88
637 376 89
637 347 84
645 481 99
651 456 89
651 933 94
652 570 89
657 321 99
657 1129 84
660 321 99
660 845 94
663 1164 99
672 704 94
672 1308 89
674 336 89
676 607 89
682 609 109
693 1238 84
700 1221 94
704 402 94
705 755 88
708 885 89
711 1289 83
712 736 93
720 682 83
720 1197 84
730 633 79
732 950 89
734 1226 84
734 571 94
736 1226 89
738 836 99
740 933 83
745 811 84
746 806 89
748 817 89
748 1103 99
750 540 89
750 423 94
751 939 79
752 923 94
755 778 89
755 621 89
755 1297 89
762 704 83
762 1300 89
762 1328 89
763 960 89
763 1314 89
765 872 94
765 980 94
765 599 89
770 505 79
772 1313 99
774 904 89
774 1287 89
775 712 99
775 850 89
776 640 83
778 540 93
778 933 84
778 892 89
782 1144 89
782 467 83
783 1160 99
787 997 89
798 881 89
799 916 84
800 1124 83
802 756 79
809 325 89
812 662 89
814 672 93
816 1297 79
817 1308 99
817 383 89
819 599 84
824 1083 84
825 1244 89
825 1299 79
825 1262 84
826 1089 89
828 623 89
834 1276 84
835 506 89
836 1273 99
836 1147 89
836 763 94
841 1200 83
843 366 89
846 382 84
849 1122 89
850 1019 89
853 818 79
855 1329 84
857 1213 89
861 454 99
863 761 84
865 1216 84
866 1221 84
866 606 89
869 362 79
870 1274 93
873 912 89
873 1176 93
873 517 84
876 737 89
876 1081 84
877 552 93
877 450 89
878 1080 84
878 1266 79
879 455 93
888 1131 99
897 327 79
897 1023 83
902 443 94
904 1043 89
907 617 84
908 728 89
911 911 94
912 378 79
913 1267 89
914 1205 93
914 1183 89
916 967 89
917 797 89
925 776 84
925 608 89
925 906 89
926 1192 89
928 1063 89
929 923 89
930 649 99
938 785 84
939 985 99
941 960 103
942 979 79
943 673 99
944 1043 84
947 839 89
948 383 84
950 524 79
951 901 83
952 757 93
957 1230 79
960 509 83
966 488 99
967 647 99
970 1290 99
977 673 89
981 516 89
981 1285 84
982 588 84
985 1330 79
986 623 94
988 934 108
990 763 84
991 583 79
992 1172 93
998 1296 83
999 896 79
1001 787 83
1004 1141 93
1014 1104 94
1016 740 89
1019 871 89
1028 1146 84
1031 717 79
1032 991 94
1033 335 84
1034 827 89
1039 566 79
1040 618 79
1043 893 99
1043 710 84
1047 356 83
1052 731 89
1053 850 94
1054 1009 79
1054 945 89
1058 734 89
1061 1265 94
1062 843 79
1062 851 83
1062 650 89
1063 675 99
1063 660 93
1066 704 89
1071 555 89
1071 324 79
1075 1081 94
1075 986 89
1075 588 99
1081 817 84
1081 829 89
1083 408 88
1083 697 79
1085 1013 99
1085 1222 84
1089 865 84
1089 1242 79
1094 345 83
1094 506 94
1097 460 99
1101 663 79
1103 1104 99
1103 330 99
1104 1051 84
1112 458 89
1116 320 99
1117 561 89
1117 571 103
1119 912 89
1119 1088 99
1124 914 89
1125 1216 98
1126 1259 79
1131 1120 84
1131 1231 89
1133 1303 84
1140 1321 84
1141 1076 99
1141 986 89
1141 860 79
1143 715 94
1145 1034 89
1147 346 84
1149 479 99
1155 1234 84
1155 1251 79
1156 1054 99
1158 1159 89
1164 1093 84
1165 1227 89
1166 1237 89
1169 589 93
1172 1222 89
1174 542 94
1176 463 84
1177 366 93
1179 1124 89
1192 986 89
1197 1226 89
1198 796 94
1199 1204 84
1199 1211 79
1199 710 84
1201 1012 89
1202 925 94
1204 1186 79
1205 634 94
1210 730 84
1210 676 89
1212 806 89
1214 1083 83
1216 425 84
1219 1248 94
1226 688 89
1226 510 83
1230 1119 89
1230 935 99
1231 1063 84
1231 575 89
1234 915 94
1235 604 79
1237 491 93
1237 374 83
1239 1308 99
1245 1262 89
1248 706 79
1248 1301 93
1249 938 89
1251 1262 84
1253 1193 79
1253 980 89
1254 1012 89
1257 1230 89
1258 949 89
1261 330 83
1262 1037 89
1266 849 94
1273 918 99
1276 1209 94
1277 616 79
1285 845 89
1288 1104 79
1289 1254 99
1292 722 94
1295 738 84
1295 871 84
1296 865 89
1297 582 94
1297 375 89
1300 959 79
1301 443 84
1301 878 84
1303 788 99
1307 1120 89
1307 474 84
1307 717 98
1313 1216 89
1314 897 93
1316 1339 89
1319 813 83
1322 1181 89
1323 780 99
1324 448 93
1325 1040 83
1327 540 79
1333 825 99
1336 1076 93
1339 474 89
1340 1031 79
1341 796 84
1343 582 84
328 894 95
329 707 80
335 1153 80
337 593 85
337 1079 88
338 323 80
340 1234 95
342 1212 90
343 830 103
344 1323 80
350 1026 85
350 850 95
354 323 88
356 936 85
358 1216 85
362 481 80
364 1064 93
365 1019 85
368 677 79
373 736 79
374 799 89
376 1224 80
376 575 85
380 1120 80
382 1342 88
388 891 90
391 707 90
393 488 90
408 661 104
410 1099 90
439 955 100
453 527 100
461 567 104
465 445 95
474 920 90
476 1065 100
477 816 104
494 1213 100
502 624 100
504 936 90
504 1277 104
523 437 85
537 1297 90
537 1211 90
569 736 100
573 505 90
581 1172 90
581 1116 90
585 1156 104
587 595 100
595 701 80
595 1157 90
602 904 104
602 443 85
616 547 100
617 1091 100
624 618 104
628 830 100
638 773 100
640 1314 90
643 484 90
643 1277 100
645 470 85
647 344 83
650 628 100
652 362 75
652 1228 83
652 604 83
652 1306 93
656 487 100
663 842 75
664 977 94
664 1091 99
664 1197 85
665 888 89
665 863 109
667 1040 84
668 831 90
669 977 89
670 513 84
671 1261 84
675 502 75
684 947 83
684 477 100
691 1267 83
694 1303 100
697 1117 75
700 642 100
703 787 90
704 714 90
704 599 90
706 855 100
714 429 94
715 697 100
720 1097 90
727 771 90
728 1193 94
731 841 90
756 421 90
757 1179 100
759 941 94
762 1208 100
763 441 100
766 667 90
773 1309 104
774 499 90
778 579 100
783 1128 100
783 525 94
788 995 90
789 489 90
791 1088 90
792 850 104
797 444 85
812 792 90
816 1007 90
817 1302 104
822 1327 90
825 1193 90
835 1176 90
837 549 104
844 1327 100
845 426 75
853 1228 90
860 429 95
868 842 90
869 414 85
879 439 85
885 430 85
887 454 100
895 615 100
902 513 100
904 1103 94
929 429 95
939 706 90
941 653 100
941 844 94
942 509 100
946 437 75
950 1199 100
957 400 89
957 863 100
960 473 90
961 607 90
977 429 75
978 400 90
982 868 100
985 588 90
986 393 85
988 421 90
993 1327 90
994 638 100
999 1192 94
1009 414 100
1016 494 100
1029 947 100
1034 1156 94
1053 1009 100
1058 1037 100
1065 943 100
1068 595 104
1070 1131 90
1076 641 90
1078 505 100
1079 1310 104
1080 883 100
1083 433 100
1088 1124 100
1088 477 94
1089 1067 90
1091 398 90
1098 912 100
1101 536 104
1103 589 90
1105 559 100
1112 479 100
1115 489 104
1115 1158 90
1116 409 85
1130 1269 100
1135 1157 94
1135 959 100
1144 915 90
1149 519 100
1163 1017 94
1173 1067 100
1173 934 90
1177 470 90
1185 1135 104
1188 1131 100
1198 1081 90
1199 596 100
1201 1092 104
1202 831 90
1203 586 90
1215 1255 90
1231 486 94
1245 955 90
1249 397 85
1253 1230 100
1258 957 94
1261 738 100
1262 412 85
1273 1321 100
1285 1015 104
1295 674 100
1302 842 90
1303 939 100
1306 444 85
1306 1147 90
1310 403 85
1314 707 90
1328 923 104
1340 1090 100
328 55 83
328 21 73
332 63 73
333 4 83
337 6 73
344 12 83
358 61 73
365 9 73
365 23 73
366 52 83
385 39 87
387 3 83
388 61 88
391 20 73
397 53 87
398 61 83
404 51 78
404 63 73
406 60 78
409 25 73
409 60 93
409 13 83
410 23 83
412 49 93
414 54 73
415 51 77
416 55 103
418 60 83
420 62 83
422 12 83
423 44 93
425 43 73
425 61 88
426 15 77
430 44 83
433 17 93
436 48 78
439 57 88
439 59 92
440 11 83
440 47 73
442 46 78
444 27 78
444 46 88
445 13 73
446 58 77
448 46 83
449 55 83
451 34 78
452 40 78
452 8 78
454 10 83
454 4 87
455 3 77
460 38 77
462 58 83
462 59 78
463 10 83
463 38 87
467 46 88
470 0 88
473 31 78
473 7 83
473 63 73
475 27 83
476 40 78
476 35 87
477 50 93
477 7 83
481 49 78
483 44 78
484 52 78
484 20 73
484 15 77
485 0 78
486 54 93
487 23 83
489 5 77
490 54 77
491 51 88
491 38 83
492 9 83
493 7 73
493 51 83
493 55 78
495 39 88
499 46 82
502 1 93
504 10 83
504 23 78
504 61 83
507 8 83
507 49 73
507 27 83
508 16 77
510 52 73
510 47 77
515 6 83
519 48 83
521 18 93
521 43 88
524 58 83
525 24 88
525 20 83
527 27 78
529 3 83
529 55 73
531 36 83
535 23 83
535 14 77
535 31 83
536 43 83
536 51 78
539 2 88
542 42 87
546 36 88
546 46 73
547 41 83
549 11 78
551 39 78
551 37 73
552 37 83
552 55 83
555 35 73
556 33 93
556 35 83
556 41 87
556 19 83
559 44 88
559 53 93
559 25 88
561 56 93
561 6 83
563 21 77
565 56 83
570 53 88
577 51 83
581 18 73
582 32 78
582 14 73
587 15 87
588 31 78
595 9 93
596 24 88
599 36 78
599 23 73
602 33 93
603 21 83
605 34 83
605 37 77
605 54 88
607 50 73
607 3 77
609 41 88
610 20 93
610 45 93
612 57 78
613 38 83
614 20 77
614 42 83
614 29 83
614 47 83
617 36 93
618 43 88
618 6 73
623 40 88
625 9 77
626 3 93
626 29 88
628 43 73
628 30 83
628 31 83
630 0 73
631 51 77
632 32 78
632 14 78
633 6 83
636 61 77
637 12 78
637 31 83
641 32 78
641 44 93
642 18 78
643 53 93
643 26 78
643 28 93
647 9 83
649 48 83
649 35 83
649 39 83
652 62 93
654 34 88
654 4 78
654 10 78
658 6 83
661 12 78
661 61 93
661 22 78
663 8 93
663 1 83
672 36 83
676 0 93
676 5 78
683 50 93
684 22 88
688 2 88
688 6 83
693 31 78
694 19 88
698 18 78
701 29 93
703 41 88
703 5 88
703 63 83
704 22 82
704 23 73
706 57 77
707 25 78
707 34 73
709 49 78
711 31 88
712 35 78
712 44 83
714 13 78
715 58 78
715 61 83
715 1 87
720 4 93
725 35 83
726 57 73
728 49 77
728 63 88
731 0 93
731 35 88
731 53 92
732 57 88
737 4 83
738 4 83
738 18 77
738 52 73
745 44 88
745 55 83
750 62 78
751 28 73
751 30 77
752 56 88
752 25 88
752 53 93
753 25 83
753 7 73
755 1 77
755 30 83
757 23 73
757 47 77
757 22 77
757 15 87
759 24 78
759 62 78
761 0 87
761 46 88
761 23 93
764 8 88
765 16 97
766 0 73
766 37 77
766 22 77
768 29 77
771 56 93
771 8 83
771 43 93
771 31 97
772 42 83
772 54 88
773 8 78
773 51 73
774 16 88
774 29 83
775 16 78
777 32 83
777 24 83
778 57 78
780 46 73
785 22 93
789 55 88
790 48 78
790 2 83
790 21 93
791 1 93
792 57 83
792 35 82
793 52 97
794 38 93
796 1 83
799 57 78
799 50 88
800 12 93
802 33 87
802 51 78
802 36 73
807 50 83
807 22 83
808 34 73
808 32 77
809 51 83
816 40 93
816 30 93
819 61 82
819 30 83
821 56 77
822 53 78
824 16 78
825 36 83
829 24 87
830 17 78
831 60 78
831 38 78
833 23 73
834 9 78
834 4 77
835 54 83
837 35 78
842 21 78
844 30 78
846 34 93
846 3 78
846 22 93
848 6 73
849 8 73
860 43 93
861 58 83
861 60 78
862 14 83
862 63 78
865 51 88
866 8 78
868 26 83
868 52 73
869 11 88
870 56 78
870 43 73
872 54 83
873 41 93
876 8 77
878 10 83
878 34 73
880 32 78
885 52 93
885 29 77
885 39 83
888 46 78
891 57 77
891 11 78
893 17 78
893 34 73
895 1 77
895 3 78
896 13 83
897 12 83
901 61 83
901 45 83
902 41 87
903 14 83
904 1 77
904 9 83
911 38 93
911 39 87
912 56 93
912 55 73
915 39 77
916 45 87
918 49 83
918 53 78
918 14 83
920 56 88
920 50 78
923 48 73
926 24 78
928 24 88
930 42 77
930 47 83
934 35 103
938 31 83
941 20 83
945 39 88
945 54 93
946 41 73
949 56 87
949 58 83
950 46 88
951 33 78
951 51 78
951 35 73
952 9 73
955 25 77
955 13 88
956 33 73
956 62 87
958 56 83
959 20 78
960 52 88
961 2 78
962 24 77
962 32 82
963 37 93
965 44 83
966 44 87
967 43 78
969 56 73
969 32 87
969 13 88
971 46 77
973 35 83
973 62 78
973 60 83
978 14 97
979 49 93
980 30 93
983 41 83
985 45 78
986 49 77
986 45 83
990 53 97
991 2 93
991 13 83
991 21 77
993 41 88
994 18 78
995 14 88
996 13 83
997 40 88
997 50 93
999 17 73
999 62 88
1001 12 88
1005 54 92
1006 16 88
1008 23 93
1009 21 87
1010 34 97
1011 43 83
1011 47 77
1012 30 93
1017 19 87
1017 55 93
1020 36 78
1021 0 87
1023 23 77
1027 56 93
1027 58 93
1032 17 73
1033 25 77
1034 54 88
1037 48 78
1037 41 88
1037 39 82
1041 22 78
1042 28 73
1044 45 88
1045 54 78
1047 10 83
1047 59 83
1054 4 77
1055 27 78
1060 13 73
1061 45 83
1062 52 88
1064 41 73
1064 22 87
1067 15 87
1068 62 93
1069 3 78
1070 16 88
1076 56 83
1076 35 77
1076 30 88
1080 46 78
1081 8 88
1081 22 88
1081 46 83
1082 12 83
1082 20 83
1085 54 77
1086 5 88
1088 37 103
1089 0 73
1089 55 83
1090 54 83
1091 40 83
1091 23 73
1092 45 78
1092 30 83
1101 8 93
1101 46 73
1101 30 78
1102 26 78
1102 44 78
1103 36 83
1104 25 83
1104 44 88
1105 33 83
1107 57 83
1110 23 83
1116 9 83
1116 14 83
1117 45 83
1117 54 83
1120 10 77
1124 50 88
1124 36 73
1128 42 83
1128 26 83
1128 37 83
1128 63 87
1130 58 83
1130 6 73
1131 25 93
1133 60 88
1139 25 88
1139 18 78
1139 30 78
1141 55 83
1144 44 88
1145 11 78
1147 14 78
1157 24 73
1157 59 88
1157 22 83
1159 30 88
1160 60 83
1160 37 77
1163 1 78
1163 46 78
1165 25 78
1168 38 83
1169 42 87
1170 53 93
1170 61 78
1171 40 83
1171 7 82
1172 59 88
1173 40 93
1173 49 83
1174 19 78
1174 4 87
1180 1 78
1181 40 88
1183 1 83
1184 22 78
1185 15 73
1187 55 88
1188 52 93
1190 41 93
1191 43 83
1191 29 93
1193 40 87
1193 58 73
1193 10 77
1200 23 88
1202 49 87
1202 57 83
1202 63 88
1203 27 93
1204 61 73
1205 52 88
1210 22 73
1216 29 87
1216 21 78
1217 55 78
1220 16 73
1221 17 78
1221 9 88
1222 2 83
1226 34 73
1227 32 88
1231 46 93
1231 14 73
1231 23 83
1234 63 78
1235 50 83
1242 19 83
1242 1 88
1242 5 77
1245 5 88
1249 52 93
1250 51 88
1251 20 83
1256 28 78
1257 42 73
1259 63 78
1262 3 93
1263 28 83
1264 15 83
1266 10 83
1268 53 83
1269 7 83
1270 20 88
1270 55 77
1272 2 87
1272 60 73
1274 27 88
1276 63 97
1281 47 83
1285 8 77
1285 49 83
1286 48 88
1286 47 83
1286 63 97
1287 6 93
1288 22 88
1289 12 83
1289 38 87
1292 32 83
1292 15 73
1293 33 78
1293 61 83
1295 21 78
1297 16 87
1297 46 87
1299 14 88
1300 35 88
1300 62 73
1302 46 78
1304 56 88
1304 51 93
1310 47 78
1333 56 83
1334 26 87
1336 34 83
1339 2 88
1340 59 88
1342 30 78
323 427 76
324 1034 86
325 413 98
328 863 86
333 686 96
342 996 86
354 670 86
355 1124 96
355 527 86
362 995 86
362 783 94
364 889 94
368 1253 80
372 1102 76
375 422 85
383 846 94
432 323 86
452 649 86
461 330 100
567 321 96
621 677 76
637 662 86
664 859 96
665 1060 83
667 998 81
672 335 86
683 337 96
870 347 86
883 344 86
894 643 80
901 369 96
908 343 100
1089 379 86
1262 377 96
1269 336 90
324 2 69
325 31 79
329 6 79
335 0 74
336 9 74
336 52 74
336 4 89
337 1 92
338 60 87
338 61 89
339 6 79
339 22 79
339 27 87
341 59 84
343 52 79
343 55 79
344 35 92
344 53 79
347 51 92
348 56 84
350 19 74
350 37 89
350 14 89
353 0 97
354 10 84
358 24 79
361 30 89
365 14 92
365 21 89
366 43 89
375 61 73
377 1 97
378 23 74
380 7 79
381 7 79
381 23 84
383 42 82
383 18 74
383 61 79
391 21 84
401 27 84
410 37 84
412 48 84
420 2 98
427 16 88
430 58 84
432 39 84
440 16 84
445 44 84
448 8 94
450 19 88
451 3 84
455 8 84
477 48 88
492 6 84
505 28 94
505 5 98
506 4 84
509 32 94
510 54 94
518 18 88
519 37 84
523 9 84
527 58 84
527 13 88
539 0 84
539 48 84
542 5 94
556 53 88
559 37 84
562 54 94
571 46 84
580 4 88
581 50 94
583 54 84
583 15 84
585 60 84
587 62 84
595 30 84
596 33 98
600 34 94
603 40 84
606 53 98
609 54 94
609 14 84
610 30 84
612 32 94
612 3 98
623 48 98
630 28 84
640 38 94
644 8 84
645 24 84
648 45 77
657 35 87
667 62 89
667 6 83
669 46 89
670 23 93
675 17 94
681 46 84
681 62 94
684 20 84
688 13 94
694 18 84
694 14 94
696 32 84
697 48 84
697 47 84
704 3 94
707 53 94
728 14 98
729 2 98
730 35 84
751 34 84
758 63 94
776 0 84
776 29 84
777 15 88
788 6 94
799 0 84
808 24 84
817 42 94
828 37 88
833 39 94
842 52 84
842 23 84
843 56 98
843 58 98
848 63 84
857 31 84
859 48 94
861 7 84
868 18 94
871 2 84
878 58 88
880 51 84
887 29 84
915 27 98
918 8 84
934 62 84
935 52 94
944 49 88
946 12 84
952 39 84
957 57 88
958 25 94
959 10 94
961 54 98
962 31 84
973 33 84
973 36 94
980 44 94
980 9 84
982 40 88
985 51 94
1000 20 94
1002 6 94
1010 54 84
1016 16 98
1023 20 98
1026 32 94
1027 5 84
1029 11 94
1033 45 94
1034 28 84
1043 8 84
1046 2 98
1058 20 88
1066 20 84
1066 63 94
1067 7 84
1082 39 98
1097 30 94
1100 24 84
1100 42 84
1113 18 88
1113 34 84
1118 59 94
1124 31 84
1126 52 84
1127 34 98
1129 30 94
1139 10 94
1149 1 88
1156 22 84
1159 28 94
1174 63 98
1176 15 84
1179 42 84
1180 10 84
1183 58 88
1185 25 84
1200 63 94
1201 10 94
1205 48 94
1207 21 84
1219 15 84
1220 58 98
1224 48 84
1228 42 88
1231 13 84
1239 51 84
1242 27 84
1245 11 98
1261 26 84
1265 11 94
1265 20 88
1265 30 84
1266 51 84
1269 60 88
1275 38 84
1285 44 94
1292 13 94
1295 26 84
1296 40 88
1304 35 84
1308 7 98
1325 3 94
1330 8 94
1341 3 84
327 1308 92
354 374 92
387 354 96
485 366 82
320 56 70
321 56 75
321 17 92
337 8 88
339 32 90
341 40 90
344 50 80
345 28 90
348 57 98
353 41 88
355 40 90
369 17 89
370 12 85
372 62 79
374 42 84
375 23 97
376 23 80
665 26 87
667 58 80
668 8 84
670 7 84
671 28 77
671 39 84
375 321 90
321 44 86
323 17 80
324 8 98
374 49 86
374 18 80
