397 1146 127
406 1321 185
416 1119 135
421 640 162
445 535 145
449 1083 160
457 1256 142
460 463 160
461 1211 160
463 891 162
463 453 145
471 1287 160
474 1141 202
479 1189 175
505 1206 170
507 383 167
522 562 145
525 1139 175
551 1219 147
551 581 135
555 538 145
557 526 187
562 783 175
571 652 145
575 762 127
582 676 170
596 474 135
599 800 137
613 606 135
618 1240 135
618 706 172
626 771 135
628 876 180
633 1157 162
641 860 150
642 1323 150
643 1091 127
647 347 160
652 337 145
658 722 137
661 481 145
672 1309 145
673 763 142
673 1342 165
677 802 170
683 516 152
692 1040 155
707 790 175
710 1321 137
712 986 170
717 380 160
738 896 147
740 797 145
746 1172 175
761 1064 137
762 657 175
765 780 170
770 1304 137
796 1253 145
807 324 145
808 704 162
824 1037 180
826 466 145
826 1157 167
845 1177 145
845 1062 135
855 501 142
857 1200 175
857 506 170
860 872 127
866 1089 155
877 1213 135
879 1094 137
881 645 135
896 576 135
897 991 127
907 994 145
916 462 155
917 767 127
934 1118 155
936 571 135
947 912 142
950 588 160
989 1010 195
991 668 137
996 507 175
1006 1171 165
1007 487 197
1012 883 160
1013 1055 160
1019 479 162
1027 794 175
1028 1297 145
1029 961 162
1032 794 170
1034 566 145
1037 1290 137
1040 1341 135
1040 855 145
1042 485 137
1052 848 175
1068 327 185
1090 806 152
1100 494 150
1110 1141 150
1118 863 127
1119 1131 135
1119 951 210
1127 1208 167
1129 707 135
1131 969 135
1138 377 137
1140 764 170
1144 1119 145
1145 930 162
1157 370 155
1157 638 170
1177 971 147
1179 1061 145
1180 569 160
1189 1273 137
1198 1319 170
1199 664 155
1210 860 137
1212 792 145
1214 1152 160
1214 488 162
1215 721 160
1216 1126 145
1220 1201 127
1234 1188 170
1248 873 155
1254 562 142
1254 581 160
1255 916 185
1256 955 137
1257 1268 170
1266 1128 145
1270 448 127
1275 791 155
1285 1272 155
1287 794 177
1288 486 170
1295 818 170
1301 1261 137
1301 662 135
1303 509 145
340 623 178
354 494 141
361 323 196
361 1206 148
379 1168 176
670 445 131
691 408 173
884 393 156
887 414 146
1065 393 168
1176 408 171
413 26 154
416 39 136
418 41 159
426 0 174
439 46 131
444 9 139
450 20 164
453 35 141
457 51 139
464 29 149
466 13 166
473 6 149
475 25 154
476 20 141
476 55 129
479 1 129
487 14 146
488 19 169
491 44 154
492 60 156
493 26 144
494 7 129
501 29 141
508 63 144
511 8 164
516 62 181
517 55 154
519 62 139
519 5 171
529 56 174
529 25 164
531 43 131
531 20 174
549 41 139
551 61 171
559 48 149
564 51 174
569 1 121
575 48 164
579 18 179
581 0 181
581 1 174
581 11 139
593 28 146
601 52 154
610 2 179
613 49 156
615 53 139
616 36 154
617 61 156
625 56 189
626 52 139
628 14 121
631 5 169
640 62 164
644 27 136
647 40 164
649 8 139
653 26 171
656 24 149
660 1 139
662 44 171
663 19 149
672 47 129
673 63 131
674 41 149
677 43 149
682 60 141
684 21 164
725 61 139
726 10 146
727 34 159
729 6 129
731 17 141
734 14 139
741 26 164
755 53 176
759 28 154
763 0 144
765 2 151
766 33 164
770 63 129
782 55 131
790 47 139
794 62 164
802 12 156
807 16 179
814 34 154
814 54 121
823 20 149
835 36 164
835 20 131
839 56 139
839 17 179
841 5 156
855 63 164
859 8 129
865 39 156
870 30 129
871 32 144
879 2 181
887 27 144
894 33 174
903 57 136
904 33 149
906 54 139
907 61 146
913 36 149
913 38 174
915 40 171
923 54 154
926 31 154
928 37 146
929 44 139
938 16 164
941 17 131
945 25 179
945 47 139
949 13 131
950 9 164
956 61 129
962 17 146
964 40 154
965 43 179
967 37 136
977 30 174
980 57 139
993 5 156
998 26 139
999 44 169
1001 29 171
1004 16 149
1009 34 149
1009 53 136
1010 58 179
1013 51 139
1013 30 171
1016 26 129
1020 14 159
1027 12 146
1030 1 164
1040 3 139
1045 25 146
1047 56 154
1051 5 144
1053 8 131
1055 26 139
1058 31 179
1058 46 156
1060 14 154
1065 33 154
1066 32 131
1066 10 154
1068 38 139
1071 63 181
1076 14 144
1086 45 139
1092 16 146
1103 9 154
1116 12 144
1119 55 171
1121 9 149
1122 44 144
1125 57 121
1125 59 144
1126 16 129
1127 9 146
1130 57 159
1133 33 139
1133 39 131
1135 17 144
1135 60 164
1136 56 181
1141 11 154
1149 31 144
1153 52 131
1183 45 129
1184 36 154
1184 30 161
1185 10 139
1185 37 164
1186 39 156
1188 0 174
1192 60 144
1197 45 136
1198 4 179
1212 30 179
1216 4 141
1219 19 194
1221 33 154
1226 50 146
1226 4 169
1231 50 164
1234 32 131
1237 46 139
1238 40 159
1246 13 156
1248 54 139
1248 57 149
1251 61 171
1253 38 164
1255 8 164
1258 39 141
1266 12 149
1269 24 179
1274 60 191
1276 8 154
1279 6 139
1295 44 156
1298 60 154
1302 54 154
1303 27 146
1304 62 129
1306 36 129
1319 6 141
1320 31 164
1322 33 149
1333 10 171
320 934 152
321 891 137
321 729 144
327 1120 137
341 409 152
368 1038 144
369 966 151
370 788 181
370 1327 129
397 1012 109
401 1321 89
408 1103 89
412 738 89
413 723 124
413 1003 99
428 358 99
429 708 99
446 1323 124
446 487 89
450 1242 89
451 977 89
457 549 89
461 513 89
462 576 89
462 861 89
462 542 89
465 525 124
479 1139 99
483 1308 114
483 365 89
484 1020 124
494 1290 109
495 856 114
517 365 109
517 879 109
522 532 99
552 605 89
554 455 109
556 776 124
556 878 99
559 1310 99
564 860 114
577 930 89
581 1295 99
588 930 89
588 1101 109
606 663 134
614 1060 99
619 1222 89
629 1246 99
631 868 89
634 774 99
636 1253 99
651 456 99
652 570 99
657 321 99
660 321 109
663 1164 99
664 1091 99
664 1197 99
665 888 89
665 863 99
669 977 109
672 1308 89
674 336 89
676 607 114
682 609 99
732 950 119
738 836 119
748 817 114
748 1103 134
750 540 99
755 778 109
755 621 89
762 1300 109
762 1328 124
763 960 144
765 599 134
772 1313 89
774 904 89
775 712 99
778 892 99
783 1160 99
787 997 109
809 325 89
812 662 89
817 1308 89
817 383 89
825 1244 124
826 1089 119
835 506 99
836 1273 109
843 366 119
850 1019 99
857 1213 124
861 454 119
873 912 109
877 450 99
888 1131 109
908 728 99
913 1267 99
914 1183 99
917 797 99
925 608 99
926 1192 109
928 1063 99
929 923 99
930 649 144
939 985 89
941 960 89
943 673 99
947 839 89
966 488 89
967 647 134
970 1290 109
981 516 99
1016 740 89
1019 871 119
1034 827 89
1043 893 134
1052 731 114
1054 945 99
1058 734 109
1063 675 114
1066 704 89
1071 555 134
1075 986 89
1075 588 109
1081 829 99
1085 1013 89
1097 460 89
1103 1104 89
1103 330 89
1112 458 109
1116 320 99
1117 561 99
1117 571 114
1119 912 89
1119 1088 89
1124 914 89
1131 1231 134
1141 1076 99
1141 986 114
1149 479 89
1156 1054 114
1158 1159 99
1165 1227 89
1166 1237 124
1169 589 89
1172 1222 124
1177 366 89
1179 1124 99
1197 1226 109
1201 1012 89
1210 676 124
1230 1119 99
1230 935 109
1239 1308 134
1240 388 137
1245 1262 99
1249 938 119
1253 980 99
1254 1012 89
1258 949 99
1262 1037 89
1273 918 99
1285 845 124
1289 1254 109
1297 375 99
1303 788 119
1307 1120 99
1316 1339 99
1323 780 99
1333 825 109
1339 474 89
329 58 160
333 49 127
335 60 150
339 4 145
348 60 132
366 62 150
380 27 140
381 48 152
328 894 95
337 593 95
340 1234 85
343 830 85
350 1026 105
350 850 95
356 936 95
358 1216 95
364 1064 95
365 1019 110
372 441 137
376 575 85
385 707 90
388 728 80
398 490 80
398 1013 104
403 1306 85
414 442 95
415 572 79
418 539 105
420 736 95
420 1083 75
420 1101 110
421 1062 90
423 1016 89
425 848 95
426 616 110
430 876 114
438 609 95
438 1239 80
443 928 94
446 906 75
447 904 114
451 636 104
451 1085 90
452 649 95
463 496 119
465 445 95
470 606 95
470 526 85
475 1276 79
477 501 90
479 491 75
486 830 89
490 1015 95
491 415 80
492 619 75
495 948 110
499 1129 99
505 830 79
510 1019 105
513 1040 89
517 894 89
518 798 75
520 712 95
525 1111 89
527 547 120
527 1157 85
528 1258 89
529 542 85
532 813 105
537 938 89
538 1152 75
542 1176 95
542 746 79
556 1210 105
559 746 75
567 1274 99
567 542 80
571 1028 90
571 1293 84
580 506 75
580 1067 80
582 1039 90
585 1228 85
587 590 95
587 447 100
588 1292 90
595 1307 90
595 701 94
602 443 95
603 860 95
604 1281 95
606 1155 100
608 609 95
609 527 79
610 1102 95
613 944 105
615 1285 90
617 776 80
621 677 90
625 988 85
625 1054 95
630 1092 85
637 376 94
637 662 80
645 481 80
645 470 75
647 344 114
651 933 80
652 362 85
652 1228 109
652 604 75
652 1306 79
657 1129 90
660 845 120
663 842 110
664 977 90
665 1060 85
667 1040 80
667 998 99
668 831 90
670 513 95
671 1261 94
672 704 80
675 502 85
684 947 79
691 1267 85
693 1238 105
697 1117 79
700 1221 80
704 402 130
705 755 84
708 885 85
711 1289 114
712 736 104
720 682 85
720 1197 105
730 633 94
734 1226 80
734 571 105
736 1226 85
740 933 85
745 811 95
746 806 89
750 423 110
751 939 95
752 923 80
755 1297 85
762 704 114
763 1314 89
765 872 105
765 980 105
770 505 75
774 1287 75
775 850 79
776 640 104
778 540 85
778 933 105
782 1144 89
782 467 75
797 444 115
798 881 94
799 916 80
800 1124 85
802 756 79
814 672 79
816 1297 100
819 599 80
824 1083 80
825 1299 85
825 1262 100
828 623 89
834 1276 80
836 1147 95
836 763 90
841 1200 100
849 1122 79
853 818 89
855 1329 100
860 429 85
863 761 90
865 1216 99
866 1221 80
866 606 100
869 362 99
870 1274 90
873 1176 99
873 517 95
876 737 75
876 1081 120
877 552 89
878 1080 105
878 1266 75
879 439 120
879 455 104
885 430 95
894 643 80
897 327 85
897 1023 89
902 443 105
904 1043 95
907 617 90
911 911 110
912 378 75
914 1205 89
916 967 85
925 776 90
925 906 99
929 429 115
938 785 80
942 979 75
944 1043 80
950 524 100
951 901 104
952 757 89
957 1230 85
960 509 99
977 673 89
981 1285 95
982 588 105
985 1330 85
986 623 80
988 934 95
990 763 105
991 583 100
992 1172 89
998 1296 79
999 896 110
1001 787 79
1004 1141 109
1014 1104 95
1028 1146 95
1031 717 75
1032 991 105
1039 566 85
1040 618 99
1043 710 115
1047 356 100
1053 850 105
1054 1009 90
1061 1265 90
1062 843 79
1062 851 75
1062 650 104
1063 660 89
1071 324 90
1075 1081 90
1081 817 105
1083 408 90
1083 697 90
1085 1222 105
1089 865 95
1089 1242 85
1094 345 89
1094 506 80
1101 663 85
1104 1051 95
1116 409 95
1125 1216 105
1126 1259 95
1131 1120 105
1133 1303 90
1140 1321 110
1141 860 85
1143 715 90
1145 1034 85
1155 1234 90
1155 1251 100
1164 1093 105
1174 542 90
1176 463 90
1192 986 85
1198 796 100
1199 1204 90
1199 1211 105
1199 710 90
1202 925 105
1204 1186 100
1205 634 105
1210 730 95
1212 806 75
1214 1083 89
1216 425 95
1219 1248 90
1226 688 110
1226 510 90
1231 1063 95
1231 575 79
1234 915 80
1235 604 85
1237 491 104
1237 374 95
1248 706 99
1248 1301 94
1249 397 85
1251 1262 80
1253 1193 100
1257 1230 99
1261 330 75
1262 412 85
1266 849 100
1276 1209 115
1277 616 85
1288 1104 79
1292 722 95
1295 738 95
1295 871 95
1296 865 75
1297 582 115
1300 959 110
1301 443 95
1301 878 90
1307 474 105
1307 717 109
1310 403 95
1313 1216 100
1314 897 94
1319 813 89
1322 1181 75
1324 448 94
1325 1040 104
1327 540 95
1336 1076 89
1340 1031 89
1341 796 80
1343 582 95
320 51 127
323 38 127
324 46 156
324 15 156
327 60 142
372 44 137
375 18 146
385 39 108
387 3 108
398 61 103
409 60 103
409 13 93
410 23 113
412 49 103
418 60 83
420 62 83
423 44 103
430 44 128
433 17 83
440 11 83
448 46 83
462 58 118
475 27 83
477 50 93
486 54 103
491 38 118
492 9 93
493 51 83
502 1 93
504 10 93
507 8 103
507 27 83
515 6 93
519 48 83
524 58 93
525 20 93
529 3 118
535 23 83
535 31 128
536 43 83
542 42 93
547 41 103
552 37 93
552 55 113
556 33 83
556 35 93
556 19 83
559 53 93
561 56 128
565 56 103
577 51 93
595 9 83
602 33 103
605 34 93
610 20 93
610 45 118
614 42 83
614 29 83
617 36 83
626 3 118
628 30 93
628 31 103
641 44 118
643 53 128
643 28 93
647 9 108
649 48 93
649 35 83
649 39 83
652 62 118
658 6 83
661 61 118
663 8 83
663 1 118
667 62 83
667 6 103
669 46 83
670 23 93
672 36 93
676 0 83
683 50 113
688 6 103
701 29 93
703 63 103
712 44 93
715 61 108
715 1 93
720 4 93
725 35 118
731 0 93
737 4 83
745 55 118
752 53 83
753 25 83
755 30 93
761 0 128
761 23 108
765 16 138
771 56 93
771 8 103
771 43 103
771 31 93
772 42 93
774 29 93
777 24 83
785 22 93
790 2 93
790 21 83
791 1 83
792 57 93
793 52 93
794 38 83
800 12 93
807 50 93
807 22 93
809 51 128
816 40 93
816 30 93
846 34 108
846 22 93
860 43 93
861 58 128
868 26 93
872 54 118
873 41 93
878 10 103
885 52 83
896 13 93
901 61 83
903 14 93
911 38 108
912 56 93
918 49 118
930 47 83
938 31 83
941 20 93
945 54 108
949 56 118
949 58 83
958 56 118
973 35 93
973 60 83
978 14 83
979 49 93
980 30 93
986 45 83
990 53 83
991 2 118
996 13 83
997 50 93
1008 23 83
1010 34 83
1012 30 93
1017 55 103
1021 0 83
1027 56 93
1027 58 83
1047 59 108
1061 45 83
1068 62 93
1082 20 93
1088 37 103
1089 55 93
1090 54 118
1091 40 108
1092 30 93
1101 8 103
1103 36 103
1104 25 93
1105 33 83
1107 57 118
1116 14 93
1117 54 118
1128 42 83
1128 26 93
1131 25 93
1141 55 93
1157 22 83
1168 38 93
1169 42 118
1170 53 103
1171 40 83
1173 40 118
1174 4 118
1183 1 118
1188 52 93
1190 41 83
1191 43 93
1191 29 93
1193 40 93
1202 57 93
1203 27 118
1222 2 103
1231 46 93
1231 23 93
1235 50 103
1249 52 93
1262 3 93
1263 28 93
1266 10 113
1268 53 93
1269 7 128
1276 63 93
1281 47 93
1285 49 93
1286 47 93
1286 63 83
1287 6 93
1292 32 83
1304 51 128
329 707 91
330 673 81
333 649 75
335 473 81
335 1325 90
335 1153 76
337 1079 86
339 1265 71
340 463 86
342 1212 86
343 1104 95
344 1323 76
354 1153 71
354 503 95
354 670 86
361 1028 81
362 481 91
365 1145 96
376 1224 86
376 546 75
380 1120 91
382 793 71
382 1342 96
388 891 101
391 707 90
393 488 115
408 661 86
410 1099 115
439 955 110
453 527 86
461 567 90
474 920 140
476 1065 86
477 816 90
494 1213 90
502 624 111
504 936 105
504 1277 100
506 369 91
507 323 86
518 325 86
523 437 106
537 1297 86
537 1211 125
569 736 115
573 505 106
581 1172 115
581 1116 90
585 1156 96
587 595 100
595 1157 140
602 904 121
616 547 90
617 1091 105
624 618 96
628 830 115
636 373 101
637 347 76
638 773 90
640 1314 90
643 484 106
643 1277 130
650 628 105
656 487 96
664 859 115
684 477 115
694 1303 86
700 642 140
703 787 96
704 714 105
704 599 90
706 855 86
714 429 125
715 697 90
720 1097 90
727 771 86
728 1193 110
731 841 90
756 421 106
757 1179 115
759 941 125
762 1208 121
763 441 125
766 667 100
773 1309 111
774 499 125
778 579 125
783 1128 86
783 525 90
788 995 100
789 489 111
791 1088 136
792 850 100
812 792 90
816 1007 90
817 1302 135
822 1327 86
825 1193 90
835 1176 90
837 549 96
844 1327 90
845 426 71
846 382 86
853 1228 106
868 842 100
869 414 71
887 454 115
895 615 86
902 513 90
904 1103 100
939 706 121
941 653 115
941 844 100
942 509 111
946 437 85
948 383 101
950 1199 115
957 400 81
957 863 100
960 473 110
961 607 100
977 429 85
978 400 121
982 868 100
985 588 110
986 393 96
988 421 96
993 1327 100
994 638 105
999 1192 86
1009 414 105
1016 494 90
1029 947 86
1033 335 76
1034 1156 115
1053 1009 96
1058 1037 100
1065 943 90
1068 595 96
1070 1131 125
1076 641 105
1078 505 101
1079 1310 86
1080 883 90
1083 433 100
1088 1124 90
1088 477 90
1089 1067 96
1091 398 115
1098 912 96
1101 536 100
1103 589 115
1105 559 90
1112 479 96
1115 489 130
1115 1158 115
1130 1269 86
1135 1157 115
1135 959 100
1144 915 111
1147 346 76
1149 519 115
1163 1017 111
1173 1067 100
1173 934 90
1177 470 121
1185 1135 105
1188 1131 115
1198 1081 126
1199 596 100
1201 1092 100
1202 831 86
1203 586 115
1215 1255 90
1231 486 111
1245 955 90
1253 1230 115
1258 957 96
1261 738 90
1273 1321 86
1285 1015 110
1295 674 125
1302 842 100
1303 939 96
1306 444 81
1306 1147 111
1314 707 90
1328 923 115
1340 1090 100
329 6 89
336 4 89
338 60 89
338 61 89
339 6 89
339 22 89
339 27 99
343 52 114
343 55 114
344 53 99
350 37 89
350 14 89
353 0 79
358 24 99
361 30 89
365 21 124
366 43 99
377 1 99
380 7 99
381 7 124
383 61 79
388 61 74
391 20 88
397 53 89
404 51 84
404 63 98
406 60 94
409 25 79
414 54 108
415 51 69
416 55 74
422 12 98
425 43 79
425 61 74
426 15 73
436 48 99
439 57 74
439 59 93
440 47 89
442 46 84
444 27 74
444 46 89
445 13 89
446 58 89
449 55 98
451 34 99
452 40 84
452 8 84
454 10 79
454 4 88
455 3 79
460 38 88
462 59 84
463 10 89
463 38 98
467 46 94
470 0 74
473 31 74
473 7 89
473 63 69
476 40 89
476 35 83
477 7 69
481 49 74
483 44 84
484 52 94
484 20 69
484 15 83
485 0 89
487 23 79
489 5 93
490 54 104
491 51 94
493 7 73
493 55 84
495 39 89
499 46 93
504 23 84
504 61 79
507 49 103
508 16 79
510 52 103
510 47 83
521 18 79
521 43 84
525 24 74
527 27 84
529 55 69
531 36 79
535 14 98
536 51 74
539 2 99
546 36 84
546 46 79
549 11 99
551 39 74
551 37 69
555 35 79
556 41 88
559 44 84
559 25 108
561 6 79
563 21 83
570 53 99
581 18 84
582 32 74
582 14 83
587 15 69
588 31 74
596 24 84
599 36 89
599 23 89
603 21 83
605 37 89
605 54 114
607 50 98
607 3 89
609 41 84
612 57 114
613 38 99
614 20 83
614 47 73
618 43 84
618 6 79
623 40 74
625 9 94
626 29 84
628 43 88
630 0 94
631 51 83
632 32 84
632 14 99
633 6 79
636 61 73
637 12 89
637 31 89
641 32 74
642 18 99
643 26 84
648 45 94
654 34 99
654 4 94
654 10 103
657 35 69
661 12 74
661 22 84
665 26 69
671 28 108
676 5 89
684 22 84
688 2 74
693 31 88
694 19 99
698 18 89
703 41 78
703 5 84
704 22 74
704 23 79
706 57 79
707 25 74
707 34 83
709 49 74
711 31 104
712 35 103
714 13 109
715 58 89
726 57 69
728 49 69
728 63 74
731 35 74
731 53 74
732 57 74
738 4 89
738 18 79
738 52 93
745 44 94
750 62 84
751 28 69
751 30 98
752 56 89
752 25 99
753 7 69
755 1 79
757 23 73
757 47 69
757 22 69
757 15 73
759 24 94
759 62 109
761 46 84
764 8 74
766 0 84
766 37 73
766 22 73
768 29 79
772 54 74
773 8 74
773 51 84
774 16 74
775 16 74
777 32 84
778 57 74
780 46 108
789 55 89
790 48 74
792 35 88
796 1 69
799 57 74
799 50 84
802 33 69
802 51 74
802 36 73
808 34 79
808 32 83
819 61 99
819 30 69
821 56 73
822 53 74
824 16 84
825 36 79
829 24 73
830 17 74
831 60 104
831 38 78
833 23 104
834 9 89
834 4 93
835 54 79
837 35 84
842 21 99
844 30 74
846 3 89
848 6 89
849 8 94
861 60 99
862 14 88
862 63 74
865 51 104
866 8 98
868 52 69
869 11 94
870 56 89
870 43 89
876 8 73
878 34 73
880 32 74
885 29 79
885 39 83
888 46 89
891 57 89
891 11 84
893 17 99
893 34 114
895 1 83
895 3 89
897 12 79
901 45 73
902 41 69
904 1 73
904 9 69
911 39 88
912 55 83
915 39 83
916 45 88
918 53 74
918 14 89
920 56 84
920 50 84
923 48 79
926 24 89
928 24 74
930 42 84
934 35 74
945 39 89
946 41 84
950 46 99
951 33 114
951 51 88
951 35 89
952 9 93
955 25 73
955 13 94
956 33 79
956 62 83
959 20 84
960 52 84
961 2 74
962 24 69
962 32 109
963 37 94
965 44 69
966 44 89
967 43 99
969 56 79
969 32 93
969 13 99
971 46 79
973 62 84
983 41 73
985 45 99
986 49 69
991 13 84
991 21 73
993 41 89
994 18 89
995 14 114
997 40 74
999 17 69
999 62 89
1001 12 84
1005 54 78
1006 16 74
1009 21 94
1011 43 69
1011 47 103
1017 19 73
1020 36 74
1023 23 89
1032 17 73
1033 25 88
1034 54 89
1037 48 99
1037 41 78
1037 39 109
1041 22 94
1042 28 89
1044 45 74
1045 54 99
1047 10 79
1054 4 69
1055 27 89
1060 13 73
1062 52 74
1064 41 94
1064 22 98
1067 15 94
1069 3 74
1070 16 74
1076 56 79
1076 35 73
1076 30 89
1080 46 84
1081 8 99
1081 22 84
1081 46 79
1082 12 79
1085 54 83
1086 5 84
1089 0 89
1091 23 69
1092 45 109
1101 46 98
1101 30 74
1102 26 99
1102 44 89
1104 44 84
1110 23 69
1116 9 94
1117 45 83
1120 10 79
1124 50 99
1124 36 79
1128 37 83
1128 63 69
1130 58 88
1130 6 89
1133 60 99
1139 25 84
1139 18 84
1139 30 84
1144 44 74
1145 11 84
1147 14 84
1157 24 69
1157 59 84
1159 30 99
1160 60 79
1160 37 94
1163 1 74
1163 46 84
1165 25 94
1170 61 103
1171 7 89
1172 59 89
1173 49 89
1174 19 84
1180 1 84
1181 40 89
1184 22 88
1185 15 79
1187 55 74
1193 58 79
1193 10 89
1200 23 89
1202 49 73
1202 63 74
1204 61 83
1205 52 89
1210 22 79
1216 29 73
1216 21 89
1217 55 84
1220 16 88
1221 17 109
1221 9 89
1226 34 79
1227 32 114
1231 14 69
1234 63 99
1242 19 69
1242 1 99
1242 5 84
1245 5 99
1250 51 84
1251 20 79
1256 28 84
1257 42 69
1259 63 99
1264 15 69
1270 20 114
1270 55 83
1272 2 73
1272 60 98
1274 27 93
1285 8 69
1286 48 84
1288 22 89
1289 12 69
1289 38 89
1292 15 83
1293 33 84
1293 61 79
1295 21 89
1297 16 93
1297 46 98
1299 14 109
1300 35 109
1300 62 79
1302 46 89
1304 56 84
1310 47 89
1333 56 114
1334 26 79
1336 34 79
1339 2 89
1340 59 84
1342 30 84
323 427 86
324 1034 82
325 413 97
328 863 86
333 686 92
338 323 72
342 996 111
354 323 82
355 1124 117
355 527 96
362 995 107
362 783 82
364 889 131
368 677 96
368 1253 102
372 1102 101
373 736 91
374 799 77
383 846 131
387 354 92
432 323 102
461 330 111
485 366 111
567 321 86
672 335 96
683 337 96
901 369 92
908 343 111
1089 379 117
1262 377 121
1269 336 111
321 56 100
328 55 75
328 21 89
332 63 69
333 4 80
335 0 80
336 9 95
336 52 100
337 1 95
337 6 69
341 59 89
344 35 95
344 12 65
347 51 90
348 56 70
350 19 95
354 10 85
358 61 90
365 9 75
365 14 80
365 23 89
366 52 65
369 17 79
370 12 95
372 62 79
375 23 75
378 23 70
381 23 85
383 42 80
383 18 70
391 21 124
401 27 80
410 37 84
412 48 109
420 2 80
427 16 94
430 58 94
432 39 115
440 16 84
445 44 80
448 8 80
450 19 104
451 3 84
455 8 84
477 48 94
492 6 90
505 28 119
505 5 119
506 4 95
509 32 94
510 54 84
518 18 84
519 37 84
523 9 104
527 58 130
527 13 90
539 0 109
539 48 119
542 5 105
556 53 109
559 37 99
562 54 109
571 46 134
580 4 84
581 50 90
583 54 94
583 15 95
585 60 124
587 62 84
595 30 109
596 33 80
600 34 94
603 40 119
606 53 90
609 54 104
609 14 109
610 30 130
612 32 94
612 3 109
623 48 95
630 28 104
640 38 95
644 8 100
645 24 84
667 58 99
668 8 80
670 7 124
671 39 109
675 17 90
681 46 94
681 62 84
684 20 80
688 13 119
694 18 104
694 14 134
696 32 84
697 48 90
697 47 105
704 3 94
707 53 94
728 14 84
729 2 124
730 35 104
751 34 80
758 63 94
776 0 80
776 29 115
777 15 84
788 6 94
799 0 84
808 24 144
817 42 84
828 37 130
833 39 94
842 52 109
842 23 94
843 56 124
843 58 99
848 63 80
857 31 134
859 48 94
861 7 90
868 18 84
871 2 84
878 58 95
880 51 84
887 29 105
915 27 80
918 8 134
934 62 94
935 52 90
944 49 84
946 12 94
952 39 129
957 57 94
958 25 104
959 10 80
961 54 119
962 31 105
973 33 90
973 36 84
980 44 84
980 9 115
982 40 84
985 51 84
1000 20 80
1002 6 119
1010 54 94
1016 16 100
1023 20 94
1026 32 94
1027 5 95
1029 11 84
1033 45 119
1034 28 84
1043 8 80
1046 2 94
1058 20 99
1066 20 80
1066 63 109
1067 7 105
1082 39 119
1097 30 94
1100 24 95
1100 42 109
1113 18 109
1113 34 90
1118 59 94
1124 31 109
1126 52 84
1127 34 105
1129 30 105
1139 10 95
1149 1 109
1156 22 134
1159 28 84
1174 63 124
1176 15 84
1179 42 104
1180 10 95
1183 58 105
1185 25 94
1200 63 84
1201 10 84
1205 48 105
1207 21 84
1219 15 104
1220 58 90
1224 48 94
1228 42 90
1231 13 119
1239 51 94
1242 27 105
1245 11 105
1261 26 84
1265 11 99
1265 20 134
1265 30 84
1266 51 115
1269 60 84
1275 38 109
1285 44 80
1292 13 90
1295 26 94
1296 40 99
1304 35 94
1308 7 119
1325 3 105
1330 8 95
1341 3 109
327 1308 117
354 374 82
375 422 77
870 347 103
883 344 78
320 56 81
321 17 85
324 2 76
325 31 80
337 8 90
339 32 76
341 40 90
344 50 76
345 28 80
348 57 90
353 41 96
355 40 86
374 42 80
375 61 79
376 23 80
375 321 107
321 44 87
323 17 92
324 8 111
374 49 111
374 18 72
