397 1146 135
406 1321 149
416 1119 149
421 640 139
445 535 139
449 1083 135
457 1256 139
460 463 139
461 1211 135
463 891 143
463 453 139
471 1287 139
474 1141 145
479 1189 139
505 1206 153
507 383 139
522 562 135
525 1139 139
551 1219 139
551 581 143
555 538 145
557 526 149
562 783 139
571 652 149
575 762 139
582 676 145
596 474 139
599 800 139
613 606 145
618 1240 143
618 706 139
626 771 139
628 876 135
633 1157 139
641 860 139
642 1323 149
643 1091 135
647 347 139
652 337 149
658 722 139
661 481 135
672 1309 139
673 763 139
673 1342 139
677 802 135
683 516 135
692 1040 139
707 790 139
710 1321 135
712 986 143
717 380 139
738 896 139
740 797 145
746 1172 149
761 1064 143
762 657 139
765 780 135
770 1304 139
796 1253 149
807 324 143
808 704 145
824 1037 139
826 466 149
826 1157 139
845 1177 139
845 1062 135
855 501 139
857 1200 139
857 506 135
860 872 153
866 1089 139
877 1213 139
879 1094 135
881 645 139
896 576 143
897 991 149
907 994 145
916 462 139
917 767 149
934 1118 153
936 571 145
947 912 139
950 588 139
989 1010 139
991 668 149
996 507 135
1006 1171 139
1007 487 139
1012 883 135
1013 1055 143
1019 479 139
1027 794 139
1028 1297 135
1029 961 139
1032 794 143
1034 566 149
1037 1290 145
1040 1341 149
1040 855 139
1042 485 143
1052 848 135
1068 327 139
1090 806 149
1100 494 139
1110 1141 139
1118 863 135
1119 1131 139
1119 951 139
1127 1208 145
1129 707 153
1131 969 139
1138 377 149
1140 764 135
1144 1119 149
1145 930 143
1157 370 149
1157 638 135
1177 971 139
1179 1061 139
1180 569 143
1189 1273 135
1198 1319 139
1199 664 149
1210 860 139
1212 792 139
1214 1152 135
1214 488 139
1215 721 139
1216 1126 135
1220 1201 153
1234 1188 149
1248 873 139
1254 562 145
1254 581 139
1255 916 153
1256 955 139
1257 1268 135
1266 1128 149
1270 448 139
1275 791 153
1285 1272 135
1287 794 139
1288 486 139
1295 818 139
1301 1261 139
1301 662 135
1303 509 139
340 623 135
354 494 141
361 323 143
361 1206 135
379 1168 135
691 408 141
887 414 135
1176 408 139
413 26 133
416 39 129
418 41 133
426 0 133
439 46 137
444 9 129
450 20 133
453 35 143
457 51 133
464 29 133
466 13 139
473 6 133
475 25 133
476 20 129
476 55 147
479 1 133
487 14 133
488 19 129
491 44 133
492 60 147
493 26 133
494 7 129
501 29 133
508 63 133
511 8 137
516 62 139
517 55 133
519 62 133
519 5 133
529 56 133
529 25 129
531 43 143
531 20 133
549 41 129
551 61 137
559 48 133
564 51 143
569 1 129
575 48 133
579 18 137
581 0 143
581 1 129
581 11 133
593 28 133
601 52 147
610 2 139
613 49 133
615 53 133
616 36 133
617 61 133
625 56 129
626 52 143
628 14 133
631 5 129
640 62 143
644 27 143
647 40 133
649 8 139
653 26 133
656 24 133
660 1 143
662 44 129
663 19 133
672 47 133
673 63 143
674 41 129
677 43 143
682 60 133
684 21 133
725 61 133
726 10 139
727 34 133
729 6 143
731 17 139
734 14 137
741 26 133
755 53 143
759 28 129
763 0 133
765 2 147
766 33 133
770 63 139
782 55 133
790 47 133
794 62 137
802 12 129
807 16 133
814 34 133
814 54 133
823 20 133
835 36 129
835 20 133
839 56 133
839 17 129
841 5 147
855 63 133
859 8 133
865 39 129
870 30 133
871 32 137
879 2 133
887 27 129
894 33 143
903 57 133
904 33 137
906 54 129
907 61 133
913 36 143
913 38 133
915 40 143
923 54 129
926 31 143
928 37 133
929 44 129
938 16 137
941 17 133
945 25 133
945 47 139
949 13 133
950 9 137
956 61 133
962 17 129
964 40 133
965 43 133
967 37 137
977 30 129
980 57 133
993 5 133
998 26 133
999 44 143
1001 29 129
1004 16 143
1009 34 133
1009 53 129
1010 58 137
1013 51 133
1013 30 143
1016 26 129
1020 14 133
1027 12 147
1030 1 133
1040 3 129
1045 25 133
1047 56 133
1051 5 137
1053 8 129
1055 26 133
1058 31 133
1058 46 133
1060 14 133
1065 33 129
1066 32 133
1066 10 133
1068 38 129
1071 63 147
1076 14 133
1086 45 133
1092 16 139
1103 9 133
1116 12 137
1119 55 133
1121 9 129
1122 44 133
1125 57 143
1125 59 147
1126 16 129
1127 9 133
1130 57 143
1133 33 133
1133 39 133
1135 17 129
1135 60 133
1136 56 143
1141 11 129
1149 31 137
1153 52 133
1183 45 133
1184 36 129
1184 30 133
1185 10 147
1185 37 143
1186 39 129
1188 0 143
1192 60 133
1197 45 137
1198 4 129
1212 30 133
1216 4 143
1219 19 133
1221 33 133
1226 50 129
1226 4 143
1231 50 133
1234 32 139
1237 46 137
1238 40 143
1246 13 133
1248 54 129
1248 57 133
1251 61 137
1253 38 133
1255 8 129
1258 39 143
1266 12 133
1269 24 137
1274 60 139
1276 8 133
1279 6 133
1295 44 143
1298 60 143
1302 54 139
1303 27 133
1304 62 133
1306 36 129
1319 6 137
1320 31 133
1322 33 143
1333 10 129
320 934 141
321 891 143
321 729 131
327 1120 137
341 409 127
368 1038 131
369 966 143
370 788 127
370 1327 131
670 445 131
884 393 141
1065 393 131
1240 388 127
339 4 129
348 60 129
366 62 135
380 27 137
381 48 129
372 441 131
320 51 131
323 38 135
324 46 137
324 15 125
327 60 131
329 58 121
333 49 129
335 60 137
372 44 121
375 18 125
339 1265 79
340 463 89
343 1104 79
354 1153 79
354 503 79
361 1028 79
365 1145 79
376 546 79
382 793 89
403 1306 89
415 572 83
420 1083 83
420 1101 83
423 1016 79
426 616 93
430 876 83
446 906 83
447 904 83
451 636 89
470 526 83
475 1276 83
479 491 93
486 830 93
492 619 79
495 948 83
499 1129 83
505 830 83
510 1019 83
513 1040 79
517 894 83
518 798 83
525 1111 83
527 1157 83
528 1258 79
529 542 93
537 938 83
538 1152 83
542 746 83
559 746 79
567 1274 93
580 506 93
585 1228 83
606 1155 93
608 609 89
609 527 83
613 944 83
625 988 83
630 1092 93
637 376 79
708 885 83
711 1289 83
712 736 83
720 682 83
730 633 79
736 1226 83
740 933 83
746 806 93
751 939 93
755 1297 79
762 704 93
763 1314 93
770 505 83
774 1287 93
775 850 79
776 640 83
778 540 83
782 1144 83
782 467 83
798 881 89
800 1124 93
802 756 83
814 672 93
816 1297 93
825 1299 79
828 623 83
836 1147 83
841 1200 83
849 1122 83
853 818 79
866 606 93
869 362 93
870 1274 93
873 1176 83
876 737 79
877 552 83
878 1266 83
879 455 83
897 327 83
897 1023 89
904 1043 83
912 378 93
914 1205 93
916 967 83
925 906 89
942 979 83
950 524 83
951 901 83
952 757 83
957 1230 79
960 509 83
977 673 93
985 1330 83
988 934 83
991 583 79
992 1172 83
998 1296 83
999 896 83
1001 787 93
1004 1141 79
1031 717 83
1039 566 83
1040 618 93
1047 356 83
1054 1009 79
1062 843 83
1062 851 83
1062 650 83
1063 660 83
1071 324 89
1083 697 93
1089 1242 83
1094 345 83
1101 663 83
1126 1259 79
1141 860 83
1145 1034 83
1155 1251 83
1192 986 93
1199 1211 79
1204 1186 83
1212 806 83
1214 1083 83
1226 688 83
1226 510 89
1231 575 83
1235 604 83
1237 491 83
1237 374 93
1248 706 79
1248 1301 83
1253 1193 83
1257 1230 93
1261 330 83
1277 616 89
1288 1104 83
1296 865 93
1300 959 83
1313 1216 83
1314 897 79
1319 813 83
1322 1181 83
1324 448 83
1325 1040 93
1327 540 79
1336 1076 93
1340 1031 83
330 673 85
333 649 79
335 473 75
335 1325 89
337 1079 80
338 323 80
342 1212 80
344 1323 80
354 323 80
362 481 80
368 677 79
373 736 79
374 799 75
376 1224 80
380 1120 90
382 1342 90
385 707 80
388 728 90
397 1012 89
398 490 84
398 1013 94
401 1321 89
408 1103 85
412 738 99
413 723 99
413 1003 99
414 442 98
418 539 80
420 736 84
421 1062 84
425 848 84
428 358 85
429 708 89
438 609 80
438 1239 84
443 928 84
446 1323 99
446 487 89
450 1242 85
451 977 99
451 1085 84
457 549 93
461 513 89
462 576 85
462 861 89
462 542 89
463 496 80
465 525 99
470 606 84
477 501 94
479 1139 85
483 1308 93
483 365 89
484 1020 89
490 1015 84
491 415 80
494 1290 85
495 856 89
506 369 94
507 323 84
517 365 89
517 879 93
518 325 84
520 712 80
522 532 85
523 437 79
527 547 84
532 813 84
542 1176 94
552 605 89
554 455 89
556 776 93
556 878 85
556 1210 80
559 1310 89
564 860 89
567 542 94
571 1028 84
571 1293 84
577 930 89
580 1067 90
581 1295 85
582 1039 94
587 590 84
587 447 94
588 930 89
588 1292 80
588 1101 99
595 1307 94
603 860 94
604 1281 84
606 663 93
610 1102 80
614 1060 95
615 1285 84
617 776 84
619 1222 89
625 1054 84
629 1246 89
631 868 89
634 774 85
636 1253 93
636 373 80
637 347 84
645 470 83
647 344 83
651 456 99
652 362 75
652 1228 83
652 570 89
652 604 93
652 1306 83
657 321 85
660 321 89
663 842 75
663 1164 89
664 1091 89
664 1197 95
665 888 99
665 863 89
669 977 99
672 1308 85
674 336 89
675 502 75
676 607 99
682 609 89
684 947 93
691 1267 75
697 1117 83
704 402 84
705 755 84
720 1197 84
732 950 85
734 1226 80
734 571 84
738 836 89
745 811 84
748 817 89
748 1103 89
750 540 85
750 423 80
752 923 84
755 778 89
755 621 89
762 1300 99
762 1328 95
763 960 93
765 872 84
765 980 84
765 599 99
772 1313 89
774 904 93
775 712 89
778 933 90
778 892 99
783 1160 99
787 997 95
799 916 84
809 325 89
812 662 89
817 1308 99
817 383 93
819 599 84
824 1083 84
825 1244 89
825 1262 80
826 1089 89
834 1276 84
835 506 99
836 1273 85
836 763 84
843 366 103
845 426 75
846 382 84
850 1019 89
855 1329 84
857 1213 99
861 454 85
863 761 80
865 1216 94
866 1221 84
869 414 79
873 912 89
873 517 80
876 1081 94
877 450 89
878 1080 94
888 1131 99
902 443 84
907 617 80
908 728 85
911 911 94
913 1267 99
914 1183 89
917 797 99
925 776 84
925 608 93
926 1192 99
928 1063 89
929 923 89
930 649 85
938 785 88
939 985 89
941 960 89
943 673 89
944 1043 80
946 437 89
947 839 95
948 383 84
957 400 75
966 488 99
967 647 99
970 1290 89
977 429 75
981 516 95
981 1285 84
982 588 84
986 623 80
990 763 94
1014 1104 84
1016 740 99
1019 871 99
1028 1146 84
1032 991 90
1033 335 84
1034 827 99
1043 893 85
1043 710 84
1052 731 89
1053 850 84
1054 945 89
1058 734 93
1061 1265 90
1063 675 95
1066 704 89
1071 555 99
1075 1081 84
1075 986 99
1075 588 85
1081 817 94
1081 829 89
1083 408 88
1085 1013 99
1085 1222 80
1089 865 84
1094 506 84
1097 460 89
1103 1104 85
1103 330 89
1104 1051 84
1112 458 89
1116 320 103
1117 561 85
1117 571 89
1119 912 89
1119 1088 89
1124 914 93
1125 1216 80
1131 1120 84
1131 1231 89
1133 1303 84
1140 1321 84
1141 1076 89
1141 986 89
1143 715 80
1147 346 84
1149 479 85
1155 1234 84
1156 1054 99
1158 1159 89
1164 1093 84
1165 1227 93
1166 1237 85
1169 589 99
1172 1222 89
1174 542 80
1176 463 84
1177 366 99
1179 1124 95
1197 1226 89
1198 796 94
1199 1204 98
1199 710 80
1201 1012 89
1202 925 94
1205 634 94
1210 730 84
1210 676 89
1216 425 90
1219 1248 84
1230 1119 85
1230 935 89
1231 1063 84
1234 915 84
1239 1308 89
1245 1262 89
1249 938 93
1251 1262 80
1253 980 89
1254 1012 89
1258 949 89
1262 1037 85
1266 849 84
1273 918 89
1276 1209 84
1285 845 89
1289 1254 93
1292 722 84
1295 738 80
1295 871 84
1297 582 84
1297 375 85
1301 443 94
1301 878 80
1303 788 89
1306 444 79
1307 1120 99
1307 474 84
1307 717 84
1316 1339 89
1323 780 85
1333 825 103
1339 474 99
1341 796 84
1343 582 80
337 6 83
344 12 73
358 61 83
365 9 83
365 23 83
366 52 83
391 20 77
397 53 73
404 63 87
409 25 77
414 54 77
415 51 87
422 12 73
425 43 77
426 15 77
440 47 77
445 13 77
446 58 73
449 55 77
454 10 87
454 4 77
455 3 77
460 38 73
463 10 77
463 38 87
473 7 77
473 63 77
476 35 73
477 7 87
484 20 77
484 15 77
487 23 87
489 5 73
490 54 77
493 7 77
504 61 77
507 49 77
508 16 73
510 52 77
510 47 77
521 18 77
529 55 77
531 36 83
535 14 77
546 46 77
551 37 77
555 35 77
556 41 73
559 25 87
561 6 77
563 21 87
581 18 77
582 14 83
587 15 77
599 23 77
603 21 87
605 37 87
607 50 83
607 3 77
613 38 77
614 20 87
614 47 77
618 6 73
625 9 77
628 43 77
630 0 77
631 51 77
633 6 73
636 61 77
637 31 77
704 23 87
706 57 77
707 34 73
726 57 77
728 49 77
738 4 87
738 18 77
738 52 73
751 28 77
751 30 87
753 7 87
755 1 77
757 23 73
757 47 87
757 22 87
757 15 87
766 0 77
766 37 83
766 22 77
768 29 77
773 51 87
777 32 77
780 46 83
796 1 77
802 33 77
802 36 87
808 34 77
808 32 73
819 30 77
821 56 77
825 36 87
829 24 77
833 23 83
834 4 77
835 54 87
848 6 87
849 8 77
862 14 73
868 52 77
870 43 77
876 8 77
878 34 77
885 29 73
885 39 77
891 57 87
893 34 77
895 1 77
897 12 73
901 45 87
902 41 77
904 1 77
904 9 77
911 39 83
912 55 87
915 39 77
916 45 77
918 14 77
923 48 73
930 42 77
946 41 77
951 35 77
952 9 77
955 25 83
956 33 77
956 62 77
962 24 77
965 44 77
966 44 73
969 56 77
969 32 77
971 46 77
983 41 87
986 49 83
991 13 77
991 21 77
999 17 77
1009 21 87
1011 43 73
1011 47 77
1017 19 77
1023 23 77
1032 17 77
1033 25 73
1042 28 87
1047 10 87
1054 4 77
1060 13 87
1064 41 73
1064 22 87
1067 15 77
1076 56 77
1076 35 77
1081 46 73
1082 12 77
1085 54 77
1089 0 77
1091 23 77
1101 46 73
1110 23 77
1116 9 77
1117 45 77
1120 10 77
1124 36 83
1128 37 77
1128 63 77
1130 58 77
1130 6 77
1157 24 83
1160 60 87
1160 37 77
1173 49 77
1185 15 87
1193 58 83
1193 10 77
1202 49 87
1204 61 77
1210 22 77
1216 29 73
1220 16 77
1226 34 87
1231 14 77
1242 19 77
1242 5 73
1251 20 77
1257 42 77
1264 15 77
1270 55 77
1272 2 83
1272 60 77
1285 8 77
1289 12 77
1289 38 77
1292 15 73
1293 61 77
1297 16 77
1297 46 77
1300 62 77
1333 56 73
1334 26 77
1336 34 77
323 427 76
324 1034 80
325 413 76
329 707 76
335 1153 90
337 593 85
340 1234 93
343 830 85
350 1026 95
350 850 85
354 670 76
356 936 93
358 1216 95
364 1064 95
365 1019 85
368 1253 80
372 1102 80
375 422 71
376 575 91
388 891 90
391 707 100
393 488 108
408 661 96
410 1099 90
439 955 90
453 527 94
461 567 90
465 445 81
474 920 90
476 1065 90
477 816 104
494 1213 90
502 624 90
504 936 90
504 1277 100
537 1297 86
537 1211 104
569 736 90
573 505 100
581 1172 86
581 1116 90
585 1156 94
587 595 90
595 701 76
595 1157 86
602 904 90
602 443 95
616 547 86
617 1091 86
624 618 90
628 830 90
638 773 98
640 1314 86
643 484 90
643 1277 90
645 481 76
650 628 86
651 933 86
656 487 90
657 1129 84
660 845 84
665 1060 83
667 998 81
672 704 84
684 477 90
693 1238 84
694 1303 86
700 1221 76
703 787 86
704 714 90
704 599 86
706 855 100
714 429 86
715 697 90
720 1097 86
727 771 90
728 1193 94
731 841 94
756 421 96
757 1179 90
759 941 86
762 1208 98
763 441 86
766 667 90
773 1309 86
774 499 94
778 579 90
783 1128 90
783 525 96
788 995 94
789 489 86
791 1088 94
792 850 96
797 444 85
812 792 94
816 1007 86
817 1302 104
822 1327 90
825 1193 94
835 1176 86
837 549 86
844 1327 94
853 1228 104
860 429 95
868 842 86
879 439 85
885 430 89
887 454 90
894 643 76
895 615 86
902 513 86
904 1103 90
929 429 85
939 706 96
941 653 90
941 844 86
942 509 94
950 1199 86
957 863 104
960 473 86
961 607 100
978 400 94
982 868 94
985 588 86
986 393 81
988 421 90
993 1327 96
994 638 94
999 1192 86
1009 414 90
1016 494 86
1029 947 98
1034 1156 96
1053 1009 90
1058 1037 86
1065 943 94
1068 595 90
1070 1131 90
1078 505 86
1079 1310 104
1080 883 86
1083 433 94
1088 1124 86
1088 477 94
1089 1067 86
1091 398 100
1098 912 94
1101 536 94
1103 589 96
1105 559 90
1112 479 96
1115 489 98
1115 1158 86
1116 409 85
1130 1269 86
1135 1157 90
1135 959 98
1144 915 86
1149 519 86
1163 1017 90
1173 1067 104
1173 934 90
1177 470 86
1185 1135 90
1188 1131 94
1198 1081 86
1199 596 94
1201 1092 90
1202 831 94
1203 586 86
1215 1255 86
1231 486 94
1245 955 94
1253 1230 86
1258 957 86
1261 738 100
1262 412 99
1273 1321 94
1285 1015 86
1295 674 100
1302 842 90
1303 939 108
1306 1147 86
1310 403 85
1314 707 100
1328 923 100
1340 1090 98
324 2 69
325 31 69
328 55 79
328 21 73
332 63 73
333 4 69
336 9 74
336 52 84
337 1 74
341 59 74
344 35 74
347 51 74
348 56 74
350 19 74
354 10 74
365 14 74
375 61 73
378 23 74
381 23 74
383 42 74
383 18 84
385 39 83
387 3 83
388 61 74
398 61 83
404 51 78
406 60 74
409 60 89
409 13 83
410 23 83
412 49 93
416 55 78
418 60 79
420 62 93
423 44 87
425 61 78
430 44 83
433 17 79
436 48 78
439 57 74
439 59 78
440 11 83
442 46 78
444 27 78
444 46 74
448 46 83
451 34 78
452 40 78
452 8 78
462 58 87
462 59 74
467 46 78
470 0 78
473 31 88
475 27 79
476 40 84
477 50 93
481 49 78
483 44 78
484 52 78
485 0 84
486 54 83
491 51 78
491 38 93
492 9 89
493 51 83
493 55 88
495 39 88
499 46 74
502 1 93
504 10 83
504 23 88
507 8 79
507 27 83
515 6 87
519 48 93
521 43 78
524 58 79
525 24 78
525 20 87
527 27 74
529 3 93
535 23 93
535 31 79
536 43 83
536 51 88
539 2 88
542 42 83
546 36 78
547 41 87
549 11 74
551 39 78
552 37 79
552 55 83
556 33 83
556 35 83
556 19 79
559 44 88
559 53 93
561 56 87
565 56 83
570 53 88
577 51 79
582 32 74
588 31 78
595 9 83
596 24 78
599 36 78
602 33 83
605 34 87
605 54 74
609 41 78
610 20 79
610 45 83
612 57 78
614 42 83
614 29 93
617 36 89
618 43 88
623 40 74
626 3 83
626 29 78
628 30 83
628 31 83
632 32 92
632 14 78
637 12 74
641 44 79
643 53 83
643 28 83
647 9 83
648 45 69
649 48 79
649 35 93
649 39 83
652 62 83
657 35 69
658 6 89
661 61 83
663 8 83
663 1 83
667 62 79
667 6 83
669 46 93
670 23 93
672 36 79
676 0 83
683 50 83
688 6 93
701 29 83
703 63 83
704 22 78
707 25 78
709 49 78
711 31 74
712 35 88
712 44 83
714 13 88
715 58 88
715 61 87
715 1 79
720 4 83
725 35 83
728 63 74
731 0 83
731 35 88
731 53 78
732 57 78
737 4 79
745 44 74
745 55 83
750 62 78
752 56 78
752 25 88
752 53 97
753 25 83
755 30 89
759 24 84
759 62 78
761 0 83
761 46 78
761 23 83
764 8 88
765 16 83
771 56 87
771 8 83
771 43 83
771 31 83
772 42 89
772 54 84
773 8 78
774 16 78
774 29 83
775 16 78
777 24 87
778 57 74
785 22 83
789 55 88
790 48 78
790 2 89
790 21 83
791 1 83
792 57 83
792 35 78
793 52 87
794 38 83
799 57 74
799 50 78
800 12 83
802 51 78
807 50 83
807 22 79
809 51 93
816 40 83
816 30 97
819 61 78
822 53 74
824 16 78
830 17 88
831 60 78
831 38 84
834 9 78
837 35 78
842 21 78
844 30 78
846 34 89
846 3 74
846 22 83
860 43 93
861 58 83
861 60 78
862 63 78
865 51 74
866 8 78
868 26 79
869 11 78
870 56 78
872 54 93
873 41 83
878 10 87
880 32 74
885 52 79
888 46 88
891 11 78
893 17 78
895 3 74
896 13 83
901 61 93
903 14 83
911 38 79
912 56 83
918 49 83
918 53 88
920 56 78
920 50 82
926 24 74
928 24 78
930 47 83
934 35 78
938 31 79
941 20 83
945 39 88
945 54 83
949 56 93
949 58 87
950 46 74
951 33 88
951 51 78
955 13 78
958 56 93
959 20 74
960 52 88
961 2 88
962 32 78
963 37 78
967 43 74
969 13 78
973 35 83
973 62 88
973 60 83
978 14 89
979 49 93
980 30 83
985 45 74
986 45 83
990 53 79
991 2 83
993 41 88
994 18 78
995 14 82
996 13 93
997 40 74
997 50 83
999 62 78
1001 12 78
1005 54 78
1006 16 88
1008 23 79
1010 34 83
1012 30 87
1017 55 83
1020 36 78
1021 0 79
1027 56 83
1027 58 87
1034 54 84
1037 48 78
1037 41 78
1037 39 88
1041 22 78
1044 45 74
1045 54 78
1047 59 93
1055 27 78
1061 45 79
1062 52 74
1068 62 83
1069 3 78
1070 16 78
1076 30 78
1080 46 74
1081 8 78
1081 22 78
1082 20 83
1086 5 78
1088 37 83
1089 55 83
1090 54 93
1091 40 83
1092 45 74
1092 30 83
1101 8 79
1101 30 88
1102 26 84
1102 44 88
1103 36 83
1104 25 83
1104 44 78
1105 33 83
1107 57 87
1116 14 93
1117 54 83
1124 50 88
1128 42 83
1128 26 87
1131 25 83
1133 60 74
1139 25 78
1139 18 78
1139 30 78
1141 55 93
1144 44 74
1145 11 78
1147 14 78
1157 59 78
1157 22 93
1159 30 74
1163 1 78
1163 46 78
1165 25 88
1168 38 79
1169 42 83
1170 53 93
1170 61 84
1171 40 93
1171 7 78
1172 59 88
1173 40 79
1174 19 88
1174 4 87
1180 1 74
1181 40 78
1183 1 93
1184 22 78
1187 55 78
1188 52 83
1190 41 79
1191 43 83
1191 29 83
1193 40 87
1200 23 74
1202 57 79
1202 63 78
1203 27 93
1205 52 78
1216 21 88
1217 55 74
1221 17 78
1221 9 78
1222 2 83
1227 32 78
1231 46 83
1231 23 79
1234 63 74
1235 50 93
1242 1 78
1245 5 88
1249 52 83
1250 51 78
1256 28 74
1259 63 88
1262 3 93
1263 28 79
1266 10 83
1268 53 87
1269 7 93
1270 20 78
1274 27 88
1276 63 89
1281 47 79
1285 49 83
1286 48 74
1286 47 83
1286 63 83
1287 6 87
1288 22 78
1292 32 83
1293 33 78
1295 21 88
1299 14 84
1300 35 78
1302 46 78
1304 56 78
1304 51 83
1310 47 74
1339 2 88
1340 59 78
1342 30 78
328 894 87
342 996 100
355 1124 86
355 527 96
362 995 96
362 783 82
364 889 82
383 846 86
432 323 86
452 649 76
461 330 86
567 321 90
621 677 72
637 662 76
664 977 84
664 859 90
667 1040 84
668 831 72
670 513 84
671 1261 94
672 335 92
683 337 82
700 642 96
870 347 96
883 344 82
901 369 82
908 343 90
1076 641 86
1089 379 82
1249 397 91
1262 377 82
1269 336 90
320 56 80
321 56 85
321 17 74
335 0 70
336 4 75
338 60 79
338 61 79
339 6 97
339 22 79
339 27 87
343 52 79
343 55 75
344 53 89
350 37 79
350 14 87
353 0 75
358 24 79
361 30 89
365 21 97
366 43 79
369 17 75
370 12 79
372 62 79
374 42 74
375 23 87
377 1 89
380 7 89
381 7 89
383 61 75
391 21 88
401 27 88
410 37 80
412 48 80
420 2 84
427 16 92
430 58 80
432 39 90
440 16 84
445 44 98
448 8 84
450 19 84
451 3 84
455 8 88
477 48 80
492 6 98
505 28 84
505 5 88
506 4 80
509 32 80
510 54 98
518 18 88
519 37 90
523 9 80
527 58 84
527 13 92
539 0 80
539 48 90
542 5 88
556 53 98
559 37 80
562 54 80
571 46 84
580 4 88
581 50 90
583 54 88
583 15 84
585 60 88
587 62 80
595 30 80
596 33 98
600 34 88
603 40 80
606 53 80
609 54 94
609 14 92
610 30 90
612 32 80
612 3 84
623 48 102
630 28 80
640 38 90
641 32 70
642 18 78
643 26 78
644 8 94
645 24 94
654 34 70
654 4 78
654 10 78
661 12 78
661 22 80
665 26 77
671 28 77
675 17 80
676 5 78
681 46 80
681 62 88
684 20 80
684 22 80
688 2 78
688 13 84
693 31 88
694 18 90
694 19 70
694 14 84
696 32 80
697 48 84
697 47 80
698 18 70
703 41 78
703 5 70
704 3 84
707 53 84
728 14 90
729 2 80
730 35 84
751 34 88
758 63 80
776 0 80
776 29 88
777 15 90
788 6 94
799 0 84
808 24 98
817 42 92
828 37 80
833 39 80
842 52 84
842 23 98
843 56 84
843 58 80
848 63 84
857 31 98
859 48 94
861 7 80
868 18 84
871 2 84
878 58 84
880 51 88
887 29 80
915 27 88
918 8 94
934 62 84
935 52 92
944 49 88
946 12 80
952 39 80
957 57 94
958 25 88
959 10 84
961 54 80
962 31 84
973 33 88
973 36 80
980 44 88
980 9 84
982 40 88
985 51 90
1000 20 84
1002 6 88
1010 54 98
1016 16 80
1023 20 80
1026 32 84
1027 5 90
1029 11 84
1033 45 84
1034 28 98
1043 8 102
1046 2 80
1058 20 84
1066 20 84
1066 63 88
1067 7 84
1082 39 88
1097 30 84
1100 24 88
1100 42 80
1113 18 94
1113 34 98
1118 59 88
1124 31 90
1126 52 90
1127 34 84
1129 30 102
1139 10 80
1149 1 80
1156 22 84
1159 28 88
1174 63 94
1176 15 80
1179 42 84
1180 10 98
1183 58 80
1185 25 88
1200 63 94
1201 10 88
1205 48 80
1207 21 84
1219 15 88
1220 58 98
1224 48 80
1228 42 80
1231 13 94
1239 51 80
1242 27 84
1245 11 84
1261 26 98
1265 11 92
1265 20 84
1265 30 80
1266 51 84
1269 60 88
1275 38 80
1285 44 88
1292 13 84
1295 26 88
1296 40 80
1304 35 80
1308 7 88
1325 3 88
1330 8 80
1341 3 80
327 1308 82
328 863 98
333 686 88
354 374 82
387 354 86
485 366 104
329 6 87
337 8 86
339 32 90
341 40 90
344 50 94
345 28 84
348 57 80
353 41 90
355 40 94
376 23 76
667 58 80
668 8 90
670 7 88
671 39 80
375 321 82
321 44 76
323 17 80
324 8 82
374 49 76
374 18 80
