397 1146 135
406 1321 139
416 1119 139
421 640 139
445 535 135
449 1083 139
457 1256 143
460 463 139
461 1211 135
463 891 139
463 453 139
471 1287 139
474 1141 135
479 1189 143
505 1206 139
507 383 139
522 562 135
525 1139 139
551 1219 139
551 581 139
555 538 139
557 526 135
562 783 139
571 652 139
575 762 135
582 676 139
596 474 139
599 800 143
613 606 135
618 1240 139
618 706 139
626 771 139
628 876 135
633 1157 139
641 860 139
642 1323 139
643 1091 135
647 347 139
652 337 139
658 722 139
661 481 135
672 1309 139
673 763 139
673 1342 139
677 802 135
683 516 139
692 1040 139
707 790 139
710 1321 135
712 986 135
717 380 139
738 896 139
740 797 135
746 1172 139
761 1064 139
762 657 143
765 780 135
770 1304 139
796 1253 139
807 324 139
808 704 135
824 1037 139
826 466 143
826 1157 139
845 1177 135
845 1062 139
855 501 139
857 1200 139
857 506 135
860 872 143
866 1089 139
877 1213 139
879 1094 135
881 645 139
896 576 139
897 991 139
907 994 139
916 462 135
917 767 139
934 1118 139
936 571 135
947 912 139
950 588 139
989 1010 143
991 668 135
996 507 139
1006 1171 139
1007 487 139
1012 883 135
1013 1055 139
1019 479 143
1027 794 139
1028 1297 135
1029 961 139
1032 794 139
1034 566 139
1037 1290 135
1040 1341 143
1040 855 139
1042 485 139
1052 848 135
1068 327 139
1090 806 139
1100 494 139
1110 1141 139
1118 863 135
1119 1131 139
1119 951 139
1127 1208 135
1129 707 139
1131 969 139
1138 377 143
1140 764 135
1144 1119 139
1145 930 139
1157 370 139
1157 638 135
1177 971 139
1179 1061 143
1180 569 139
1189 1273 135
1198 1319 139
1199 664 139
1210 860 139
1212 792 135
1214 1152 143
1214 488 139
1215 721 139
1216 1126 135
1220 1201 139
1234 1188 139
1248 873 139
1254 562 139
1254 581 135
1255 916 139
1256 955 139
1257 1268 135
1266 1128 139
1270 448 139
1275 791 143
1285 1272 135
1287 794 139
1288 486 139
1295 818 139
1301 1261 135
1301 662 139
1303 509 143
340 623 135
354 494 131
379 1168 135
691 408 135
887 414 135
1176 408 131
413 26 137
416 39 133
418 41 133
426 0 129
439 46 133
444 9 133
450 20 133
453 35 133
457 51 129
464 29 133
466 13 133
473 6 129
475 25 133
476 20 133
476 55 137
479 1 129
487 14 133
488 19 133
491 44 133
492 60 129
493 26 133
494 7 137
501 29 133
508 63 129
511 8 133
516 62 133
517 55 133
519 62 129
519 5 137
529 56 133
529 25 133
531 43 129
531 20 133
549 41 133
551 61 133
559 48 133
564 51 129
569 1 133
575 48 133
579 18 129
581 0 133
581 1 133
581 11 137
593 28 129
601 52 133
610 2 133
613 49 133
615 53 129
616 36 133
617 61 137
625 56 133
626 52 129
628 14 133
631 5 133
640 62 133
644 27 129
647 40 133
649 8 133
653 26 133
656 24 129
660 1 133
662 44 133
663 19 133
672 47 129
673 63 129
674 41 133
677 43 133
682 60 129
684 21 133
725 61 133
726 10 133
727 34 129
729 6 133
731 17 133
734 14 133
741 26 129
755 53 133
759 28 137
763 0 133
765 2 129
766 33 133
770 63 133
782 55 133
790 47 129
794 62 137
802 12 133
807 16 133
814 34 129
814 54 133
823 20 133
835 36 133
835 20 133
839 56 129
839 17 133
841 5 133
855 63 129
859 8 133
865 39 133
870 30 137
871 32 129
879 2 133
887 27 133
894 33 133
903 57 129
904 33 133
906 54 137
907 61 133
913 36 129
913 38 133
915 40 133
923 54 133
926 31 129
928 37 137
929 44 133
938 16 133
941 17 129
945 25 133
945 47 133
949 13 133
950 9 133
956 61 129
962 17 133
964 40 133
965 43 129
967 37 133
977 30 133
980 57 137
993 5 129
998 26 133
999 44 133
1001 29 133
1004 16 129
1009 34 133
1009 53 137
1010 58 133
1013 51 129
1013 30 133
1016 26 133
1020 14 133
1027 12 129
1030 1 137
1040 3 133
1045 25 133
1047 56 129
1051 5 133
1053 8 133
1055 26 133
1058 31 133
1058 46 129
1060 14 133
1065 33 133
1066 32 129
1066 10 133
1068 38 133
1071 63 137
1076 14 129
1086 45 133
1092 16 133
1103 9 133
1116 12 129
1119 55 133
1121 9 137
1122 44 133
1125 57 129
1125 59 133
1126 16 133
1127 9 133
1130 57 129
1133 33 137
1133 39 133
1135 17 133
1135 60 129
1136 56 133
1141 11 133
1149 31 133
1153 52 133
1183 45 129
1184 36 133
1184 30 133
1185 10 129
1185 37 133
1186 39 133
1188 0 137
1192 60 129
1197 45 133
1198 4 133
1212 30 133
1216 4 129
1219 19 133
1221 33 137
1226 50 133
1226 4 129
1231 50 133
1234 32 133
1237 46 133
1238 40 129
1246 13 137
1248 54 133
1248 57 133
1251 61 129
1253 38 133
1255 8 133
1258 39 133
1266 12 133
1269 24 129
1274 60 133
1276 8 133
1279 6 129
1295 44 133
1298 60 133
1302 54 137
1303 27 129
1304 62 133
1306 36 133
1319 6 133
1320 31 129
1322 33 133
1333 10 137
320 934 131
321 891 127
321 729 131
327 1120 135
341 409 131
361 323 131
361 1206 143
368 1038 131
369 966 135
370 788 131
370 1327 135
670 445 131
884 393 131
1065 393 131
1240 388 127
339 4 129
348 60 129
380 27 125
381 48 129
372 441 131
320 51 137
323 38 121
324 46 125
324 15 129
327 60 129
329 58 121
333 49 125
335 60 137
366 62 125
372 44 121
375 18 129
339 1265 79
340 463 79
343 1104 79
354 1153 79
354 503 79
376 546 79
382 793 79
403 1306 79
415 572 83
420 1083 83
420 1101 83
423 1016 79
426 616 83
430 876 83
446 906 83
447 904 83
451 636 83
470 526 83
475 1276 79
479 491 83
486 830 83
492 619 83
495 948 83
499 1129 83
505 830 83
510 1019 79
513 1040 83
517 894 83
518 798 83
525 1111 83
527 1157 83
528 1258 83
529 542 79
537 938 83
538 1152 83
542 746 83
559 746 83
567 1274 83
580 506 83
585 1228 79
606 1155 83
608 609 83
609 527 83
613 944 83
625 988 83
630 1092 83
637 376 79
708 885 83
711 1289 83
712 736 83
720 682 83
730 633 83
736 1226 83
740 933 79
746 806 83
751 939 83
755 1297 83
762 704 83
763 1314 83
770 505 83
774 1287 79
775 850 83
776 640 83
778 540 83
782 1144 83
782 467 83
798 881 83
800 1124 79
802 756 83
814 672 83
816 1297 83
825 1299 83
828 623 83
836 1147 83
841 1200 79
849 1122 83
853 818 83
866 606 83
869 362 83
870 1274 83
873 1176 83
876 737 79
877 552 83
878 1266 83
879 455 83
897 327 83
897 1023 83
904 1043 83
912 378 79
914 1205 83
916 967 83
925 906 83
942 979 83
950 524 83
951 901 83
952 757 79
957 1230 83
960 509 83
977 673 83
985 1330 83
988 934 83
991 583 83
992 1172 79
998 1296 83
999 896 83
1001 787 83
1004 1141 83
1031 717 83
1039 566 83
1040 618 79
1047 356 83
1054 1009 83
1062 843 83
1062 851 83
1062 650 83
1063 660 83
1071 324 79
1083 697 83
1089 1242 83
1094 345 83
1101 663 83
1126 1259 83
1141 860 83
1145 1034 79
1155 1251 83
1192 986 83
1199 1211 83
1204 1186 83
1212 806 83
1214 1083 83
1226 688 79
1226 510 83
1231 575 83
1235 604 83
1237 491 83
1237 374 83
1248 706 83
1248 1301 79
1253 1193 83
1257 1230 83
1261 330 83
1277 616 83
1288 1104 83
1296 865 83
1300 959 79
1313 1216 83
1314 897 83
1319 813 83
1322 1181 83
1324 448 83
1325 1040 83
1327 540 79
1336 1076 83
1340 1031 83
330 673 75
333 649 75
335 473 79
335 1325 79
337 1079 80
338 323 80
342 1212 80
344 1323 80
354 323 80
361 1028 75
365 1145 79
368 677 75
373 736 79
374 799 79
376 1224 80
380 1120 80
382 1342 80
385 707 84
388 728 80
397 1012 89
398 490 84
398 1013 84
401 1321 89
408 1103 85
412 738 89
413 723 89
413 1003 89
414 442 80
418 539 84
420 736 84
421 1062 84
425 848 84
428 358 85
429 708 89
438 609 80
438 1239 84
443 928 84
446 1323 89
446 487 89
450 1242 85
451 977 89
451 1085 80
457 549 89
461 513 89
462 576 89
462 861 89
462 542 89
463 496 80
465 525 89
470 606 84
477 501 84
479 1139 85
483 1308 89
483 365 89
484 1020 89
490 1015 80
491 415 84
494 1290 85
495 856 89
506 369 84
507 323 80
517 365 89
517 879 89
518 325 84
520 712 84
522 532 85
523 437 79
527 547 80
532 813 84
542 1176 84
552 605 89
554 455 89
556 776 89
556 878 85
556 1210 80
559 1310 89
564 860 89
567 542 84
571 1028 84
571 1293 84
577 930 89
580 1067 80
581 1295 85
582 1039 84
587 590 84
587 447 84
588 930 89
588 1292 84
588 1101 89
595 1307 80
603 860 84
604 1281 84
606 663 89
610 1102 84
614 1060 85
615 1285 80
617 776 84
619 1222 89
625 1054 84
629 1246 89
631 868 89
634 774 85
636 1253 89
636 373 80
637 347 84
645 470 83
647 344 83
651 456 89
652 362 83
652 1228 75
652 570 89
652 604 83
652 1306 83
657 321 85
660 321 89
663 842 83
663 1164 89
664 1091 85
664 1197 85
665 888 89
665 863 89
669 977 89
672 1308 89
674 336 89
675 502 75
676 607 89
682 609 89
684 947 83
691 1267 83
697 1117 83
704 402 80
705 755 84
720 1197 84
732 950 85
734 1226 84
734 571 84
738 836 89
745 811 80
748 817 89
748 1103 89
750 540 85
750 423 84
752 923 84
755 778 89
755 621 89
762 1300 89
762 1328 85
763 960 89
765 872 80
765 980 84
765 599 89
772 1313 89
774 904 85
775 712 89
778 933 80
778 892 89
783 1160 89
787 997 89
799 916 80
809 325 89
812 662 89
817 1308 89
817 383 85
819 599 84
824 1083 84
825 1244 89
825 1262 80
826 1089 89
834 1276 84
835 506 89
836 1273 85
836 763 84
843 366 89
845 426 75
846 382 84
850 1019 89
855 1329 84
857 1213 89
861 454 85
863 761 80
865 1216 84
866 1221 84
869 414 79
873 912 89
873 517 84
876 1081 84
877 450 89
878 1080 80
888 1131 89
902 443 84
907 617 84
908 728 85
911 911 84
913 1267 89
914 1183 89
917 797 89
925 776 80
925 608 85
926 1192 89
928 1063 89
929 923 89
930 649 85
938 785 80
939 985 89
941 960 89
943 673 89
944 1043 84
946 437 75
947 839 85
948 383 84
957 400 79
966 488 89
967 647 89
970 1290 89
977 429 75
981 516 85
981 1285 84
982 588 84
986 623 84
990 763 84
1014 1104 84
1016 740 89
1019 871 89
1028 1146 80
1032 991 84
1033 335 84
1034 827 89
1043 893 85
1043 710 80
1052 731 89
1053 850 84
1054 945 89
1058 734 89
1061 1265 84
1063 675 85
1066 704 89
1071 555 89
1075 1081 80
1075 986 89
1075 588 85
1081 817 84
1081 829 89
1083 408 80
1085 1013 89
1085 1222 84
1089 865 84
1094 506 84
1097 460 89
1103 1104 85
1103 330 89
1104 1051 80
1112 458 89
1116 320 89
1117 561 85
1117 571 89
1119 912 89
1119 1088 89
1124 914 85
1125 1216 80
1131 1120 84
1131 1231 89
1133 1303 84
1140 1321 84
1141 1076 89
1141 986 89
1143 715 80
1147 346 84
1149 479 85
1155 1234 84
1156 1054 89
1158 1159 89
1164 1093 80
1165 1227 89
1166 1237 85
1169 589 89
1172 1222 89
1174 542 84
1176 463 80
1177 366 89
1179 1124 85
1197 1226 89
1198 796 84
1199 1204 84
1199 710 84
1201 1012 89
1202 925 80
1205 634 84
1210 730 84
1210 676 89
1216 425 84
1219 1248 84
1230 1119 85
1230 935 89
1231 1063 80
1234 915 84
1239 1308 89
1245 1262 89
1249 938 89
1251 1262 80
1253 980 89
1254 1012 89
1258 949 89
1262 1037 85
1266 849 84
1273 918 89
1276 1209 80
1285 845 89
1289 1254 89
1292 722 84
1295 738 84
1295 871 84
1297 582 84
1297 375 85
1301 443 80
1301 878 84
1303 788 89
1306 444 79
1307 1120 89
1307 474 84
1307 717 80
1316 1339 89
1323 780 85
1333 825 89
1339 474 89
1341 796 84
1343 582 84
337 6 73
344 12 73
358 61 73
391 20 73
397 53 77
404 63 77
409 25 77
414 54 73
415 51 77
422 12 77
425 43 77
426 15 77
440 47 77
445 13 77
446 58 73
449 55 77
454 10 77
454 4 77
455 3 77
460 38 77
463 10 77
463 38 73
473 7 77
473 63 77
476 35 77
477 7 77
484 20 77
484 15 77
487 23 73
489 5 77
490 54 77
493 7 77
504 61 77
507 49 77
508 16 77
510 52 73
510 47 77
521 18 77
529 55 77
531 36 77
535 14 77
546 46 77
551 37 73
555 35 77
556 41 77
559 25 77
561 6 77
563 21 77
581 18 77
582 14 73
587 15 77
599 23 77
603 21 77
605 37 77
607 50 77
607 3 77
613 38 73
614 20 77
614 47 77
618 6 77
625 9 77
628 43 77
630 0 77
631 51 73
633 6 77
636 61 77
637 31 77
704 23 77
706 57 77
707 34 77
726 57 73
728 49 77
738 4 77
738 18 77
738 52 77
751 28 77
751 30 77
753 7 73
755 1 77
757 23 77
757 47 77
757 22 77
757 15 77
766 0 77
766 37 73
766 22 77
768 29 77
773 51 77
777 32 77
780 46 77
796 1 77
802 33 73
802 36 77
808 34 77
808 32 77
819 30 77
821 56 77
825 36 77
829 24 73
833 23 77
834 4 77
835 54 77
848 6 77
849 8 77
862 14 77
868 52 73
870 43 77
876 8 77
878 34 77
885 29 77
885 39 77
891 57 77
893 34 73
895 1 77
897 12 77
901 45 77
902 41 77
904 1 77
904 9 77
911 39 73
912 55 77
915 39 77
916 45 77
918 14 77
923 48 77
930 42 77
946 41 73
951 35 77
952 9 77
955 25 77
956 33 77
956 62 77
962 24 77
965 44 73
966 44 77
969 56 77
969 32 77
971 46 77
983 41 77
986 49 77
991 13 73
991 21 77
999 17 77
1009 21 77
1011 43 77
1011 47 77
1017 19 77
1023 23 73
1032 17 77
1033 25 77
1042 28 77
1047 10 77
1054 4 77
1060 13 77
1064 41 73
1064 22 77
1067 15 77
1076 56 77
1076 35 77
1081 46 77
1082 12 77
1085 54 73
1089 0 77
1091 23 77
1101 46 77
1110 23 77
1116 9 77
1117 45 77
1120 10 73
1124 36 77
1128 37 77
1128 63 77
1130 58 77
1130 6 77
1157 24 77
1160 60 73
1160 37 77
1173 49 77
1185 15 77
1193 58 77
1193 10 77
1202 49 77
1204 61 73
1210 22 77
1216 29 77
1220 16 77
1226 34 77
1231 14 77
1242 19 77
1242 5 73
1251 20 77
1257 42 77
1264 15 77
1270 55 77
1272 2 77
1272 60 77
1285 8 73
1289 12 77
1289 38 77
1292 15 77
1293 61 77
1297 16 77
1297 46 77
1300 62 73
1333 56 77
1334 26 77
1336 34 77
323 427 80
324 1034 80
325 413 80
328 894 81
329 707 76
335 1153 80
337 593 81
340 1234 85
343 830 85
350 1026 93
350 850 81
354 670 76
356 936 85
358 1216 85
362 481 80
368 1253 80
372 1102 80
375 422 71
376 575 85
388 891 90
391 707 94
393 488 94
410 1099 86
439 955 98
452 649 76
453 527 94
461 567 86
465 445 85
474 920 90
476 1065 94
477 816 94
494 1213 86
502 624 90
504 936 94
504 1277 94
537 1297 86
537 1211 94
569 736 98
573 505 94
581 1172 86
581 1116 90
585 1156 94
587 595 94
595 701 76
595 1157 86
602 904 90
602 443 85
616 547 94
617 1091 86
624 618 94
628 830 94
637 662 76
638 773 86
640 1314 94
643 484 90
643 1277 94
645 481 76
650 628 86
651 933 84
656 487 94
657 1129 76
660 845 84
665 1060 83
667 998 83
672 704 84
684 477 90
693 1238 76
694 1303 86
700 1221 84
703 787 94
704 714 90
704 599 90
706 855 94
714 429 94
715 697 86
720 1097 90
727 771 94
728 1193 94
731 841 86
756 421 98
757 1179 94
759 941 94
762 1208 86
763 441 90
766 667 90
773 1309 94
774 499 90
778 579 90
783 1128 94
783 525 94
788 995 86
789 489 94
791 1088 94
792 850 98
797 444 85
812 792 86
816 1007 94
817 1302 94
822 1327 94
825 1193 86
835 1176 98
837 549 94
844 1327 94
853 1228 86
860 429 85
868 842 94
879 439 85
885 430 89
887 454 94
894 643 76
895 615 86
902 513 94
904 1103 90
929 429 85
939 706 94
941 844 86
942 509 90
950 1199 94
957 863 94
960 473 86
961 607 94
978 400 98
982 868 94
985 588 86
986 393 71
988 421 90
993 1327 94
994 638 94
999 1192 86
1009 414 90
1016 494 94
1029 947 94
1034 1156 86
1053 1009 94
1058 1037 94
1065 943 98
1068 595 86
1070 1131 90
1078 505 94
1079 1310 94
1080 883 86
1083 433 94
1088 1124 98
1088 477 94
1089 1067 86
1091 398 90
1098 912 94
1101 536 94
1103 589 86
1105 559 98
1112 479 94
1115 489 94
1115 1158 86
1116 409 81
1130 1269 94
1135 1157 94
1135 959 98
1144 915 86
1149 519 94
1163 1017 94
1173 1067 94
1173 934 86
1177 470 94
1185 1135 98
1188 1131 94
1198 1081 86
1199 596 94
1201 1092 94
1202 831 94
1203 586 86
1215 1255 98
1231 486 94
1245 955 94
1253 1230 86
1258 957 94
1261 738 94
1262 412 85
1273 1321 98
1285 1015 86
1295 674 90
1302 842 94
1303 939 90
1306 1147 86
1310 403 85
1314 707 98
1328 923 90
1340 1090 94
324 2 69
325 31 69
328 55 69
328 21 69
332 63 73
333 4 69
336 9 74
336 52 74
337 1 74
341 59 74
344 35 74
347 51 74
348 56 74
350 19 74
354 10 74
365 9 69
365 23 73
366 52 73
375 61 73
378 23 74
381 23 74
383 42 74
383 18 74
385 39 83
387 3 83
388 61 74
398 61 79
404 51 74
406 60 78
409 60 83
409 13 83
410 23 83
412 49 83
416 55 74
418 60 83
420 62 83
423 44 83
425 61 78
430 44 79
433 17 83
436 48 74
439 57 78
439 59 78
440 11 83
442 46 78
444 27 78
444 46 78
448 46 83
451 34 74
452 40 78
452 8 78
462 58 79
462 59 78
467 46 78
470 0 74
473 31 78
475 27 83
476 40 78
477 50 83
481 49 78
483 44 78
484 52 74
485 0 78
486 54 83
491 51 78
491 38 79
492 9 83
493 51 83
493 55 74
495 39 78
499 46 78
502 1 83
504 10 79
504 23 78
507 8 83
507 27 83
515 6 83
519 48 79
521 43 74
524 58 83
525 24 78
525 20 83
527 27 74
529 3 83
535 23 79
535 31 83
536 43 83
536 51 78
539 2 78
542 42 83
546 36 74
547 41 79
549 11 78
551 39 78
552 37 83
552 55 83
556 33 83
556 35 79
556 19 83
559 44 74
559 53 83
561 56 83
565 56 83
570 53 74
577 51 83
582 32 78
588 31 78
595 9 83
596 24 78
599 36 78
602 33 83
605 34 79
605 54 74
609 41 78
610 20 83
610 45 83
612 57 78
614 42 83
614 29 79
617 36 83
618 43 74
623 40 78
626 3 83
626 29 78
628 30 83
628 31 79
632 32 74
632 14 78
637 12 78
641 44 83
643 53 83
643 28 83
647 9 79
648 45 69
649 48 83
649 35 83
649 39 83
652 62 83
657 35 69
658 6 83
661 61 83
663 8 83
663 1 79
667 62 83
667 6 83
669 46 79
670 23 79
672 36 83
676 0 83
683 50 83
688 6 83
701 29 83
703 63 83
704 22 74
707 25 78
709 49 78
711 31 78
712 35 78
712 44 83
714 13 74
715 58 78
715 61 79
715 1 83
720 4 83
725 35 83
728 63 78
731 0 79
731 35 74
731 53 78
732 57 78
737 4 83
745 44 78
745 55 83
750 62 74
752 56 78
752 25 78
752 53 83
753 25 79
755 30 83
759 24 78
759 62 74
761 0 83
761 46 78
761 23 83
764 8 78
765 16 79
771 56 83
771 8 83
771 43 83
771 31 79
772 42 83
772 54 74
773 8 78
774 16 78
774 29 83
775 16 74
777 24 83
778 57 78
785 22 79
789 55 78
790 48 78
790 2 83
790 21 83
791 1 83
792 57 79
792 35 74
793 52 83
794 38 83
799 57 74
799 50 78
800 12 83
802 51 78
807 50 79
807 22 83
809 51 83
816 40 83
816 30 79
819 61 74
822 53 78
824 16 78
830 17 78
831 60 78
831 38 74
834 9 78
837 35 78
842 21 78
844 30 78
846 34 83
846 3 78
846 22 83
860 43 83
861 58 79
861 60 74
862 63 78
865 51 78
866 8 78
868 26 83
869 11 74
870 56 78
872 54 83
873 41 83
878 10 79
880 32 78
885 52 83
888 46 74
891 11 78
893 17 78
895 3 78
896 13 83
901 61 83
903 14 79
911 38 83
912 56 83
918 49 83
918 53 74
920 56 78
920 50 78
926 24 74
928 24 78
930 47 79
934 35 78
938 31 83
941 20 83
945 39 78
945 54 83
949 56 79
949 58 83
950 46 74
951 33 78
951 51 78
955 13 78
958 56 83
959 20 74
960 52 78
961 2 78
962 32 78
963 37 78
967 43 78
969 13 74
973 35 83
973 62 78
973 60 79
978 14 83
979 49 83
980 30 83
985 45 74
986 45 79
990 53 83
991 2 83
993 41 78
994 18 78
995 14 78
996 13 83
997 40 74
997 50 79
999 62 78
1001 12 78
1005 54 78
1006 16 78
1008 23 83
1010 34 83
1012 30 83
1017 55 79
1020 36 74
1021 0 83
1027 56 83
1027 58 83
1034 54 74
1037 48 78
1037 41 78
1037 39 78
1041 22 78
1044 45 78
1045 54 74
1047 59 79
1055 27 78
1061 45 83
1062 52 78
1068 62 83
1069 3 78
1070 16 74
1076 30 78
1080 46 78
1081 8 78
1081 22 78
1082 20 83
1086 5 78
1088 37 79
1089 55 83
1090 54 83
1091 40 83
1092 45 74
1092 30 83
1101 8 83
1101 30 74
1102 26 78
1102 44 78
1103 36 83
1104 25 83
1104 44 78
1105 33 79
1107 57 83
1116 14 83
1117 54 83
1124 50 74
1128 42 79
1128 26 83
1131 25 83
1133 60 74
1139 25 78
1139 18 78
1139 30 78
1141 55 83
1144 44 78
1145 11 78
1147 14 74
1157 59 78
1157 22 79
1159 30 78
1163 1 78
1163 46 78
1165 25 78
1168 38 83
1169 42 83
1170 53 83
1170 61 74
1171 40 79
1171 7 78
1172 59 78
1173 40 83
1174 19 74
1174 4 83
1180 1 78
1181 40 78
1183 1 83
1184 22 78
1187 55 74
1188 52 79
1190 41 83
1191 43 83
1191 29 83
1193 40 83
1200 23 78
1202 57 83
1202 63 74
1203 27 83
1205 52 78
1216 21 78
1217 55 78
1221 17 78
1221 9 74
1222 2 83
1227 32 78
1231 46 79
1231 23 83
1234 63 78
1235 50 83
1242 1 74
1245 5 78
1249 52 83
1250 51 78
1256 28 78
1259 63 78
1262 3 79
1263 28 83
1266 10 83
1268 53 83
1269 7 79
1270 20 74
1274 27 78
1276 63 83
1281 47 83
1285 49 83
1286 48 74
1286 47 79
1286 63 83
1287 6 83
1288 22 78
1292 32 83
1293 33 74
1295 21 78
1299 14 78
1300 35 78
1302 46 78
1304 56 78
1304 51 79
1310 47 74
1339 2 78
1340 59 78
1342 30 78
342 996 90
355 1124 82
355 527 90
364 1064 77
365 1019 85
383 846 90
408 661 86
432 323 82
461 330 98
485 366 94
567 321 94
621 677 72
664 977 84
664 859 90
667 1040 84
668 831 84
670 513 72
671 1261 84
672 335 94
683 337 82
700 642 86
870 347 90
883 344 94
901 369 82
908 343 94
941 653 82
1076 641 90
1089 379 82
1249 397 81
1262 377 98
1269 336 94
320 56 70
321 56 75
321 17 74
329 6 75
335 0 74
336 4 75
338 60 79
338 61 79
339 6 79
339 22 75
339 27 79
343 52 79
343 55 87
344 53 75
350 37 79
350 14 79
353 0 79
358 24 79
365 14 74
369 17 79
370 12 75
372 62 79
374 42 74
375 23 75
377 1 79
380 7 79
381 7 87
383 61 75
391 21 80
401 27 88
410 37 88
412 48 88
420 2 80
427 16 92
430 58 88
432 39 84
440 16 80
445 44 88
448 8 88
450 19 88
451 3 84
455 8 88
477 48 88
492 6 84
505 28 80
505 5 88
506 4 88
509 32 92
510 54 80
518 18 88
519 37 88
523 9 84
527 58 80
527 13 88
539 0 92
539 48 84
542 5 80
556 53 88
559 37 88
562 54 88
571 46 80
580 4 92
581 50 88
583 54 84
583 15 80
585 60 88
587 62 88
595 30 88
596 33 84
600 34 88
603 40 88
606 53 84
609 54 80
609 14 88
610 30 88
612 32 92
612 3 80
623 48 88
630 28 88
640 38 84
641 32 70
642 18 78
643 26 78
644 8 88
645 24 80
654 34 70
654 4 78
654 10 78
661 12 78
661 22 78
665 26 65
671 28 77
675 17 88
676 5 78
681 46 80
681 62 88
684 20 88
684 22 70
688 2 78
688 13 88
693 31 78
694 18 84
694 19 78
694 14 88
696 32 88
697 48 88
697 47 80
698 18 70
703 41 78
703 5 78
704 3 80
707 53 88
728 14 88
729 2 84
730 35 80
751 34 88
758 63 88
776 0 92
776 29 80
777 15 88
788 6 88
799 0 84
808 24 80
817 42 88
828 37 92
833 39 84
842 52 80
842 23 88
843 56 88
843 58 88
848 63 80
857 31 92
859 48 88
861 7 84
868 18 80
871 2 88
878 58 88
880 51 88
887 29 84
915 27 88
918 8 88
934 62 84
935 52 80
944 49 88
946 12 88
952 39 92
957 57 80
958 25 88
959 10 88
961 54 84
962 31 80
973 33 88
973 36 92
980 44 84
980 9 80
982 40 88
985 51 88
1000 20 88
1002 6 80
1010 54 92
1016 16 88
1023 20 84
1026 32 80
1027 5 88
1029 11 88
1033 45 88
1034 28 84
1043 8 88
1046 2 88
1058 20 84
1066 20 80
1066 63 88
1067 7 88
1082 39 92
1097 30 80
1100 24 88
1100 42 88
1113 18 84
1113 34 80
1118 59 88
1124 31 92
1126 52 84
1127 34 80
1129 30 88
1139 10 88
1149 1 88
1156 22 80
1159 28 92
1174 63 88
1176 15 84
1179 42 80
1180 10 88
1183 58 88
1185 25 88
1200 63 84
1201 10 88
1205 48 88
1207 21 84
1219 15 80
1220 58 88
1224 48 88
1228 42 92
1231 13 80
1239 51 88
1242 27 88
1245 11 84
1261 26 80
1265 11 88
1265 20 92
1265 30 84
1266 51 80
1269 60 88
1275 38 88
1285 44 88
1292 13 80
1295 26 92
1296 40 88
1304 35 84
1308 7 80
1325 3 88
1330 8 88
1341 3 88
327 1308 90
328 863 86
333 686 82
354 374 86
362 995 82
362 783 90
364 889 90
387 354 98
337 8 76
339 32 84
341 40 84
344 50 80
345 28 76
348 57 84
353 41 92
355 40 80
361 30 79
365 21 79
366 43 79
376 23 76
667 58 84
668 8 88
670 7 84
671 39 80
375 321 86
321 44 80
323 17 80
324 8 76
374 49 84
374 18 80
