397 1146 183
406 1321 177
416 1119 173
421 640 177
445 535 138
449 1083 197
457 1256 183
460 463 142
461 1211 148
463 891 147
463 453 143
471 1287 167
474 1141 158
479 1189 152
505 1206 213
522 562 172
525 1139 173
551 1219 167
551 581 138
555 538 212
557 526 208
562 783 212
571 652 183
575 762 182
582 676 233
596 474 162
599 800 183
613 606 182
618 1240 168
618 706 197
626 771 133
628 876 197
633 1157 158
641 860 172
642 1323 163
643 1091 187
658 722 163
661 481 187
670 445 198
672 1309 172
673 763 188
673 1342 152
677 802 158
683 516 202
691 408 223
692 1040 172
707 790 173
710 1321 187
712 986 178
738 896 147
740 797 123
746 1172 152
761 1064 158
762 657 177
765 780 163
770 1304 187
796 1253 148
808 704 202
824 1037 193
826 466 137
826 1157 193
845 1177 152
845 1062 193
855 501 152
857 1200 173
857 506 167
860 872 158
866 1089 162
877 1213 203
879 1094 172
881 645 178
884 393 162
887 414 173
896 576 152
897 991 178
907 994 172
916 462 168
917 767 162
934 1118 168
936 571 177
947 912 158
950 588 202
989 1010 153
991 668 197
996 507 168
1006 1171 137
1007 487 153
1012 883 142
1013 1055 133
1019 479 167
1027 794 148
1028 1297 142
1029 961 168
1032 794 152
1034 566 153
1037 1290 177
1040 1341 233
1040 855 187
1042 485 163
1052 848 152
1065 393 203
1090 806 182
1100 494 193
1110 1141 177
1118 863 163
1119 1131 177
1119 951 203
1127 1208 182
1129 707 133
1131 969 162
1140 764 183
1144 1119 152
1145 930 218
1157 638 182
1176 408 208
1177 971 142
1179 1061 198
1180 569 207
1189 1273 168
1198 1319 202
1199 664 168
1210 860 167
1212 792 173
1214 1152 167
1214 488 158
1215 721 152
1216 1126 208
1220 1201 147
1234 1188 138
1240 388 152
1248 873 148
1254 562 187
1254 581 173
1255 916 212
1256 955 148
1257 1268 177
1266 1128 198
1270 448 167
1275 791 163
1285 1272 152
1287 794 158
1288 486 142
1295 818 163
1301 1261 167
1301 662 193
1303 509 172
340 623 159
341 409 183
354 494 144
361 1206 148
379 1168 149
507 383 158
647 347 139
652 337 173
717 380 179
807 324 148
1068 327 139
1138 377 148
1157 370 144
413 26 136
416 39 197
418 41 216
426 0 187
439 46 171
444 9 167
450 20 171
453 35 167
457 51 181
464 29 212
466 13 156
473 6 182
475 25 161
476 20 202
476 55 181
479 1 157
487 14 166
488 19 152
491 44 176
492 60 157
493 26 141
494 7 187
501 29 151
508 63 192
511 8 181
516 62 137
517 55 151
519 62 167
519 5 181
529 56 187
529 25 176
531 43 177
531 20 146
549 41 187
551 61 166
559 48 167
564 51 171
569 1 132
575 48 161
579 18 237
581 0 141
581 1 162
581 11 191
593 28 187
601 52 146
610 2 207
613 49 156
615 53 212
616 36 156
617 61 192
625 56 156
626 52 177
628 14 146
631 5 162
640 62 176
644 27 192
647 40 161
649 8 142
653 26 156
656 24 202
660 1 186
662 44 172
663 19 151
672 47 167
673 63 181
674 41 167
677 43 181
682 60 142
684 21 206
725 61 167
726 10 131
727 34 152
729 6 201
731 17 152
734 14 196
741 26 162
755 53 181
759 28 172
763 0 136
765 2 162
766 33 156
770 63 142
782 55 156
790 47 162
794 62 141
802 12 137
807 16 176
814 34 217
814 54 146
823 20 152
835 36 141
835 20 142
839 56 156
839 17 212
841 5 181
855 63 177
859 8 196
865 39 182
870 30 181
871 32 187
879 2 156
887 27 192
894 33 191
903 57 172
904 33 196
906 54 162
907 61 206
913 36 197
913 38 181
915 40 142
923 54 146
926 31 142
928 37 166
929 44 217
938 16 171
941 17 137
945 25 121
945 47 182
949 13 141
950 9 177
956 61 146
962 17 177
964 40 171
965 43 147
967 37 171
977 30 177
980 57 166
993 5 152
998 26 136
999 44 187
1001 29 186
1004 16 167
1009 34 146
1009 53 157
1010 58 156
1013 51 147
1013 30 156
1016 26 177
1020 14 156
1027 12 202
1030 1 191
1040 3 187
1045 25 156
1047 56 197
1051 5 171
1053 8 142
1055 26 156
1058 31 167
1058 46 166
1060 14 182
1065 33 156
1066 32 177
1066 10 156
1068 38 192
1071 63 166
1076 14 152
1086 45 156
1092 16 177
1103 9 146
1116 12 117
1119 55 131
1121 9 167
1122 44 176
1125 57 132
1125 59 191
1126 16 152
1127 9 206
1130 57 167
1133 33 181
1133 39 152
1135 17 136
1135 60 167
1136 56 171
1141 11 177
1149 31 161
1153 52 132
1183 45 181
1184 36 202
1184 30 166
1185 10 202
1185 37 151
1186 39 162
1188 0 171
1192 60 212
1197 45 206
1198 4 212
1212 30 146
1216 4 187
1219 19 181
1221 33 182
1226 50 196
1226 4 202
1231 50 151
1234 32 187
1237 46 131
1238 40 162
1246 13 181
1248 54 157
1248 57 136
1251 61 157
1253 38 141
1255 8 117
1258 39 146
1266 12 187
1269 24 166
1274 60 177
1276 8 136
1279 6 157
1295 44 136
1298 60 167
1302 54 171
1303 27 152
1304 62 161
1306 36 132
1319 6 161
1320 31 187
1322 33 166
1333 10 192
320 934 138
321 891 175
321 729 153
327 1120 130
361 323 149
368 1038 210
369 966 229
370 788 190
370 1327 199
372 441 145
329 58 153
333 49 148
335 60 152
339 4 138
348 60 132
366 62 193
380 27 177
381 48 158
385 707 95
388 728 91
388 891 121
391 707 96
393 488 150
397 1012 141
398 490 110
398 1013 91
401 1321 85
403 1306 95
408 661 126
408 1103 120
410 1099 126
412 738 110
413 723 81
413 1003 120
414 442 86
415 572 101
418 539 105
420 736 90
420 1083 100
420 1101 71
421 1062 121
423 1016 120
425 848 116
426 616 101
429 708 151
430 876 91
438 609 80
438 1239 91
439 955 106
443 928 130
446 906 85
446 1323 101
446 487 95
447 904 106
450 1242 126
451 977 115
451 636 100
451 1085 80
452 649 101
453 527 131
457 549 95
461 513 136
461 567 136
462 576 136
462 861 130
462 542 141
463 496 105
465 525 130
465 445 106
470 606 116
470 526 100
474 920 121
475 1276 96
476 1065 146
477 816 110
477 501 86
479 1139 136
479 491 91
483 1308 125
484 1020 81
486 830 120
490 1015 115
491 415 100
492 619 126
494 1290 115
494 1213 86
495 856 115
495 948 110
499 1129 91
502 624 101
504 936 90
504 1277 96
505 830 110
510 1019 96
513 1040 85
517 894 91
517 879 140
518 798 105
520 712 111
522 532 136
523 437 71
525 1111 85
527 547 110
527 1157 116
528 1258 95
529 542 106
532 813 101
537 1297 106
537 938 110
537 1211 96
538 1152 106
542 1176 91
542 746 110
552 605 130
554 455 91
556 776 140
556 878 106
556 1210 105
559 746 86
559 1310 105
564 860 111
567 1274 95
567 542 105
569 736 125
571 1028 101
571 1293 95
573 505 106
577 930 115
580 506 75
580 1067 105
581 1295 91
581 1172 136
581 1116 101
582 1039 96
585 1156 121
585 1228 90
587 595 86
587 590 91
587 447 120
588 930 85
588 1292 126
588 1101 116
595 1307 115
595 701 101
595 1157 106
602 904 121
602 443 130
603 860 120
604 1281 96
606 1155 95
606 663 111
608 609 100
609 527 86
610 1102 91
613 944 85
614 1060 125
615 1285 115
616 547 111
617 776 80
617 1091 131
619 1222 81
621 677 136
624 618 86
625 988 96
625 1054 126
628 830 136
629 1246 115
630 1092 96
631 868 91
634 774 140
636 1253 136
637 662 96
638 773 131
640 1314 106
643 484 131
643 1277 136
645 481 110
645 470 86
650 628 115
651 456 101
651 933 111
652 1228 91
652 570 130
652 604 110
652 1306 85
656 487 156
657 1129 105
660 845 106
663 842 106
663 1164 95
664 977 106
664 859 136
664 1091 95
664 1197 126
665 888 110
665 1060 75
665 863 116
667 1040 106
667 998 90
668 831 100
669 977 95
670 513 80
671 1261 76
672 704 105
672 1308 126
675 502 116
676 607 130
682 609 116
684 947 110
684 477 125
691 1267 81
693 1238 101
694 1303 111
697 1117 75
700 642 136
700 1221 125
703 787 136
704 714 90
704 599 101
704 402 111
705 755 125
706 855 110
708 885 91
711 1289 100
712 736 96
714 429 161
715 697 140
720 1097 106
720 682 95
720 1197 91
727 771 116
728 1193 126
730 633 86
731 841 131
732 950 136
734 1226 126
734 571 115
736 1226 81
738 836 105
740 933 95
745 811 126
746 806 100
748 817 126
748 1103 95
750 540 136
750 423 76
751 939 120
752 923 130
755 778 95
755 621 136
755 1297 96
756 421 126
757 1179 126
759 941 121
762 1208 136
762 704 105
762 1300 95
762 1328 111
763 960 116
763 1314 75
763 441 86
765 872 126
765 980 90
765 599 130
766 667 121
770 505 110
772 1313 125
773 1309 136
774 904 110
774 499 121
774 1287 106
775 712 140
775 850 101
776 640 100
778 579 146
778 540 106
778 933 101
778 892 95
782 1144 101
782 467 85
783 1160 106
783 1128 111
783 525 121
787 997 105
788 995 106
789 489 130
791 1088 136
792 850 120
797 444 111
798 881 110
799 916 115
800 1124 86
802 756 110
812 792 130
812 662 116
814 672 95
816 1297 91
816 1007 86
817 1308 126
817 1302 105
819 599 101
822 1327 126
824 1083 80
825 1244 95
825 1299 101
825 1262 106
825 1193 121
826 1089 85
828 623 105
834 1276 95
835 1176 146
835 506 95
836 1273 136
836 1147 110
836 763 115
837 549 146
841 1200 100
844 1327 166
845 426 96
849 1122 85
850 1019 130
853 818 75
853 1228 121
855 1329 96
857 1213 140
860 429 161
861 454 140
863 761 130
865 1216 126
866 1221 95
866 606 95
868 842 131
869 414 116
870 1274 120
873 912 120
873 1176 95
873 517 101
876 737 91
876 1081 95
877 552 75
877 450 181
878 1080 86
878 1266 120
879 439 120
879 455 100
885 430 120
887 454 146
888 1131 106
894 643 115
895 615 120
897 1023 101
902 513 156
902 443 116
904 1043 100
904 1103 111
907 617 80
908 728 131
911 911 111
913 1267 101
914 1205 100
914 1183 105
916 967 101
917 797 105
925 776 130
925 608 101
925 906 105
926 1192 140
928 1063 111
929 923 151
929 429 120
930 649 120
938 785 130
939 985 120
939 706 115
941 960 95
941 653 146
941 844 121
942 979 85
942 509 136
943 673 81
944 1043 101
946 437 120
947 839 81
950 524 100
950 1199 121
951 901 106
952 757 120
957 400 96
957 1230 95
957 863 105
960 473 131
960 509 91
961 607 90
966 488 155
967 647 95
970 1290 91
977 673 85
977 429 115
978 400 121
981 516 110
981 1285 80
982 868 111
982 588 121
985 1330 90
985 588 101
986 623 136
986 393 106
988 421 121
988 934 110
990 763 110
991 583 91
992 1172 81
993 1327 136
994 638 150
998 1296 95
999 1192 126
999 896 81
1001 787 75
1004 1141 85
1009 414 105
1014 1104 96
1016 740 106
1016 494 121
1019 871 165
1028 1146 115
1029 947 110
1031 717 71
1032 991 116
1034 827 111
1034 1156 121
1039 566 96
1040 618 105
1043 893 130
1043 710 126
1052 731 161
1053 1009 121
1053 850 110
1054 1009 105
1054 945 105
1058 734 116
1058 1037 106
1061 1265 115
1062 843 105
1062 851 100
1062 650 116
1063 675 95
1063 660 106
1065 943 125
1066 704 81
1068 595 146
1070 1131 111
1071 555 105
1075 1081 106
1075 986 130
1075 588 130
1076 641 131
1078 505 121
1079 1310 146
1080 883 131
1081 817 111
1081 829 141
1083 408 101
1083 433 121
1083 697 96
1085 1013 91
1085 1222 86
1088 1124 111
1088 477 106
1089 865 80
1089 1067 121
1089 1242 100
1091 398 111
1094 506 86
1097 460 120
1098 912 101
1101 536 111
1101 663 96
1103 1104 91
1103 589 110
1104 1051 120
1105 559 86
1112 458 130
1112 479 96
1115 489 125
1115 1158 101
1116 409 115
1117 561 141
1117 571 105
1119 912 106
1119 1088 95
1124 914 116
1125 1216 106
1126 1259 81
1130 1269 146
1131 1120 106
1131 1231 116
1133 1303 125
1135 1157 115
1135 959 101
1140 1321 96
1141 1076 131
1141 986 120
1141 860 105
1143 715 76
1144 915 96
1145 1034 95
1149 519 136
1149 479 105
1155 1234 121
1155 1251 120
1156 1054 91
1158 1159 151
1163 1017 126
1164 1093 111
1165 1227 105
1166 1237 130
1169 589 105
1172 1222 126
1173 1067 146
1173 934 115
1174 542 115
1176 463 126
1177 470 131
1179 1124 120
1185 1135 150
1188 1131 136
1192 986 130
1197 1226 140
1198 1081 96
1198 796 121
1199 1204 120
1199 1211 100
1199 596 100
1199 710 110
1201 1092 146
1201 1012 105
1202 831 171
1202 925 100
1203 586 111
1204 1186 90
1205 634 126
1210 730 100
1210 676 125
1212 806 86
1214 1083 105
1215 1255 111
1216 425 86
1219 1248 120
1226 688 91
1226 510 111
1230 1119 126
1230 935 111
1231 486 86
1231 1063 116
1231 575 110
1234 915 76
1235 604 81
1237 491 100
1239 1308 116
1245 955 121
1245 1262 110
1248 706 106
1248 1301 126
1249 938 126
1249 397 106
1251 1262 116
1253 1193 116
1253 980 85
1253 1230 121
1254 1012 95
1257 1230 100
1258 957 130
1258 949 126
1261 738 111
1262 412 91
1262 1037 125
1266 849 91
1273 1321 106
1273 918 105
1276 1209 140
1277 616 81
1285 845 111
1285 1015 136
1288 1104 110
1289 1254 110
1292 722 91
1295 738 80
1295 871 101
1295 674 121
1296 865 110
1297 582 111
1300 959 111
1301 443 111
1301 878 90
1302 842 136
1303 939 135
1303 788 140
1306 444 110
1306 1147 156
1307 1120 85
1307 474 91
1307 717 115
1310 403 161
1313 1216 90
1314 897 105
1314 707 141
1316 1339 150
1319 813 95
1322 1181 126
1323 780 120
1324 448 106
1325 1040 90
1327 540 81
1328 923 125
1333 825 120
1336 1076 75
1339 474 105
1340 1090 101
1340 1031 71
1341 796 96
1343 582 91
320 51 148
323 38 156
324 46 134
324 15 199
327 60 152
372 44 183
375 18 188
328 894 107
328 863 132
329 707 91
330 673 106
333 686 96
333 649 112
335 473 126
335 1325 97
335 1153 82
337 593 117
337 1079 126
339 1265 97
340 1234 102
340 463 91
342 1212 132
342 996 117
343 1104 77
343 830 146
344 1323 87
350 1026 136
350 850 112
354 1153 111
354 503 86
354 670 101
355 1124 127
355 527 121
356 936 91
358 1216 81
361 1028 106
362 481 122
362 995 117
362 783 132
364 1064 102
364 889 107
365 1145 102
365 1019 142
376 1224 101
376 546 91
376 575 87
380 1120 101
382 793 122
382 1342 107
383 846 97
387 354 142
432 323 152
485 366 106
506 369 116
507 323 122
518 325 102
567 321 157
636 373 122
637 376 81
647 344 97
652 362 97
657 321 132
660 321 121
674 336 106
683 337 107
809 325 111
817 383 106
846 382 82
869 362 102
897 327 82
901 369 142
908 343 117
912 378 86
948 383 132
1033 335 116
1071 324 81
1089 379 112
1094 345 82
1103 330 111
1116 320 126
1237 374 96
1261 330 102
1262 377 102
1269 336 101
1297 375 101
385 39 120
387 3 109
388 61 110
391 20 90
391 21 90
397 53 75
398 61 140
401 27 119
404 51 89
404 63 114
406 60 70
409 25 89
409 60 99
409 13 120
410 37 105
410 23 134
412 48 109
412 49 85
414 54 95
415 51 84
416 55 100
418 60 99
420 2 100
420 62 120
422 12 79
423 44 150
425 43 104
425 61 109
426 15 130
427 16 125
430 58 119
430 44 109
432 39 105
433 17 110
436 48 100
439 57 105
439 59 90
440 16 95
440 11 95
440 47 79
442 46 105
444 27 114
444 46 89
445 44 115
445 13 75
446 58 95
448 8 80
448 46 114
449 55 104
450 19 119
451 34 85
451 3 130
452 40 95
452 8 110
454 10 99
454 4 75
455 8 140
455 3 104
460 38 100
462 58 99
462 59 104
463 10 79
463 38 95
467 46 105
470 0 94
473 31 84
473 7 90
473 63 90
475 27 104
476 40 100
476 35 69
477 48 110
477 50 110
477 7 100
481 49 85
483 44 110
484 52 95
484 20 110
484 15 85
485 0 94
486 54 85
487 23 79
489 5 90
490 54 89
491 51 109
491 38 155
492 9 124
492 6 175
493 7 110
493 51 124
493 55 110
495 39 100
499 46 99
502 1 114
504 10 124
504 23 114
504 61 75
505 28 125
505 5 105
506 4 124
507 8 89
507 49 95
507 27 134
508 16 80
509 32 115
510 52 100
510 54 125
510 47 89
515 6 89
518 18 145
519 48 89
519 37 145
521 18 120
521 43 100
523 9 80
524 58 104
525 24 95
525 20 100
527 27 80
527 58 144
527 13 135
529 3 95
529 55 75
531 36 114
535 23 114
535 14 110
535 31 110
536 43 120
536 51 105
539 0 130
539 48 105
539 2 110
542 42 105
542 5 144
546 36 80
546 46 89
547 41 85
549 11 80
551 39 104
551 37 89
552 37 145
552 55 89
555 35 79
556 33 99
556 35 89
556 41 100
556 19 85
556 53 135
559 37 105
559 44 74
559 53 99
559 25 104
561 56 114
561 6 100
562 54 134
563 21 85
565 56 115
570 53 100
571 46 120
577 51 110
580 4 105
581 50 105
581 18 105
582 32 100
582 14 95
583 54 94
583 15 105
585 60 95
587 15 114
587 62 95
588 31 130
595 9 85
595 30 95
596 24 85
596 33 90
599 36 99
599 23 65
600 34 80
602 33 99
603 40 129
603 21 90
605 34 79
605 37 65
605 54 85
606 53 119
607 50 95
607 3 75
609 41 95
609 54 140
609 14 80
610 20 100
610 45 79
610 30 95
612 32 125
612 57 85
612 3 129
613 38 75
614 20 79
614 42 105
614 29 89
614 47 80
617 36 114
618 43 85
618 6 99
623 48 105
623 40 95
625 9 85
626 3 89
626 29 120
628 43 104
628 30 95
628 31 85
630 0 95
630 28 115
631 51 99
632 32 80
632 14 80
633 6 104
636 61 120
637 12 114
637 31 104
640 38 160
641 32 70
641 44 89
642 18 85
643 53 95
643 26 115
643 28 130
644 8 105
645 24 95
647 9 100
648 45 94
649 48 95
649 35 89
649 39 95
652 62 89
654 34 95
654 4 90
654 10 89
657 35 104
658 6 135
661 12 80
661 61 145
661 22 95
663 8 144
663 1 124
665 26 110
667 58 140
667 62 95
667 6 104
668 8 125
669 46 104
670 23 95
670 7 130
671 28 109
671 39 105
672 36 140
675 17 100
676 0 135
676 5 84
681 46 104
681 62 115
683 50 120
684 20 100
684 22 120
688 2 85
688 13 115
688 6 120
693 31 95
694 18 95
694 19 105
694 14 115
696 32 120
697 48 120
697 47 130
698 18 89
701 29 95
703 41 99
703 5 100
703 63 89
704 3 80
704 22 89
704 23 94
706 57 110
707 25 99
707 34 85
707 53 90
709 49 120
711 31 95
712 35 99
712 44 145
714 13 110
715 58 100
715 61 85
715 1 100
720 4 79
725 35 120
726 57 94
728 49 95
728 14 165
728 63 90
729 2 125
730 35 140
731 0 134
731 35 100
731 53 85
732 57 95
737 4 114
738 4 90
738 18 89
738 52 90
745 44 99
745 55 135
750 62 95
751 34 125
751 28 104
751 30 95
752 56 80
752 25 90
752 53 99
753 25 125
753 7 90
755 1 110
755 30 134
757 23 95
757 47 79
757 22 110
757 15 69
758 63 120
759 24 95
759 62 90
761 0 114
761 46 70
761 23 104
764 8 105
765 16 109
766 0 65
766 37 99
766 22 80
768 29 79
771 56 110
771 8 124
771 43 135
771 31 145
772 42 120
772 54 119
773 8 85
773 51 110
774 16 100
774 29 134
775 16 105
776 0 95
776 29 80
777 32 75
777 24 85
777 15 125
778 57 105
780 46 105
785 22 145
788 6 105
789 55 95
790 48 89
790 2 85
790 21 89
791 1 75
792 57 89
792 35 95
793 52 75
794 38 155
796 1 94
799 0 140
799 57 89
799 50 115
800 12 130
802 33 90
802 51 135
802 36 94
807 50 150
807 22 140
808 24 140
808 34 90
808 32 90
809 51 95
816 40 95
816 30 100
817 42 125
819 61 95
819 30 65
821 56 85
822 53 114
824 16 95
825 36 114
828 37 105
829 24 110
830 17 105
831 60 84
831 38 90
833 23 104
833 39 130
834 9 85
834 4 100
835 54 114
837 35 85
842 52 80
842 21 110
842 23 105
843 56 115
843 58 130
844 30 85
846 34 110
846 3 85
846 22 135
848 6 94
848 63 140
849 8 65
857 31 115
859 48 125
860 43 134
861 58 135
861 60 109
861 7 115
862 14 89
862 63 120
865 51 120
866 8 85
868 26 89
868 52 90
868 18 105
869 11 90
870 56 89
870 43 75
871 2 105
872 54 105
873 41 85
876 8 75
878 58 125
878 10 120
878 34 84
880 32 85
880 51 100
885 52 95
885 29 109
885 39 75
887 29 90
888 46 85
891 57 95
891 11 90
893 17 110
893 34 65
895 1 124
895 3 70
896 13 89
897 12 120
901 61 99
901 45 75
902 41 69
903 14 95
904 1 85
904 9 75
911 38 109
911 39 95
912 56 79
912 55 100
915 27 125
915 39 75
916 45 79
918 8 140
918 49 120
918 53 115
918 14 85
920 56 85
920 50 84
923 48 90
926 24 89
928 24 85
930 42 94
930 47 110
934 35 100
934 62 125
935 52 115
938 31 95
941 20 134
944 49 100
945 39 90
945 54 85
946 41 99
946 12 125
949 56 124
949 58 85
950 46 110
951 33 100
951 51 105
951 35 95
952 9 94
952 39 130
955 25 85
955 13 95
956 33 89
956 62 95
957 57 150
958 56 125
958 25 115
959 10 80
959 20 120
960 52 85
961 2 105
961 54 135
962 24 85
962 31 100
962 32 95
963 37 105
965 44 114
966 44 80
967 43 99
969 56 115
969 32 99
969 13 100
971 46 89
973 33 105
973 35 95
973 36 95
973 62 89
973 60 110
978 14 114
979 49 115
980 44 115
980 30 120
980 9 115
982 40 80
983 41 89
985 51 80
985 45 109
986 49 110
986 45 110
990 53 115
991 2 114
991 13 80
991 21 110
993 41 70
994 18 99
995 14 95
996 13 124
997 40 80
997 50 104
999 17 100
999 62 104
1000 20 120
1001 12 85
1002 6 90
1005 54 95
1006 16 120
1008 23 79
1009 21 95
1010 34 89
1010 54 135
1011 43 65
1011 47 90
1012 30 109
1016 16 115
1017 19 90
1017 55 85
1020 36 100
1021 0 120
1023 20 90
1023 23 95
1026 32 120
1027 56 120
1027 58 109
1027 5 120
1029 11 124
1032 17 110
1033 25 100
1033 45 80
1034 28 100
1034 54 85
1037 48 95
1037 41 95
1037 39 105
1041 22 85
1042 28 94
1043 8 80
1044 45 110
1045 54 85
1046 2 130
1047 10 65
1047 59 134
1054 4 110
1055 27 134
1058 20 125
1060 13 105
1061 45 95
1062 52 80
1064 41 105
1064 22 89
1066 20 100
1066 63 155
1067 7 90
1067 15 84
1068 62 110
1069 3 90
1070 16 105
1076 56 75
1076 35 90
1076 30 105
1080 46 85
1081 8 89
1081 22 105
1081 46 84
1082 12 100
1082 20 109
1082 39 105
1085 54 85
1086 5 95
1088 37 99
1089 0 90
1089 55 99
1090 54 155
1091 40 130
1091 23 65
1092 45 85
1092 30 100
1097 30 125
1100 24 105
1100 42 105
1101 8 95
1101 46 89
1101 30 120
1102 26 110
1102 44 115
1103 36 99
1104 25 95
1104 44 85
1105 33 120
1107 57 95
1110 23 80
1113 18 130
1113 34 105
1116 9 69
1116 14 95
1117 45 69
1117 54 85
1118 59 125
1120 10 125
1124 50 120
1124 36 75
1124 31 105
1126 52 90
1127 34 120
1128 42 130
1128 26 104
1128 37 100
1128 63 80
1129 30 140
1130 58 85
1130 6 110
1131 25 109
1133 60 85
1139 25 95
1139 10 105
1139 18 120
1139 30 110
1141 55 134
1144 44 95
1145 11 124
1147 14 105
1149 1 105
1156 22 125
1157 24 85
1157 59 105
1157 22 114
1159 28 120
1159 30 105
1160 60 105
1160 37 79
1163 1 100
1163 46 94
1165 25 85
1168 38 89
1169 42 140
1170 53 130
1170 61 110
1171 40 95
1171 7 80
1172 59 85
1173 40 95
1173 49 75
1174 19 110
1174 4 124
1174 63 95
1176 15 115
1179 42 130
1180 10 120
1180 1 90
1181 40 100
1183 1 100
1183 58 90
1184 22 95
1185 25 100
1185 15 75
1187 55 95
1188 52 120
1190 41 95
1191 43 105
1191 29 99
1193 40 95
1193 58 69
1193 10 75
1200 23 105
1200 63 165
1201 10 125
1202 49 65
1202 57 100
1202 63 85
1203 27 75
1204 61 80
1205 48 140
1205 52 120
1207 21 95
1210 22 100
1216 29 90
1216 21 95
1217 55 109
1219 15 115
1220 16 80
1220 58 90
1221 17 80
1221 9 105
1222 2 144
1224 48 80
1226 34 80
1227 32 95
1228 42 120
1231 13 115
1231 46 100
1231 14 85
1231 23 145
1234 63 120
1235 50 140
1239 51 80
1242 19 69
1242 1 70
1242 27 105
1242 5 80
1245 11 125
1245 5 85
1249 52 110
1250 51 95
1251 20 115
1256 28 80
1257 42 124
1259 63 110
1261 26 100
1262 3 95
1263 28 130
1264 15 90
1265 11 100
1265 20 140
1265 30 125
1266 10 85
1266 51 90
1268 53 85
1269 60 104
1269 7 110
1270 20 124
1270 55 85
1272 2 115
1272 60 105
1274 27 109
1275 38 115
1276 63 105
1281 47 85
1285 8 104
1285 44 140
1285 49 89
1286 48 120
1286 47 110
1286 63 95
1287 6 124
1288 22 105
1289 12 65
1289 38 75
1292 32 124
1292 13 100
1292 15 85
1293 33 105
1293 61 104
1295 21 110
1295 26 95
1296 40 115
1297 16 65
1297 46 110
1299 14 105
1300 35 100
1300 62 79
1302 46 80
1304 56 110
1304 51 135
1304 35 120
1308 7 140
1310 47 114
1325 3 95
1330 8 115
1333 56 95
1334 26 75
1336 34 85
1339 2 90
1340 59 115
1341 3 80
1342 30 120
323 427 97
324 1034 103
325 413 93
327 1308 148
338 323 97
354 323 98
354 374 88
368 677 73
368 1253 83
372 1102 98
373 736 81
374 799 98
375 422 81
428 358 93
461 330 93
483 365 83
517 365 102
637 347 113
672 335 118
843 366 93
870 347 142
883 344 113
1047 356 96
1147 346 88
1177 366 113
328 55 71
328 21 91
329 6 126
332 63 86
333 4 86
335 0 95
336 9 66
336 52 106
336 4 96
337 8 101
337 1 76
337 6 81
338 60 126
338 61 146
339 32 136
339 6 115
339 22 71
339 27 85
341 40 101
341 59 100
343 52 141
343 55 110
344 35 126
344 50 111
344 12 106
344 53 91
345 28 111
347 51 95
348 56 101
348 57 76
350 19 106
350 37 96
350 14 91
353 0 120
353 41 151
354 10 85
355 40 146
358 24 115
358 61 91
361 30 116
365 9 96
365 14 81
365 21 101
365 23 81
366 43 81
366 52 96
369 17 101
370 12 85
372 62 151
375 23 75
376 23 91
377 1 131
378 23 81
380 7 81
381 7 136
381 23 86
383 42 101
383 18 106
383 61 101
375 321 129
320 56 82
321 56 77
321 17 82
321 44 111
323 17 137
324 8 126
324 2 87
325 31 90
374 49 97
374 42 92
374 18 97
375 61 120
