397 1146 139
406 1321 139
416 1119 139
421 640 139
445 535 139
449 1083 143
457 1256 139
460 463 139
461 1211 139
463 891 139
463 453 139
471 1287 143
474 1141 139
479 1189 149
505 1206 139
507 383 139
522 562 139
525 1139 143
551 1219 139
551 581 139
555 538 139
557 526 139
562 783 139
571 652 143
575 762 139
582 676 139
596 474 139
599 800 149
613 606 139
618 1240 143
618 706 139
626 771 149
628 876 139
633 1157 139
641 860 139
642 1323 149
643 1091 139
647 347 139
652 337 139
658 722 139
661 481 139
672 1309 149
673 763 139
673 1342 139
677 802 139
683 516 139
692 1040 139
707 790 139
710 1321 139
712 986 139
717 380 139
738 896 139
740 797 139
746 1172 143
761 1064 139
762 657 139
765 780 139
770 1304 139
796 1253 139
807 324 143
808 704 139
824 1037 149
826 466 139
826 1157 139
845 1177 139
845 1062 143
855 501 139
857 1200 139
857 506 139
860 872 139
866 1089 139
877 1213 143
879 1094 139
881 645 139
896 576 139
897 991 139
907 994 139
916 462 143
917 767 139
934 1118 139
936 571 139
947 912 139
950 588 139
989 1010 143
991 668 149
996 507 139
1006 1171 139
1007 487 139
1012 883 139
1013 1055 143
1019 479 139
1027 794 139
1028 1297 139
1029 961 139
1032 794 139
1034 566 143
1037 1290 139
1040 1341 139
1040 855 149
1042 485 139
1052 848 139
1068 327 143
1090 806 139
1100 494 139
1110 1141 139
1118 863 139
1119 1131 139
1119 951 143
1127 1208 139
1129 707 139
1131 969 139
1138 377 139
1140 764 139
1144 1119 143
1145 930 139
1157 370 139
1157 638 139
1177 971 139
1179 1061 139
1180 569 143
1189 1273 139
1198 1319 139
1199 664 139
1210 860 139
1212 792 139
1214 1152 143
1214 488 139
1215 721 139
1216 1126 139
1220 1201 139
1234 1188 139
1248 873 143
1254 562 139
1254 581 139
1255 916 139
1256 955 139
1257 1268 139
1266 1128 143
1270 448 139
1275 791 139
1285 1272 139
1287 794 139
1288 486 139
1295 818 143
1301 1261 139
1301 662 139
1303 509 139
340 623 135
354 494 135
361 323 143
361 1206 135
379 1168 135
691 408 135
887 414 135
1176 408 135
413 26 137
416 39 133
418 41 143
426 0 133
439 46 133
444 9 133
450 20 137
453 35 133
457 51 133
464 29 133
466 13 133
473 6 133
475 25 137
476 20 133
476 55 143
479 1 133
487 14 133
488 19 133
491 44 137
492 60 133
493 26 133
494 7 133
501 29 133
508 63 133
511 8 137
516 62 133
517 55 133
519 62 143
519 5 133
529 56 133
529 25 147
531 43 133
531 20 133
549 41 133
551 61 133
559 48 133
564 51 137
569 1 133
575 48 133
579 18 133
581 0 133
581 1 133
581 11 137
593 28 133
601 52 143
610 2 133
613 49 133
615 53 133
616 36 137
617 61 133
625 56 133
626 52 143
628 14 133
631 5 133
640 62 133
644 27 133
647 40 133
649 8 133
653 26 133
656 24 133
660 1 143
662 44 133
663 19 133
672 47 133
673 63 133
674 41 133
677 43 133
682 60 133
684 21 133
725 61 133
726 10 133
727 34 133
729 6 137
731 17 133
734 14 133
741 26 133
755 53 133
759 28 133
763 0 137
765 2 133
766 33 133
770 63 133
782 55 133
790 47 133
794 62 137
802 12 133
807 16 133
814 34 133
814 54 133
823 20 133
835 36 137
835 20 133
839 56 133
839 17 133
841 5 133
855 63 133
859 8 137
865 39 133
870 30 143
871 32 133
879 2 133
887 27 133
894 33 147
903 57 133
904 33 133
906 54 133
907 61 133
913 36 133
913 38 137
915 40 133
923 54 133
926 31 133
928 37 133
929 44 133
938 16 147
941 17 133
945 25 133
945 47 133
949 13 133
950 9 143
956 61 137
962 17 133
964 40 133
965 43 133
967 37 133
977 30 133
980 57 137
993 5 143
998 26 133
999 44 133
1001 29 133
1004 16 133
1009 34 137
1009 53 133
1010 58 133
1013 51 133
1013 30 133
1016 26 133
1020 14 137
1027 12 133
1030 1 133
1040 3 133
1045 25 133
1047 56 133
1051 5 137
1053 8 133
1055 26 133
1058 31 133
1058 46 133
1060 14 133
1065 33 137
1066 32 133
1066 10 133
1068 38 133
1071 63 133
1076 14 133
1086 45 137
1092 16 143
1103 9 133
1116 12 133
1119 55 133
1121 9 133
1122 44 137
1125 57 133
1125 59 133
1126 16 133
1127 9 143
1130 57 143
1133 33 137
1133 39 133
1135 17 143
1135 60 133
1136 56 133
1141 11 133
1149 31 147
1153 52 133
1183 45 143
1184 36 133
1184 30 133
1185 10 133
1185 37 137
1186 39 143
1188 0 133
1192 60 133
1197 45 133
1198 4 133
1212 30 137
1216 4 133
1219 19 133
1221 33 133
1226 50 133
1226 4 133
1231 50 137
1234 32 133
1237 46 133
1238 40 133
1246 13 133
1248 54 133
1248 57 147
1251 61 133
1253 38 133
1255 8 133
1258 39 133
1266 12 133
1269 24 137
1274 60 143
1276 8 133
1279 6 133
1295 44 133
1298 60 133
1302 54 137
1303 27 133
1304 62 133
1306 36 133
1319 6 133
1320 31 133
1322 33 137
1333 10 133
320 934 141
321 891 141
321 729 135
327 1120 135
341 409 139
368 1038 141
369 966 135
370 788 135
370 1327 135
670 445 131
884 393 131
1065 393 135
1240 388 131
339 4 129
348 60 129
366 62 129
380 27 137
381 48 129
372 441 141
320 51 135
323 38 129
324 46 129
324 15 137
327 60 125
329 58 135
333 49 125
335 60 129
372 44 129
375 18 137
339 1265 79
340 463 79
343 1104 79
354 1153 79
354 503 79
361 1028 79
365 1145 79
376 546 79
382 793 79
397 1012 89
401 1321 89
403 1306 79
408 1103 89
412 738 89
413 723 89
413 1003 89
415 572 79
420 1083 83
420 1101 79
423 1016 93
426 616 83
428 358 89
429 708 89
430 876 83
446 906 89
446 1323 89
446 487 89
447 904 93
450 1242 89
451 977 99
451 636 79
457 549 89
461 513 89
462 576 89
462 861 99
462 542 89
465 525 89
470 526 79
475 1276 83
479 1139 89
479 491 83
483 1308 89
483 365 89
484 1020 89
486 830 79
492 619 83
494 1290 89
495 856 89
495 948 79
499 1129 93
505 830 83
510 1019 83
513 1040 83
517 365 89
517 894 79
517 879 89
518 798 83
522 532 89
525 1111 83
527 1157 83
528 1258 79
529 542 83
537 938 83
538 1152 83
542 746 83
552 605 89
554 455 89
556 776 89
556 878 89
559 746 79
559 1310 89
564 860 89
567 1274 79
577 930 89
580 506 83
581 1295 89
585 1228 83
588 930 99
588 1101 89
606 1155 79
606 663 89
608 609 83
609 527 83
613 944 83
614 1060 89
619 1222 89
625 988 79
629 1246 89
630 1092 83
631 868 89
634 774 99
636 1253 99
637 376 79
651 456 89
652 570 89
657 321 89
660 321 89
663 1164 89
672 1308 89
674 336 89
676 607 89
682 609 89
708 885 79
711 1289 83
712 736 83
720 682 83
730 633 93
732 950 89
736 1226 79
738 836 99
740 933 83
746 806 83
748 817 89
748 1103 89
750 540 89
751 939 79
755 778 89
755 621 89
755 1297 83
762 704 83
762 1300 89
762 1328 89
763 960 89
763 1314 79
765 599 89
770 505 83
772 1313 89
774 904 89
774 1287 79
775 712 89
775 850 83
776 640 93
778 540 79
778 892 99
782 1144 83
782 467 83
783 1160 89
787 997 89
798 881 79
800 1124 83
802 756 83
809 325 89
812 662 99
814 672 93
816 1297 79
817 1308 89
817 383 89
825 1244 89
825 1299 83
826 1089 89
828 623 79
835 506 89
836 1273 89
836 1147 83
841 1200 83
843 366 89
849 1122 79
850 1019 89
853 818 83
857 1213 89
861 454 89
866 606 83
869 362 89
870 1274 83
873 912 89
873 1176 83
876 737 83
877 552 83
877 450 89
878 1266 79
879 455 83
888 1131 89
897 327 83
897 1023 83
904 1043 79
908 728 99
912 378 83
913 1267 89
914 1205 83
914 1183 89
916 967 89
917 797 99
925 608 89
925 906 93
926 1192 89
928 1063 89
929 923 89
930 649 89
939 985 89
941 960 89
942 979 79
943 673 89
947 839 89
950 524 79
951 901 83
952 757 83
957 1230 83
960 509 83
966 488 89
967 647 89
970 1290 89
977 673 79
981 516 89
985 1330 83
988 934 79
991 583 83
992 1172 83
998 1296 83
999 896 83
1001 787 93
1004 1141 79
1016 740 89
1019 871 89
1031 717 83
1034 827 89
1039 566 83
1040 618 79
1043 893 89
1047 356 83
1052 731 89
1054 1009 83
1054 945 89
1058 734 89
1062 843 79
1062 851 83
1062 650 83
1063 675 89
1063 660 83
1066 704 89
1071 555 89
1071 324 79
1075 986 89
1075 588 89
1081 829 89
1083 697 89
1085 1013 89
1089 1242 83
1094 345 83
1097 460 89
1101 663 83
1103 1104 89
1103 330 89
1112 458 89
1116 320 89
1117 561 89
1117 571 93
1119 912 89
1119 1088 89
1124 914 89
1126 1259 79
1131 1231 89
1141 1076 89
1141 986 89
1141 860 79
1145 1034 83
1149 479 89
1155 1251 83
1156 1054 89
1158 1159 89
1165 1227 89
1166 1237 89
1169 589 89
1172 1222 89
1177 366 93
1179 1124 89
1192 986 79
1197 1226 89
1199 1211 83
1201 1012 99
1204 1186 93
1210 676 89
1212 806 79
1214 1083 83
1226 688 83
1226 510 83
1230 1119 89
1230 935 89
1231 575 89
1235 604 83
1237 491 83
1237 374 83
1239 1308 89
1245 1262 89
1248 706 79
1248 1301 83
1249 938 89
1253 1193 83
1253 980 89
1254 1012 89
1257 1230 79
1258 949 89
1261 330 83
1262 1037 89
1273 918 89
1277 616 79
1285 845 89
1288 1104 83
1289 1254 89
1296 865 83
1297 375 89
1300 959 89
1303 788 89
1307 1120 99
1313 1216 93
1314 897 83
1316 1339 89
1319 813 79
1322 1181 83
1323 780 89
1324 448 83
1325 1040 83
1327 540 83
1333 825 89
1336 1076 89
1339 474 99
1340 1031 83
330 673 75
333 649 75
335 473 75
335 1325 75
337 593 85
337 1079 90
338 323 80
340 1234 93
342 1212 90
343 830 85
344 1323 80
350 1026 85
350 850 85
354 323 80
356 936 85
358 1216 85
362 481 80
364 1064 85
365 1019 85
368 677 79
373 736 75
374 799 79
376 1224 80
376 575 85
380 1120 80
382 1342 80
385 707 80
388 728 94
388 891 90
391 707 94
393 488 94
398 490 84
398 1013 80
408 661 90
410 1099 94
414 442 84
418 539 84
420 736 84
421 1062 80
425 848 84
438 609 94
438 1239 84
439 955 94
443 928 84
451 1085 80
453 527 90
461 567 94
463 496 84
465 445 85
470 606 84
474 920 94
476 1065 94
477 816 90
477 501 80
490 1015 84
491 415 84
494 1213 90
502 624 90
504 936 94
504 1277 94
506 369 80
507 323 84
518 325 80
520 712 84
523 437 79
527 547 84
532 813 84
537 1297 94
537 1211 94
542 1176 80
556 1210 84
567 542 84
569 736 94
571 1028 84
571 1293 80
573 505 90
580 1067 84
581 1172 90
581 1116 90
582 1039 84
585 1156 94
587 595 90
587 590 80
587 447 84
588 1292 84
595 1307 84
595 1157 90
602 904 94
602 443 85
603 860 80
604 1281 84
610 1102 84
615 1285 80
616 547 94
617 776 84
617 1091 90
624 618 94
625 1054 84
628 830 100
636 373 80
637 347 84
638 773 94
640 1314 90
643 484 90
643 1277 94
645 470 75
647 344 83
650 628 94
652 362 83
652 1228 83
652 604 75
652 1306 83
656 487 90
663 842 83
664 1091 89
664 1197 89
665 888 85
665 863 89
669 977 89
675 502 83
684 947 83
684 477 90
691 1267 85
694 1303 94
697 1117 83
703 787 94
704 714 100
704 599 90
704 402 80
705 755 84
706 855 90
714 429 90
715 697 90
720 1097 94
720 1197 80
727 771 90
728 1193 90
731 841 94
734 1226 84
734 571 84
745 811 80
750 423 84
752 923 84
756 421 90
757 1179 94
759 941 94
762 1208 90
763 441 100
765 872 80
765 980 84
766 667 90
773 1309 90
774 499 94
778 579 94
778 933 80
783 1128 90
783 525 90
788 995 94
789 489 90
791 1088 90
792 850 94
797 444 85
799 916 80
812 792 90
816 1007 90
817 1302 94
819 599 80
822 1327 90
824 1083 84
825 1262 84
825 1193 94
834 1276 80
835 1176 90
836 763 84
837 549 94
844 1327 90
845 426 75
846 382 84
853 1228 94
855 1329 84
860 429 85
863 761 84
865 1216 90
866 1221 84
868 842 94
869 414 79
873 517 84
876 1081 94
878 1080 80
879 439 85
885 430 85
887 454 94
895 615 90
902 513 90
902 443 80
904 1103 94
907 617 84
911 911 84
925 776 84
929 429 85
938 785 80
939 706 90
941 844 90
942 509 94
944 1043 84
946 437 79
948 383 80
950 1199 100
957 400 79
957 863 90
960 473 94
961 607 90
977 429 75
978 400 90
981 1285 84
982 868 94
982 588 84
985 588 90
986 623 80
988 421 94
990 763 84
993 1327 100
994 638 94
999 1192 94
1009 414 90
1014 1104 80
1016 494 90
1028 1146 84
1029 947 90
1032 991 84
1033 335 80
1034 1156 104
1043 710 94
1053 1009 90
1053 850 84
1058 1037 94
1061 1265 80
1065 943 90
1068 595 90
1070 1131 94
1075 1081 84
1078 505 100
1079 1310 94
1080 883 94
1081 817 80
1083 408 84
1083 433 90
1085 1222 84
1088 1124 100
1088 477 90
1089 865 80
1089 1067 94
1091 398 90
1094 506 84
1098 912 94
1101 536 94
1103 589 90
1104 1051 80
1105 559 90
1112 479 94
1115 489 90
1115 1158 90
1116 409 85
1125 1216 80
1130 1269 94
1131 1120 84
1133 1303 80
1135 1157 90
1135 959 94
1140 1321 84
1143 715 84
1144 915 94
1147 346 80
1149 519 90
1155 1234 84
1163 1017 94
1164 1093 84
1173 1067 90
1173 934 90
1174 542 80
1176 463 84
1177 470 90
1185 1135 90
1188 1131 94
1198 1081 94
1198 796 80
1199 1204 84
1199 596 90
1199 710 84
1201 1092 90
1202 831 90
1202 925 80
1203 586 94
1205 634 84
1210 730 84
1215 1255 104
1216 425 80
1219 1248 84
1231 486 100
1231 1063 84
1234 915 84
1245 955 90
1251 1262 80
1253 1230 90
1258 957 94
1261 738 90
1262 412 85
1266 849 84
1273 1321 94
1276 1209 80
1285 1015 90
1292 722 84
1295 738 84
1295 871 84
1295 674 100
1297 582 80
1301 443 84
1301 878 84
1302 842 90
1303 939 90
1306 444 75
1306 1147 94
1307 474 84
1307 717 84
1310 403 85
1314 707 90
1328 923 94
1340 1090 94
1341 796 80
1343 582 84
337 6 73
344 12 73
358 61 73
365 9 73
365 23 73
366 52 73
385 39 83
387 3 83
391 20 73
397 53 77
398 61 83
404 63 77
409 25 77
409 60 83
409 13 83
410 23 83
412 49 83
414 54 73
415 51 77
418 60 83
420 62 83
422 12 73
423 44 83
425 43 77
426 15 77
430 44 83
433 17 83
440 11 93
440 47 83
445 13 87
446 58 87
448 46 83
449 55 73
454 10 77
454 4 77
455 3 77
460 38 77
462 58 83
463 10 73
463 38 77
473 7 77
473 63 77
475 27 83
476 35 77
477 50 83
477 7 73
484 20 77
484 15 77
486 54 83
487 23 77
489 5 73
490 54 77
491 38 83
492 9 83
493 7 77
493 51 83
502 1 83
504 10 83
504 61 73
507 8 83
507 49 77
507 27 93
508 16 73
510 52 77
510 47 77
515 6 83
519 48 83
521 18 77
524 58 83
525 20 83
529 3 83
529 55 73
531 36 77
535 23 83
535 14 73
535 31 83
536 43 83
542 42 83
546 46 87
547 41 83
551 37 73
552 37 83
552 55 83
555 35 77
556 33 83
556 35 83
556 41 73
556 19 83
559 53 83
559 25 77
561 56 83
561 6 77
563 21 73
565 56 83
577 51 83
581 18 77
582 14 77
587 15 77
595 9 93
599 23 73
602 33 83
603 21 77
605 34 83
605 37 77
607 50 73
607 3 77
610 20 83
610 45 83
613 38 77
614 20 77
614 42 83
614 29 83
614 47 73
617 36 83
618 6 77
625 9 77
626 3 83
628 43 83
628 30 83
628 31 83
630 0 77
631 51 77
633 6 83
636 61 77
637 31 77
641 44 83
643 53 83
643 28 83
647 9 83
649 48 83
649 35 83
649 39 83
652 62 83
658 6 83
661 61 83
663 8 83
663 1 83
672 36 83
676 0 83
683 50 83
688 6 83
701 29 83
703 63 83
704 23 73
706 57 77
707 34 77
712 44 93
715 61 83
715 1 83
720 4 83
725 35 83
726 57 73
728 49 73
731 0 83
737 4 83
738 4 77
738 18 77
738 52 77
745 55 83
751 28 73
751 30 77
752 53 83
753 25 83
753 7 77
755 1 73
755 30 83
757 23 77
757 47 77
757 22 77
757 15 77
761 0 83
761 23 83
765 16 83
766 0 73
766 37 77
766 22 77
768 29 73
771 56 83
771 8 83
771 43 83
771 31 93
772 42 83
773 51 73
774 29 83
777 32 77
777 24 83
780 46 77
785 22 83
790 2 83
790 21 83
791 1 83
792 57 83
793 52 83
794 38 87
796 1 73
800 12 83
802 33 77
802 36 77
807 50 83
807 22 93
808 34 73
808 32 87
809 51 83
816 40 83
816 30 83
819 30 77
821 56 73
825 36 77
829 24 77
833 23 77
834 4 87
835 54 77
846 34 83
846 22 83
848 6 73
849 8 77
860 43 83
861 58 83
862 14 73
868 26 83
868 52 77
870 43 77
872 54 83
873 41 83
876 8 73
878 10 93
878 34 77
885 52 83
885 29 77
885 39 77
891 57 73
893 34 77
895 1 77
896 13 83
897 12 77
901 61 83
901 45 73
902 41 77
903 14 83
904 1 77
904 9 77
911 38 83
911 39 73
912 56 83
912 55 77
915 39 87
916 45 87
918 49 93
918 14 73
923 48 77
930 42 77
930 47 83
938 31 83
941 20 83
945 54 83
946 41 73
949 56 83
949 58 93
951 35 77
952 9 77
955 25 73
956 33 77
956 62 77
958 56 83
962 24 77
965 44 77
966 44 73
969 56 77
969 32 77
971 46 77
973 35 83
973 60 83
978 14 83
979 49 83
980 30 83
983 41 73
986 49 77
986 45 83
990 53 83
991 2 93
991 13 73
991 21 77
996 13 83
997 50 83
999 17 73
1008 23 83
1009 21 77
1010 34 93
1011 43 77
1011 47 77
1012 30 83
1017 19 73
1017 55 83
1021 0 83
1023 23 77
1027 56 93
1027 58 83
1032 17 73
1033 25 87
1042 28 77
1047 10 77
1047 59 83
1054 4 73
1060 13 77
1061 45 83
1064 41 77
1064 22 77
1067 15 77
1068 62 93
1076 56 83
1076 35 77
1081 46 77
1082 12 77
1082 20 83
1085 54 83
1088 37 83
1089 0 77
1089 55 83
1090 54 83
1091 40 83
1091 23 73
1092 30 93
1101 8 83
1101 46 77
1103 36 83
1104 25 83
1105 33 83
1107 57 83
1110 23 73
1116 9 87
1116 14 83
1117 45 77
1117 54 83
1120 10 73
1124 36 77
1128 42 83
1128 26 83
1128 37 77
1128 63 83
1130 58 77
1130 6 87
1131 25 83
1141 55 83
1157 24 77
1157 22 83
1160 60 73
1160 37 77
1168 38 83
1169 42 83
1170 53 83
1171 40 83
1173 40 83
1173 49 73
1174 4 83
1183 1 83
1185 15 77
1188 52 83
1190 41 83
1191 43 83
1191 29 83
1193 40 93
1193 58 73
1193 10 83
1202 49 77
1202 57 83
1203 27 93
1204 61 77
1210 22 87
1216 29 73
1220 16 77
1222 2 93
1226 34 77
1231 46 83
1231 14 77
1231 23 83
1235 50 83
1242 19 73
1242 5 77
1249 52 83
1251 20 87
1257 42 73
1262 3 83
1263 28 83
1264 15 77
1266 10 83
1268 53 83
1269 7 83
1270 55 83
1272 2 77
1272 60 77
1276 63 83
1281 47 83
1285 8 73
1285 49 83
1286 47 83
1286 63 83
1287 6 83
1289 12 77
1289 38 73
1292 32 83
1292 15 77
1293 61 77
1297 16 77
1297 46 77
1300 62 73
1304 51 83
1333 56 77
1334 26 87
1336 34 77
323 427 80
324 1034 76
325 413 76
328 894 81
329 707 76
335 1153 80
342 996 98
354 670 76
355 1124 86
355 527 90
362 995 90
362 783 86
364 889 94
368 1253 76
372 1102 80
375 422 75
383 846 86
387 354 86
432 323 98
452 649 76
461 330 86
567 321 86
595 701 80
645 481 84
651 933 94
657 1129 76
660 845 84
664 859 94
665 1060 83
667 998 83
672 704 84
672 335 86
683 337 94
693 1238 76
700 642 86
700 1221 84
870 347 86
883 344 94
894 643 76
901 369 86
908 343 86
941 653 86
986 393 75
1076 641 86
1089 379 86
1249 397 85
1262 377 86
1269 336 94
324 2 73
325 31 69
328 55 69
328 21 69
332 63 83
333 4 73
336 9 74
336 52 84
336 4 79
337 1 74
338 60 79
338 61 79
339 6 87
339 22 79
339 27 79
341 59 74
343 52 79
343 55 79
344 35 74
344 53 79
347 51 74
348 56 74
350 19 74
350 37 79
350 14 79
353 0 79
354 10 74
358 24 79
361 30 79
365 14 74
365 21 87
366 43 79
375 61 73
377 1 79
378 23 74
380 7 79
381 7 79
381 23 74
383 42 74
383 18 74
383 61 89
388 61 84
391 21 98
401 27 84
404 51 74
406 60 78
410 37 88
412 48 84
416 55 78
420 2 88
425 61 74
427 16 84
430 58 84
432 39 88
436 48 78
439 57 74
439 59 78
440 16 84
442 46 78
444 27 78
444 46 78
445 44 98
448 8 88
450 19 84
451 34 74
451 3 84
452 40 78
452 8 74
455 8 84
462 59 78
467 46 78
470 0 78
473 31 78
476 40 74
477 48 88
481 49 78
483 44 88
484 52 78
485 0 88
491 51 74
492 6 84
493 55 78
495 39 78
499 46 78
504 23 78
505 28 88
505 5 88
506 4 94
509 32 84
510 54 98
518 18 92
519 37 84
521 43 84
523 9 84
525 24 78
527 27 78
527 58 84
527 13 98
536 51 74
539 0 84
539 48 84
539 2 78
542 5 98
546 36 84
549 11 78
551 39 78
556 53 88
559 37 84
559 44 78
562 54 98
570 53 74
571 46 84
580 4 84
581 50 98
582 32 78
583 54 84
583 15 84
585 60 88
587 62 88
588 31 84
595 30 84
596 24 74
596 33 84
599 36 88
600 34 84
603 40 88
605 54 78
606 53 84
609 41 74
609 54 84
609 14 88
610 30 84
612 32 84
612 57 74
612 3 88
618 43 78
623 48 94
623 40 78
626 29 78
630 28 94
632 32 74
632 14 78
637 12 78
640 38 84
644 8 84
645 24 88
648 45 69
657 35 77
667 62 83
667 6 83
669 46 83
670 23 79
675 17 88
681 46 94
681 62 84
684 20 88
688 13 88
694 18 84
694 14 84
696 32 88
697 48 88
697 47 84
704 3 84
704 22 74
707 25 78
707 53 84
709 49 78
711 31 78
712 35 78
714 13 84
715 58 78
728 14 84
728 63 78
729 2 84
730 35 84
731 35 74
731 53 78
732 57 78
745 44 78
750 62 78
751 34 88
752 56 74
752 25 88
758 63 84
759 24 78
759 62 78
761 46 78
764 8 74
772 54 78
773 8 78
774 16 78
775 16 78
776 0 88
776 29 84
777 15 84
778 57 74
788 6 88
789 55 78
790 48 78
792 35 74
799 0 88
799 57 78
799 50 78
802 51 78
808 24 88
817 42 84
819 61 74
822 53 78
824 16 78
828 37 84
830 17 88
831 60 74
831 38 78
833 39 84
834 9 78
837 35 78
842 52 88
842 21 74
842 23 84
843 56 84
843 58 88
844 30 78
846 3 78
848 63 88
857 31 88
859 48 84
861 60 84
861 7 84
862 63 88
865 51 74
866 8 78
868 18 84
869 11 78
870 56 78
871 2 94
878 58 88
880 32 74
880 51 84
887 29 84
888 46 78
891 11 78
893 17 74
895 3 78
915 27 94
918 8 88
918 53 78
920 56 78
920 50 74
926 24 78
928 24 78
934 35 78
934 62 88
935 52 88
944 49 84
945 39 74
946 12 84
950 46 78
951 33 78
951 51 78
952 39 88
955 13 74
957 57 84
958 25 84
959 10 88
959 20 78
960 52 84
961 2 78
961 54 84
962 31 88
962 32 78
963 37 78
967 43 84
969 13 78
973 33 84
973 36 84
973 62 78
980 44 88
980 9 84
982 40 84
985 51 88
985 45 74
993 41 78
994 18 78
995 14 74
997 40 78
999 62 78
1000 20 84
1001 12 78
1002 6 88
1005 54 74
1006 16 78
1010 54 84
1016 16 98
1020 36 78
1023 20 84
1026 32 98
1027 5 88
1029 11 84
1033 45 84
1034 28 88
1034 54 74
1037 48 84
1037 41 78
1037 39 78
1041 22 78
1043 8 84
1044 45 78
1045 54 74
1046 2 98
1055 27 78
1058 20 84
1062 52 78
1066 20 88
1066 63 84
1067 7 84
1069 3 74
1070 16 78
1076 30 78
1080 46 88
1081 8 74
1081 22 78
1082 39 84
1086 5 78
1092 45 78
1097 30 98
1100 24 84
1100 42 84
1101 30 74
1102 26 78
1102 44 78
1104 44 78
1113 18 88
1113 34 88
1118 59 84
1124 50 74
1124 31 84
1126 52 88
1127 34 84
1129 30 84
1133 60 74
1139 25 78
1139 10 84
1139 18 78
1139 30 74
1144 44 78
1145 11 78
1147 14 78
1149 1 88
1156 22 88
1157 59 74
1159 28 84
1159 30 78
1163 1 78
1163 46 78
1165 25 78
1170 61 74
1171 7 78
1172 59 78
1174 19 78
1174 63 88
1176 15 88
1179 42 84
1180 10 84
1180 1 74
1181 40 78
1183 58 84
1184 22 78
1185 25 88
1187 55 74
1200 23 78
1200 63 84
1201 10 88
1202 63 78
1205 48 84
1205 52 74
1207 21 84
1216 21 78
1217 55 78
1219 15 84
1220 58 88
1221 17 74
1221 9 78
1224 48 84
1227 32 78
1228 42 98
1231 13 84
1234 63 74
1239 51 84
1242 1 78
1242 27 84
1245 11 84
1245 5 74
1250 51 78
1256 28 78
1259 63 78
1261 26 88
1265 11 88
1265 20 84
1265 30 84
1266 51 98
1269 60 88
1270 20 74
1274 27 78
1275 38 84
1285 44 88
1286 48 74
1288 22 78
1292 13 84
1293 33 78
1295 21 74
1295 26 84
1296 40 84
1299 14 78
1300 35 78
1302 46 88
1304 56 74
1304 35 88
1308 7 84
1310 47 78
1325 3 88
1330 8 88
1339 2 74
1340 59 78
1341 3 84
1342 30 78
327 1308 86
328 863 82
333 686 82
354 374 90
485 366 82
621 677 82
637 662 76
664 977 84
667 1040 72
668 831 84
670 513 84
671 1261 84
320 56 74
321 56 79
321 17 70
329 6 75
335 0 70
337 8 84
339 32 80
341 40 88
344 50 84
345 28 84
348 57 80
353 41 80
355 40 94
369 17 87
370 12 75
372 62 79
374 42 74
375 23 79
376 23 80
641 32 70
642 18 70
643 26 78
654 34 78
654 4 78
654 10 78
661 12 78
661 22 80
665 26 77
667 58 84
668 8 94
670 7 88
671 28 77
671 39 94
676 5 70
684 22 78
688 2 78
693 31 78
694 19 78
698 18 70
703 41 78
703 5 78
375 321 82
321 44 84
323 17 84
324 8 76
374 49 76
374 18 84
