320 960 124
320 1114 175
320 1204 134
320 701 120
320 55 143
321 720 125
321 1305 129
321 60 148
321 13 118
321 561 209
322 759 104
324 14 223
324 38 89
325 372 184
325 44 118
325 39 123
328 31 78
328 1079 114
329 980 134
331 51 84
331 438 105
331 1287 169
332 34 94
333 416 124
333 40 89
333 580 139
333 13 103
335 25 78
336 32 233
336 33 153
336 11 93
336 44 79
336 13 168
336 1039 244
336 55 123
337 34 89
337 1013 95
338 35 128
339 34 94
339 52 163
339 15 163
340 462 94
341 32 138
341 811 139
342 42 93
343 8 178
343 625 125
343 582 199
344 0 93
344 1064 239
344 28 208
344 5 123
344 950 109
345 10 178
347 736 77
347 927 124
347 47 138
349 32 143
349 27 198
349 28 93
349 341 139
349 390 104
351 850 114
352 23 128
354 48 69
354 41 173
354 736 156
354 37 133
355 320 85
355 27 118
355 909 94
356 841 154
356 12 123
358 0 113
358 805 134
359 776 84
359 953 174
359 683 160
359 5 143
359 32 94
360 48 93
360 36 163
360 14 158
361 773 139
361 21 153
361 53 168
363 1169 105
363 1229 159
364 1 108
364 403 199
364 335 115
365 1081 90
365 50 93
365 788 124
365 30 84
366 59 168
366 1018 94
366 395 124
366 1069 179
368 883 84
368 46 238
368 7 69
369 972 154
369 13 188
369 19 104
369 52 218
369 58 78
369 30 138
371 349 174
371 39 238
372 58 198
372 50 103
374 786 164
375 5 88
375 1193 159
375 12 168
375 1076 100
375 603 86
375 29 118
376 432 105
376 929 110
376 16 85
377 1096 146
377 923 240
377 23 139
379 0 109
379 27 109
380 672 67
380 44 89
380 29 74
380 799 140
381 36 85
381 614 201
382 24 90
382 1112 170
383 42 100
384 850 224
384 43 223
386 57 228
386 38 93
387 360 219
387 1 168
387 437 169
387 40 238
388 1253 110
388 7 114
389 24 143
389 56 193
389 10 143
389 21 69
390 1091 154
390 8 148
390 42 253
390 55 178
390 953 214
390 27 178
390 62 168
391 714 114
391 4 138
391 45 93
392 504 179
392 8 123
393 386 119
393 510 75
393 358 139
394 576 85
394 633 134
395 880 249
395 13 158
395 63 128
396 18 113
396 363 209
396 1318 144
397 48 128
397 820 149
397 45 123
398 38 118
399 0 99
399 795 149
399 7 153
400 33 113
400 59 163
400 652 244
400 892 189
401 24 193
402 25 188
402 1266 204
402 62 198
403 51 123
403 46 163
403 1294 155
404 1112 149
404 47 89
405 1234 125
407 1224 104
407 49 79
407 20 173
407 29 109
410 33 118
410 27 79
410 28 79
412 393 114
414 48 208
414 38 94
415 891 139
416 24 65
417 502 275
418 655 221
421 738 63
422 1002 71
422 30 95
424 50 168
425 1 223
425 2 173
425 775 99
425 1008 134
425 50 143
425 19 148
427 10 143
427 631 229
427 1167 209
428 33 124
428 13 213
428 601 124
428 863 254
429 25 104
432 33 188
432 895 199
432 931 154
432 1055 154
433 16 143
433 33 114
433 1083 164
433 644 125
433 568 134
434 55 168
435 25 238
435 1027 139
435 996 204
435 22 283
437 1332 144
437 54 123
438 53 118
438 63 208
439 62 148
439 382 85
439 694 209
439 15 98
440 60 163
440 23 99
442 52 94
444 742 94
445 55 128
446 38 93
447 946 144
447 845 169
447 46 183
447 7 243
449 61 157
449 383 159
450 360 149
450 10 92
450 15 98
450 727 129
450 1305 208
450 59 167
450 61 122
451 48 237
451 26 207
451 29 222
453 1273 125
454 772 99
454 61 137
454 871 218
456 8 108
456 409 193
456 58 83
456 4 117
456 26 282
457 32 92
457 26 167
457 2 272
457 61 93
459 49 97
459 5 177
459 30 172
459 23 157
460 8 222
460 50 137
460 37 87
460 15 207
461 2 192
461 37 152
461 22 152
462 56 157
462 20 97
462 44 162
462 341 119
464 464 178
465 26 257
466 8 122
466 1233 94
466 10 217
466 589 203
466 48 167
467 852 104
468 56 103
469 704 174
469 25 167
469 51 222
469 39 192
471 593 169
473 342 168
475 38 217
475 1111 208
475 13 88
475 21 267
475 535 113
475 61 177
475 382 183
477 57 222
477 34 122
477 901 178
477 1070 113
478 8 132
478 31 137
478 38 177
478 759 85
479 57 172
479 50 108
479 1323 99
479 501 218
479 1318 90
480 32 132
480 720 75
480 36 98
480 12 127
480 48 83
480 1138 103
480 56 127
481 587 148
481 20 237
482 32 187
483 344 198
483 683 174
483 853 173
484 52 127
484 431 188
485 42 137
486 63 98
487 0 123
487 547 133
488 1208 114
488 15 182
490 9 147
490 1018 100
490 35 267
490 30 107
490 1327 228
492 1128 293
492 975 114
492 31 157
493 753 75
493 42 172
494 3 192
497 1299 198
498 35 257
500 874 183
500 43 102
500 10 237
501 16 108
501 40 172
501 39 267
501 942 168
501 1175 203
502 11 227
502 34 197
502 19 107
503 1117 148
504 993 168
505 409 133
506 42 287
506 2 212
507 970 238
508 609 104
508 751 244
509 1239 119
510 1013 94
510 45 132
510 23 162
513 475 258
513 44 182
513 61 267
513 15 137
514 48 227
514 34 142
514 1287 223
515 35 192
515 22 83
515 1079 114
517 544 173
518 843 89
518 17 142
518 1111 133
518 24 182
518 30 152
518 31 93
521 933 233
523 693 263
523 22 182
523 37 267
524 36 147
524 60 97
524 1125 110
524 46 92
524 55 137
525 56 157
525 945 118
526 16 112
526 568 128
526 882 253
526 51 182
526 45 112
528 42 152
528 18 157
529 633 118
529 663 124
529 4 177
529 7 162
530 4 147
530 41 103
530 400 79
530 50 107
530 20 162
530 521 133
531 841 133
531 753 219
532 994 173
532 407 258
533 1 107
533 19 88
533 1061 153
534 1312 134
534 23 167
534 46 217
534 31 142
535 50 122
535 340 119
535 722 183
535 894 278
536 53 167
536 55 207
536 21 172
536 63 242
537 1035 104
537 5 88
537 654 123
540 62 98
540 63 172
541 658 179
543 40 257
543 11 152
543 1191 89
544 713 154
544 5 93
544 38 167
544 529 173
545 8 207
545 34 147
545 710 209
547 32 182
547 787 153
548 42 162
551 993 119
551 13 132
551 23 113
555 41 272
555 428 173
555 46 142
556 56 117
556 24 137
559 56 113
559 1015 198
559 431 173
559 655 133
560 1299 184
560 53 73
560 567 163
561 48 98
561 670 123
562 361 89
562 19 83
562 6 97
564 811 94
564 875 148
564 28 98
565 2 127
566 20 207
566 507 178
566 44 157
566 47 118
567 1112 233
567 321 104
567 533 113
567 849 143
567 767 154
568 852 223
568 342 128
571 28 108
572 25 132
572 510 129
573 480 123
574 1304 179
576 1120 79
576 36 142
576 42 137
576 20 242
576 329 168
577 40 83
577 819 138
579 1046 94
579 54 137
580 1005 158
580 909 188
581 611 204
581 445 208
581 15 147
582 1001 114
582 434 218
582 453 233
584 42 127
585 1276 148
586 43 107
588 9 142
588 4 222
589 60 73
589 670 148
592 392 168
592 1217 208
592 53 142
593 41 123
593 37 157
593 47 217
594 965 134
594 40 192
594 10 217
594 459 183
594 8 152
594 59 152
596 24 88
596 536 89
596 20 103
596 799 79
597 33 147
597 549 139
598 51 177
599 20 117
600 672 149
600 1249 149
600 1194 79
601 16 152
601 971 99
603 777 123
603 7 122
605 845 129
606 39 157
607 26 172
607 3 108
607 1262 188
609 34 83
609 1220 238
609 10 237
609 1261 199
609 49 88
609 345 119
610 618 168
610 39 162
611 24 172
611 667 193
611 845 103
611 878 79
612 998 198
614 687 198
615 1113 148
615 651 188
615 844 218
615 47 182
616 1113 173
616 1314 253
617 59 88
617 13 97
617 1045 79
617 391 133
618 60 212
621 397 119
621 63 202
623 48 107
623 57 177
623 1 187
624 320 218
624 1096 138
624 582 193
624 1143 94
625 1245 118
625 662 204
627 52 202
627 30 287
630 1 108
630 1052 243
630 375 178
631 566 168
633 5 83
635 56 212
635 361 104
635 664 183
635 1245 159
635 863 123
636 25 137
636 21 108
636 23 152
637 10 107
637 589 198
637 30 212
638 44 212
638 35 212
638 1252 178
638 33 182
638 31 137
639 6 142
640 440 178
640 909 183
640 559 89
642 948 98
644 8 227
644 59 108
644 11 83
644 45 73
645 394 263
645 35 187
645 358 109
646 9 132
646 1341 293
646 559 108
647 1105 179
647 1286 193
648 38 127
648 1064 173
648 714 184
648 751 99
648 1109 124
648 26 113
648 31 152
650 41 122
650 29 172
650 637 133
650 1271 124
651 873 233
651 709 124
651 30 157
652 40 167
654 43 93
655 24 147
655 594 179
655 948 158
655 477 94
656 25 83
656 500 139
656 534 113
657 1009 218
657 436 89
658 41 227
659 336 124
659 592 104
659 1254 119
659 16 207
660 24 107
660 16 182
660 356 89
661 48 97
661 777 129
661 1066 238
661 656 198
662 399 223
663 47 73
663 29 237
663 45 157
663 39 137
664 1 247
665 932 153
665 680 178
665 44 242
665 20 108
665 981 158
665 60 192
666 425 198
666 548 99
666 6 152
667 57 83
669 1154 178
670 20 88
673 48 147
673 34 92
674 24 127
675 32 232
675 49 83
675 579 263
675 47 142
676 19 242
676 548 89
678 34 152
678 50 157
678 2 197
680 24 172
680 355 228
682 7 107
683 31 207
683 761 239
683 835 178
683 1129 89
683 23 177
684 544 154
687 1251 104
687 525 169
688 444 203
689 37 103
690 53 222
690 46 162
691 840 99
691 394 228
691 1238 114
691 775 143
692 844 158
692 29 207
692 13 88
693 706 89
693 738 71
693 14 147
693 661 108
694 60 73
696 11 123
696 47 112
699 32 103
699 54 202
700 757 149
700 22 202
702 19 182
704 36 202
706 874 99
706 959 208
707 344 125
707 979 129
707 23 113
708 514 154
708 12 133
708 502 133
708 63 112
709 32 112
710 1145 153
710 923 123
710 862 94
710 17 107
711 43 187
711 35 162
711 30 83
713 10 162
714 642 133
719 42 93
719 43 103
719 28 247
720 769 168
720 20 152
722 9 98
722 972 188
722 761 90
723 800 148
723 1176 104
723 852 94
724 976 169
725 10 147
725 51 297
725 52 237
727 41 172
727 10 167
727 55 82
728 62 162
729 753 100
729 836 103
729 49 212
730 505 113
730 21 127
731 32 167
731 9 167
731 27 97
731 646 89
731 35 157
733 33 112
733 55 267
734 996 198
734 13 182
734 22 98
735 369 119
736 696 88
736 42 127
736 3 222
737 779 273
738 49 167
738 43 83
738 814 168
740 28 87
740 1252 94
740 861 128
740 54 227
742 809 89
742 873 183
744 776 163
744 23 167
744 19 152
744 391 123
745 560 188
745 34 122
745 40 212
745 9 137
745 874 218
745 45 93
745 48 117
746 18 167
746 340 138
746 53 167
746 1069 173
750 58 157
750 11 177
750 18 137
750 22 192
751 1136 99
752 26 98
753 355 213
755 942 143
755 1143 123
756 1284 158
756 839 88
756 403 163
756 46 83
756 947 238
756 63 132
757 9 132
757 18 107
757 12 272
758 8 282
758 485 163
759 6 182
759 41 172
759 19 167
759 372 94
759 53 157
759 30 232
760 52 222
760 11 98
760 572 188
760 30 117
761 8 88
761 1060 138
761 485 183
762 1048 128
762 50 192
762 61 177
762 598 99
762 1327 198
764 41 73
764 4 147
764 1041 118
765 1056 128
765 1289 233
765 438 138
765 31 272
766 624 133
766 40 122
766 62 187
767 16 132
767 43 157
767 42 212
767 467 133
767 12 172
769 608 263
770 35 87
770 806 79
770 1151 104
773 0 123
773 821 93
774 56 132
774 947 89
774 61 157
775 33 147
776 784 118
776 34 257
776 1284 218
776 1094 153
777 15 167
778 11 182
778 663 179
778 349 168
778 39 147
779 369 139
780 1032 188
780 10 162
780 454 223
781 25 132
782 34 237
782 53 172
783 62 122
784 1113 89
785 15 212
786 25 202
786 50 117
786 23 137
787 44 172
788 734 114
789 11 162
789 332 198
789 61 137
790 914 163
790 791 308
790 36 197
790 10 93
790 1239 169
792 49 262
792 57 117
792 975 188
793 12 123
793 35 137
793 28 137
793 1069 198
794 52 162
794 13 127
794 447 188
795 1 182
795 11 177
795 479 263
797 394 138
797 955 168
799 24 83
799 1 108
799 1195 84
799 54 98
800 874 89
800 50 162
801 40 162
801 412 168
801 38 152
804 55 142
806 38 73
807 1017 98
808 8 162
808 51 137
808 43 107
809 34 117
809 22 137
810 36 152
811 840 93
811 782 228
811 911 218
814 28 137
815 44 122
816 804 268
816 820 263
816 46 157
819 42 182
819 27 122
819 54 98
821 862 94
822 59 192
822 533 298
822 7 142
823 1018 173
823 44 192
824 5 108
825 347 135
826 852 119
826 47 237
829 688 128
829 12 177
830 40 107
830 9 272
830 8 137
831 2 217
831 1108 174
831 31 162
833 928 75
833 4 128
834 1097 75
834 892 164
834 47 183
835 36 168
836 26 233
836 37 128
837 33 123
837 1161 114
837 47 84
837 49 69
837 21 168
837 425 194
839 1073 219
839 35 69
839 54 253
839 7 108
840 938 89
840 54 143
841 32 133
841 900 194
841 7 158
841 461 234
841 398 239
841 1300 81
841 63 138
842 486 159
842 23 178
843 25 153
843 702 95
845 60 208
846 12 69
846 60 208
846 37 108
847 48 188
847 1081 249
847 711 225
849 40 93
849 48 233
850 33 79
850 25 158
851 1112 89
853 24 143
853 1 153
853 23 133
854 659 125
854 1148 194
857 16 243
857 36 158
857 52 79
858 54 79
859 40 133
859 42 128
860 15 213
861 25 158
861 916 90
861 1193 114
862 424 174
862 958 75
863 462 114
863 421 159
863 1222 140
865 40 90
865 58 65
865 44 169
865 53 134
865 790 135
866 28 159
866 450 215
866 12 179
867 402 71
867 5 65
867 38 99
868 57 65
868 51 104
872 59 69
872 61 128
872 14 133
872 7 108
873 713 110
873 895 89
874 1150 165
874 38 168
874 823 114
875 17 93
876 20 143
876 39 168
878 386 174
878 36 69
878 871 174
878 1111 234
878 21 188
878 23 123
878 475 269
880 1275 75
882 345 75
882 57 123
882 1006 110
882 1 84
883 60 228
883 1023 164
885 56 213
885 0 93
885 837 89
885 969 75
886 46 213
886 343 189
887 5 69
888 16 188
888 50 153
889 603 75
892 1120 124
892 1338 85
892 467 114
892 63 93
893 515 85
893 1254 114
893 534 269
894 992 90
894 394 114
894 11 108
895 24 69
895 11 143
895 548 115
895 574 161
897 33 192
897 429 94
897 1230 149
899 56 83
899 49 242
899 26 88
899 1332 223
899 837 104
900 49 142
900 51 137
900 39 192
901 0 113
901 1 98
901 963 103
901 4 122
901 1103 173
903 40 82
904 928 148
904 347 183
905 1024 193
905 363 223
905 559 123
906 5 97
906 22 112
906 29 262
907 51 123
907 707 214
907 7 117
909 56 117
909 532 108
909 31 127
911 38 112
911 1257 123
911 11 127
911 497 218
911 914 148
911 22 227
912 776 104
912 490 198
912 37 172
914 664 169
915 1129 114
915 53 98
915 37 147
915 1063 178
916 53 132
917 40 113
918 53 212
918 1270 99
920 43 167
920 1239 128
921 937 153
922 416 153
922 571 120
922 36 83
922 1053 163
923 1094 104
923 847 173
924 45 162
924 694 184
924 831 118
925 14 108
927 1296 254
927 444 233
927 454 94
928 0 73
928 41 172
928 30 127
929 18 157
929 38 222
930 400 178
930 1 88
930 786 188
930 28 82
930 1055 128
931 734 168
932 504 79
932 952 118
932 986 109
934 57 112
935 0 127
935 577 148
935 36 272
935 32 97
935 1135 178
935 17 108
935 47 127
937 513 113
937 18 192
937 605 148
937 14 192
938 1111 114
939 1056 99
939 907 193
939 39 117
940 0 177
940 43 127
940 20 103
940 46 122
942 852 113
942 1210 198
942 1323 89
942 4 107
944 10 127
945 33 212
945 1018 213
945 61 73
945 886 94
946 50 162
947 8 122
947 909 188
947 14 172
949 6 123
950 1337 163
950 27 152
950 580 123
950 6 202
950 702 218
952 946 158
953 585 174
953 14 137
954 33 157
954 1166 79
955 1 167
955 11 192
955 6 162
957 57 98
958 53 282
958 343 228
959 904 138
959 1148 99
960 418 114
960 15 83
961 1232 75
961 892 85
963 462 234
965 3 78
965 502 164
965 1275 114
970 1181 95
970 580 139
970 61 108
970 14 108
970 965 199
971 40 208
972 33 133
972 823 114
972 473 174
974 17 93
974 13 233
975 1032 174
975 16 133
975 410 179
975 1279 219
975 479 234
976 709 96
976 48 173
976 1079 224
976 1144 89
976 1338 154
976 351 121
978 17 123
978 372 95
979 56 223
979 507 84
979 23 123
980 3 123
981 793 169
981 30 178
981 6 158
981 25 143
983 29 69
983 62 153
985 1056 229
985 18 158
986 38 183
986 31 128
992 932 114
993 899 89
993 1069 119
993 501 85
994 4 118
994 36 153
994 57 83
995 528 114
996 1114 85
996 586 95
996 1132 229
996 917 124
996 29 113
997 24 158
997 395 244
997 60 253
997 1047 274
998 1314 71
998 43 83
998 60 69
1001 714 136
1001 12 79
1002 50 75
1002 948 205
1002 918 105
1003 1297 63
1003 7 124
1004 17 169
1004 1106 170
1004 60 139
1005 18 144
1006 488 71
1006 995 115
1007 25 204
1007 27 65
1007 1045 81
1008 16 69
1008 427 85
1008 20 173
1009 58 133
1009 958 154
1009 7 178
1010 921 114
1010 42 208
1010 45 123
1010 965 124
1011 324 95
1013 40 79
1013 1134 114
1014 1287 84
1014 63 123
1015 1092 129
1015 33 88
1015 25 78
1015 1 79
1017 48 89
1017 1312 135
1017 2 163
1018 763 71
1018 325 254
1018 950 85
1019 1112 165
1019 1176 95
1019 14 198
1019 30 123
1020 369 214
1020 429 95
1020 469 174
1020 54 238
1020 33 188
1021 1108 144
1021 35 163
1021 1004 164
1021 37 158
1021 38 208
1022 543 259
1023 662 134
1023 62 118
1024 48 83
1024 25 202
1024 764 219
1025 60 88
1025 788 178
1025 37 137
1026 672 258
1026 425 188
1026 19 137
1027 867 104
1028 27 142
1028 1191 183
1031 34 157
1031 19 142
1032 39 147
1035 33 162
1035 42 142
1035 51 227
1035 4 112
1035 957 188
1037 48 103
1037 451 178
1038 909 268
1039 21 107
1041 19 117
1041 564 94
1042 1268 263
1042 28 118
1043 656 115
1045 16 127
1045 50 107
1045 21 142
1046 48 192
1046 681 143
1046 434 99
1047 57 197
1047 821 114
1048 513 119
1048 322 124
1048 588 99
1048 45 167
1052 522 119
1054 57 157
1055 40 172
1056 63 93
1059 50 102
1059 44 182
1059 62 172
1060 57 297
1060 692 103
1060 38 277
1060 1041 143
1061 57 147
1061 3 287
1061 59 127
1062 8 142
1062 42 142
1062 478 114
1063 576 138
1063 9 113
1064 389 118
1065 25 117
1066 40 162
1066 413 208
1066 21 162
1067 401 94
1067 707 169
1067 23 98
1068 786 188
1068 60 212
1069 624 273
1069 41 197
1069 1252 223
1069 12 112
1069 28 127
1070 808 88
1070 0 217
1071 26 132
1071 599 163
1073 15 182
1073 1037 104
1073 55 167
1075 1081 233
1076 1048 148
1076 970 89
1076 46 192
1077 1056 138
1077 481 148
1077 4 108
1077 618 89
1077 18 108
1077 23 162
1077 29 108
1077 62 117
1078 799 163
1078 781 208
1078 15 88
1079 793 128
1079 435 119
1079 31 107
1080 1136 143
1080 1297 86
1081 889 178
1081 9 192
1082 41 87
1082 922 114
1083 1108 143
1083 29 142
1083 14 212
1083 797 148
1086 38 117
1086 45 182
1086 1038 258
1086 16 167
1086 570 138
1086 29 117
1087 535 209
1088 1 122
1088 26 132
1088 617 153
1088 55 97
1089 42 92
1089 29 132
1089 47 107
1090 40 177
1090 47 108
1091 35 167
1091 29 167
1092 32 132
1092 486 268
1092 7 177
1092 8 98
1092 841 153
1092 27 177
1093 10 112
1093 1066 113
1094 995 178
1095 922 308
1095 7 142
1097 11 88
1097 55 157
1097 478 143
1097 47 202
1098 38 182
1099 1224 94
1100 16 167
1100 1055 168
1100 18 118
1100 35 197
1100 15 192
1102 19 127
1103 36 177
1103 38 187
1104 31 88
1104 449 193
1104 1123 94
1104 6 93
1104 49 73
1105 56 177
1106 51 132
1106 61 227
1106 15 162
1107 42 93
1107 23 157
1108 833 163
1108 52 197
1109 1098 189
1109 58 132
1109 862 103
1109 47 133
1110 26 88
1110 36 167
1110 654 254
1111 58 108
1111 391 123
1112 56 112
1112 10 73
1112 1069 153
1113 1193 148
1113 1314 134
1113 35 92
1113 545 213
1114 56 247
1114 39 103
1115 5 73
1115 23 172
1116 23 242
1116 13 187
1116 14 88
1116 719 90
1117 1322 118
1117 53 152
1117 55 107
1119 35 177
1119 524 139
1119 29 127
1119 13 142
1120 24 108
1120 40 192
1120 2 212
1120 1163 79
1120 1116 153
1121 8 112
1121 386 253
1121 62 212
1121 7 112
1122 680 228
1122 25 137
1122 36 113
1122 678 153
1123 12 182
1123 1028 133
1123 45 172
1123 719 75
1124 11 202
1124 53 142
1124 14 117
1124 343 109
1125 648 239
1128 638 198
1129 50 112
1129 22 187
1130 1337 173
1132 35 177
1132 659 218
1132 21 93
1132 25 202
1133 35 108
1133 30 127
1134 694 105
1135 347 173
1135 57 137
1135 58 137
1135 35 132
1135 61 172
1136 43 127
1136 780 258
1136 573 119
1136 491 138
1137 914 94
1137 53 172
1137 62 127
1137 1253 173
1138 50 167
1138 1075 123
1138 22 127
1138 942 148
1138 621 183
1139 0 272
1139 17 192
1140 548 203
1141 801 318
1141 842 268
1141 19 142
1142 992 139
1142 1 73
1142 976 138
1142 7 162
1144 33 142
1144 1004 183
1144 919 168
1145 904 238
1145 706 274
1145 342 228
1148 993 144
1149 757 133
1150 10 107
1151 34 137
1151 1149 154
1152 332 109
1152 750 214
1152 55 172
1154 638 198
1154 62 107
1155 1110 198
1156 579 134
1158 8 217
1158 872 258
1158 950 104
1158 407 213
1160 1150 238
1160 46 113
1161 34 197
1161 2 152
1163 342 144
1163 5 127
1163 30 192
1165 12 162
1168 1096 118
1168 23 147
1168 1167 233
1169 28 187
1169 453 119
1170 1192 153
1170 1158 168
1170 358 168
1170 38 83
1171 48 98
1171 400 178
1171 909 138
1171 1127 133
1172 32 217
1174 657 133
1174 433 268
1174 1143 103
1174 31 192
1175 767 124
1175 43 167
1175 407 188
1175 13 137
1175 15 207
1176 1198 114
1176 974 149
1176 23 113
1177 369 178
1177 9 108
1177 24 73
1177 756 124
1177 21 172
1177 1112 218
1177 1307 223
1178 4 232
1178 61 247
1178 806 109
1181 498 163
1181 39 187
1185 48 162
1185 33 192
1186 518 188
1186 767 109
1188 16 117
1188 839 153
1189 9 172
1189 1050 119
1189 58 192
1189 5 122
1191 1128 129
1191 804 248
1192 31 93
1193 586 94
1193 44 182
1193 38 167
1194 9 102
1194 31 132
1194 1100 129
1194 483 163
1194 60 88
1195 40 187
1195 1167 208
1195 369 89
1195 1013 243
1195 54 137
1195 667 128
1198 6 207
1198 1251 173
1198 62 217
1198 46 127
1198 509 188
1199 19 117
1200 976 178
1200 43 187
1200 963 148
1201 17 172
1201 588 148
1201 47 187
1202 10 137
1203 48 98
1203 585 128
1203 422 203
1204 16 177
1204 9 127
1204 466 233
1205 1039 263
1205 525 113
1205 39 157
1207 906 208
1207 28 177
1207 50 147
1208 53 172
1210 48 73
1210 915 218
1211 16 252
1211 63 113
1212 529 123
1212 429 114
1213 40 102
1214 696 119
1216 33 97
1216 1212 233
1216 37 92
1216 1071 158
1217 38 167
1219 804 173
1219 12 122
1219 876 119
1220 37 212
1220 14 212
1222 5 73
1222 623 104
1224 50 217
1224 891 188
1225 356 283
1226 1272 89
1226 25 142
1226 3 197
1226 1089 158
1227 826 119
1227 21 192
1227 30 142
1229 48 247
1230 50 152
1230 3 242
1231 40 113
1231 10 142
1232 0 132
1232 50 187
1232 6 137
1233 1234 114
1233 34 92
1233 1251 198
1233 837 118
1233 391 128
1234 24 117
1234 11 117
1234 636 228
1235 1304 75
1236 22 98
1238 27 142
1238 652 86
1239 1185 89
1239 42 117
1239 918 158
1240 12 157
1240 34 127
1240 11 177
1240 4 108
1241 51 262
1241 6 242
1242 9 222
1242 5 98
1242 39 147
1243 1242 109
1243 36 172
1244 16 187
1244 529 184
1244 1297 259
1245 1248 209
1245 35 152
1245 52 88
1248 31 172
1249 797 133
1250 16 177
1250 49 98
1251 56 187
1251 33 122
1251 1045 143
1251 61 98
1253 872 93
1253 1 192
1253 56 92
1253 14 142
1253 39 152
1254 521 168
1254 345 278
1255 432 188
1255 13 172
1255 975 123
1257 33 162
1257 29 222
1258 8 83
1258 27 207
1259 648 143
1261 27 232
1261 1139 163
1262 1200 168
1262 1343 85
1263 0 197
1263 1001 114
1265 32 257
1265 19 88
1266 16 108
1266 916 119
1267 466 79
1267 29 142
1267 53 83
1268 10 127
1268 13 98
1268 53 147
1270 35 192
1270 2 182
1270 19 222
1271 504 138
1271 560 103
1271 50 157
1271 43 197
1271 14 98
1272 16 73
1273 1 252
1273 34 117
1273 21 82
1273 56 93
1273 57 108
1273 29 222
1275 24 88
1275 36 192
1275 917 79
1275 662 184
1275 895 198
1276 617 119
1276 874 109
1276 19 147
1279 6 127
1280 376 193
1280 59 137
1280 46 167
1281 26 172
1281 1318 105
1281 935 114
1283 482 89
1283 1191 130
1283 47 187
1284 1 227
1284 965 144
1287 513 263
1287 419 158
1287 53 83
1289 775 218
1290 29 83
1294 1248 88
1294 52 277
1294 5 107
1296 1286 143
1297 390 218
1299 507 89
1299 15 73
1300 49 152
1300 26 202
1301 11 152
1303 28 142
1304 648 95
1304 10 142
1304 525 118
1304 784 128
1304 19 242
1304 699 278
1305 1200 193
1305 761 264
1305 60 147
1305 958 208
1305 777 148
1306 612 218
1306 46 307
1306 1071 113
1307 690 115
1307 522 123
1307 5 93
1308 9 83
1308 2 227
1308 22 147
1308 31 162
1309 8 103
1309 21 147
1309 1215 148
1312 343 129
1313 0 122
1313 473 138
1313 34 257
1313 43 197
1314 1328 149
1314 20 103
1314 63 147
1315 584 99
1315 24 88
1315 996 113
1315 29 147
1316 994 109
1316 894 118
1318 3 252
1318 1251 158
1320 434 233
1320 35 117
1321 784 138
1321 1243 113
1321 1251 193
1321 7 182
1322 12 192
1323 11 137
1325 57 192
1325 981 134
1326 48 217
1326 26 142
1326 332 188
1326 669 163
1328 1259 138
1328 1007 98
1331 3 172
1331 10 152
1331 35 217
1332 19 197
1332 61 162
1332 45 97
1333 48 127
1333 923 148
1333 21 162
1334 5 122
1337 26 182
1338 33 147
1338 950 198
1338 1023 198
1339 16 117
1339 691 163
1340 32 167
1340 946 93
1340 338 99
1340 2 73
1341 1075 103
1341 61 127
1341 37 83
