320 57 92
320 866 93
320 733 93
320 607 98
321 16 141
321 908 98
321 886 94
322 344 89
322 866 93
323 41 147
323 914 98
323 21 87
324 353 103
324 44 141
326 1161 83
326 1098 88
327 59 141
327 21 77
327 62 151
328 45 92
328 61 107
328 1199 88
329 544 100
329 54 92
329 61 77
329 430 93
329 15 87
330 32 82
330 617 98
330 19 92
331 419 118
332 32 107
332 547 98
332 14 88
333 489 83
333 1269 88
334 37 82
334 977 98
334 52 82
334 57 82
334 25 92
334 62 77
335 745 93
335 1053 104
336 26 87
336 34 151
336 1214 98
336 31 94
338 12 141
338 1082 88
338 748 88
341 1 92
342 23 97
344 17 77
344 26 137
345 56 87
345 1314 108
345 12 133
345 58 137
346 464 98
346 472 88
346 34 137
346 42 87
346 1154 83
347 17 87
348 51 84
348 52 92
349 41 107
349 13 97
350 785 147
350 31 77
350 37 77
350 61 98
351 34 88
351 30 151
353 648 157
353 705 83
353 1036 93
354 1253 98
356 48 137
356 46 151
357 40 82
358 840 88
358 2 151
359 384 83
359 546 139
359 12 87
359 990 108
360 33 87
360 490 143
361 577 88
362 1155 104
362 823 98
364 455 83
364 11 82
364 493 93
364 590 147
364 943 147
364 696 93
364 399 147
364 62 77
366 745 79
366 834 93
366 987 98
366 10 87
366 839 139
368 46 97
370 9 102
370 388 98
371 33 107
371 907 98
371 45 82
372 37 87
372 53 92
373 57 166
373 362 93
373 20 77
374 53 87
374 6 87
374 5 98
376 2 97
376 26 87
376 1236 103
376 1085 93
376 31 87
377 17 77
377 31 147
377 22 92
377 535 98
378 12 141
379 560 108
379 21 97
379 917 98
380 26 102
380 909 108
380 55 97
381 0 98
381 993 98
382 34 93
382 50 77
382 1117 98
383 17 141
383 1243 103
383 46 97
383 1110 118
386 1300 98
387 56 102
387 845 103
388 556 93
388 4 92
388 486 93
389 20 137
390 476 93
390 52 78
391 712 98
391 550 143
392 27 87
392 534 98
392 463 88
393 44 92
395 25 141
395 1195 93
395 821 93
395 382 83
395 1343 83
398 991 153
399 368 93
399 42 122
399 1131 83
399 23 94
401 632 88
401 29 141
402 628 108
403 959 83
404 27 87
404 556 93
404 381 94
404 37 137
405 960 103
405 0 166
407 19 77
407 51 92
407 3 87
408 772 108
409 553 83
409 5 82
410 401 153
411 1056 103
411 40 87
411 28 77
411 47 97
412 6 82
412 43 77
412 15 166
412 56 102
412 26 147
412 991 108
413 63 102
413 7 82
415 19 92
415 1043 98
415 718 103
416 49 92
416 348 93
416 374 84
416 55 97
417 21 77
419 0 87
419 881 90
419 659 83
419 29 82
419 847 94
420 360 103
420 17 117
420 908 98
420 789 113
424 6 87
425 791 98
426 593 103
426 17 87
427 1001 98
428 1290 98
428 11 92
428 876 83
428 1282 104
428 30 141
429 42 87
429 1171 108
430 34 82
430 1005 79
430 63 87
431 398 93
432 55 151
432 3 141
432 37 77
432 349 164
433 1001 88
433 34 151
433 566 143
434 48 77
434 1067 93
434 38 77
434 31 87
435 20 97
435 15 141
436 33 82
437 1 92
437 22 93
437 63 98
438 1267 93
439 569 118
439 710 88
439 617 88
441 53 77
441 550 93
442 521 84
442 555 88
442 45 88
442 518 147
443 834 83
443 1031 93
443 25 87
443 22 141
443 23 82
443 57 87
443 27 87
445 555 98
445 939 98
445 14 77
446 888 83
446 0 151
446 933 89
447 0 77
447 862 157
448 17 87
448 58 82
448 563 79
448 41 92
449 57 87
449 42 133
452 58 82
452 4 82
452 1015 147
453 993 93
455 49 92
457 3 98
457 908 83
457 31 141
458 589 93
459 41 78
459 36 87
460 35 92
460 31 92
462 1141 108
463 34 92
464 32 87
465 1296 157
465 1161 153
465 938 89
466 57 79
466 18 97
467 32 147
467 1026 93
467 459 158
467 46 151
467 1167 88
469 928 83
469 1081 89
469 1015 84
470 1028 88
470 1062 123
470 1293 108
470 46 166
470 55 151
470 28 92
471 55 82
472 34 92
472 954 108
472 31 77
473 865 88
473 1004 85
473 1005 104
473 46 77
473 58 87
473 667 108
474 962 129
474 24 102
474 27 92
474 28 92
474 1021 108
474 30 151
475 403 147
476 390 79
476 39 151
477 1297 90
477 44 77
477 1182 90
478 482 93
478 1042 93
480 754 103
480 19 102
480 1294 85
481 8 77
481 383 89
482 7 88
483 17 87
483 2 82
483 6 87
484 58 87
484 870 93
485 441 147
485 44 102
485 605 88
486 1182 94
486 383 83
487 867 103
487 1003 93
487 6 141
487 1014 95
488 409 93
488 603 84
488 39 87
489 41 93
489 822 153
489 15 77
490 10 129
490 11 137
490 470 93
490 14 112
490 1271 104
491 34 141
491 54 92
491 438 147
492 25 77
492 668 139
492 28 92
492 44 133
493 35 98
493 10 87
493 13 141
493 429 83
493 531 147
493 1047 83
493 348 95
494 827 79
496 860 95
496 622 103
497 729 88
497 45 107
497 21 97
498 938 85
498 1181 103
498 63 151
500 865 157
500 18 69
500 55 79
500 1 97
501 504 139
501 452 98
502 24 82
502 10 77
502 42 82
502 1270 153
503 2 87
503 28 74
503 10 87
504 745 99
504 21 82
504 9 87
506 482 99
506 34 77
506 62 92
506 982 96
506 930 115
509 650 79
509 1149 139
510 35 137
511 979 86
512 672 147
512 723 147
512 46 87
512 15 156
513 994 103
514 48 143
514 1084 162
514 1127 83
515 57 87
517 43 87
517 20 92
517 46 92
518 1282 147
519 1145 108
519 18 92
519 332 88
519 1181 88
519 61 97
520 50 102
520 30 92
520 6 102
520 23 98
521 11 151
521 7 82
522 33 92
522 61 102
523 1005 98
524 417 157
524 50 102
524 60 77
524 1046 88
525 22 83
525 14 122
527 18 77
527 60 151
527 1014 153
527 863 157
529 0 92
529 860 93
529 566 147
530 63 141
531 360 118
531 59 141
532 16 82
532 49 141
532 10 87
532 12 127
533 1061 93
534 41 92
536 345 103
536 50 77
537 1 83
537 588 108
538 704 79
538 561 105
538 47 151
539 24 82
539 938 139
539 35 83
539 389 143
542 20 92
543 10 92
543 1075 93
543 44 141
544 823 98
544 903 94
545 40 77
545 37 94
545 21 88
545 557 93
545 63 77
546 9 82
546 58 92
546 46 82
547 689 98
547 1 117
549 1195 89
550 672 88
550 50 97
550 12 102
550 839 83
552 1291 83
552 41 143
552 443 88
552 48 82
553 861 157
553 727 157
554 847 99
555 1002 139
555 34 141
555 790 98
555 63 92
557 945 157
558 56 102
558 22 77
559 1304 83
559 34 82
559 447 93
559 994 88
559 7 88
560 455 88
561 36 141
561 1237 98
561 63 77
562 48 77
562 20 97
563 31 87
564 457 94
564 13 147
564 398 143
564 63 92
565 42 87
565 39 87
565 29 102
565 7 82
566 25 82
566 27 117
567 850 147
567 791 147
567 574 93
567 975 83
570 40 92
570 11 87
572 35 137
572 62 141
573 449 147
573 1121 153
574 41 92
574 58 92
574 63 87
575 27 151
577 520 147
578 26 87
578 562 89
579 0 141
580 62 92
581 0 82
581 1 87
581 1290 98
581 19 87
581 766 99
588 1173 83
589 24 92
589 1293 167
590 45 77
591 417 147
591 28 82
591 62 92
591 935 83
592 25 166
593 2 88
593 1268 143
593 670 83
593 47 98
594 435 93
595 48 92
595 26 92
595 42 147
600 44 77
600 965 98
600 15 87
601 504 94
601 12 83
602 8 92
602 50 151
602 60 82
602 1077 88
603 1235 147
603 477 98
604 783 143
605 4 87
605 30 92
608 32 92
608 24 97
608 27 87
608 37 87
608 39 151
611 704 98
611 1330 84
611 52 92
611 38 97
612 1273 157
612 6 92
613 1306 98
613 534 98
615 1288 90
615 56 92
615 326 83
616 50 87
616 1247 94
616 29 84
616 45 97
617 9 137
618 41 88
618 1316 84
619 346 157
619 1157 98
620 58 87
620 3 87
622 26 94
622 374 103
622 911 83
623 24 112
623 33 132
623 49 87
626 33 78
626 5 94
626 44 102
626 907 93
626 460 103
626 1102 98
627 60 82
628 601 93
628 977 124
630 24 156
630 753 85
630 519 98
631 49 92
631 953 83
632 56 88
632 26 97
632 3 87
633 1057 147
633 1234 113
633 411 98
634 8 77
634 1339 93
634 4 87
634 1086 83
635 730 93
635 767 108
637 762 113
637 996 153
637 695 98
638 1290 103
638 59 77
639 848 98
639 472 88
639 1299 99
639 38 92
639 1320 98
641 24 102
641 25 88
641 474 147
641 1314 89
642 825 147
642 821 84
643 57 77
643 1170 100
643 36 87
643 10 87
643 63 87
644 15 78
647 524 88
648 31 87
648 4 102
648 831 94
650 2 102
650 798 85
652 993 89
652 58 82
652 31 73
653 579 98
654 40 147
654 618 147
654 50 102
657 47 84
658 17 73
658 402 88
659 393 79
661 874 153
664 49 88
664 26 88
664 29 92
665 1328 99
666 1132 93
666 342 89
666 39 98
667 1008 79
667 613 104
668 55 88
668 630 147
668 15 77
669 44 92
670 1290 98
671 45 98
671 1286 108
672 42 97
672 388 98
672 1005 79
673 43 84
673 51 83
673 38 82
673 47 92
674 985 89
674 7 92
675 16 90
675 33 97
675 11 77
680 665 157
680 29 83
680 47 147
681 49 83
681 1122 153
681 652 84
681 52 82
682 0 102
683 2 83
684 577 93
684 20 87
684 429 83
684 63 92
685 320 98
685 41 78
685 10 151
685 1096 84
686 25 151
686 419 93
687 25 87
687 539 90
687 1221 147
688 1122 93
688 63 92
688 399 110
689 553 149
689 700 108
689 829 149
692 56 84
692 19 77
692 844 157
692 47 79
695 21 70
695 30 74
695 47 80
696 756 98
696 37 98
697 9 133
698 5 88
698 1192 153
698 62 117
698 759 84
698 825 93
698 30 102
700 562 93
701 1009 98
701 1322 86
701 628 153
702 795 108
704 31 82
704 22 151
704 39 87
705 1282 104
705 933 93
705 7 97
707 52 98
708 1008 83
708 47 147
710 61 87
710 62 87
710 47 151
711 890 139
712 1287 83
713 1256 98
713 16 77
713 876 83
713 30 92
713 57 127
715 799 139
716 24 87
717 1341 147
717 1085 93
718 988 157
718 882 157
718 35 77
718 588 90
718 30 83
719 681 98
719 35 137
719 12 82
722 1010 94
722 60 94
722 989 153
722 390 98
723 936 108
724 51 97
724 39 97
725 51 92
725 726 85
726 32 83
726 1217 108
726 1010 88
726 449 94
727 48 92
727 10 122
727 51 151
727 20 97
727 55 133
728 489 147
728 1175 99
728 44 87
728 49 141
728 1333 108
728 55 92
729 841 157
729 27 92
729 12 92
730 865 93
730 44 87
730 21 92
730 37 82
731 19 92
731 659 93
731 39 82
733 36 87
733 1285 98
733 679 83
733 40 92
733 1098 147
733 43 107
733 664 83
733 731 88
733 1119 98
734 1208 147
734 9 92
734 933 147
734 53 87
735 11 87
736 2 87
736 45 92
736 605 93
737 32 141
737 1244 88
737 380 98
737 1214 83
740 1281 139
740 54 87
740 1255 93
741 642 98
741 612 93
741 886 103
743 1044 93
744 32 87
744 5 82
744 711 98
745 50 93
746 1266 88
746 29 87
747 1001 93
748 417 113
748 517 108
750 50 87
750 51 141
750 28 93
751 0 141
751 718 88
751 983 88
752 488 88
752 432 98
753 632 83
753 41 84
753 972 103
753 398 93
754 48 97
754 55 117
754 15 82
756 56 87
756 34 112
756 940 93
756 53 102
757 712 93
760 56 132
760 38 82
760 783 94
761 34 77
762 56 151
762 25 151
762 60 88
764 43 92
764 12 82
767 49 92
767 1085 93
769 33 141
769 26 73
769 3 88
769 31 93
770 359 93
772 556 98
773 10 87
773 403 79
774 1240 88
774 25 88
774 907 98
775 25 87
775 730 89
775 36 141
775 13 88
775 542 104
776 1299 103
776 19 92
776 44 87
778 61 98
779 10 98
779 940 108
782 0 102
782 464 105
782 20 102
782 53 113
785 48 93
785 1173 93
786 16 147
786 748 108
787 425 153
787 35 84
788 1 141
788 55 117
789 63 92
790 59 82
790 44 147
790 62 93
791 32 77
791 33 77
791 42 82
791 11 137
791 13 102
791 46 87
791 1210 93
792 48 79
792 56 98
793 1 92
795 17 87
796 48 84
796 58 77
796 20 87
797 37 97
798 56 83
798 511 85
798 61 69
798 389 157
799 38 151
800 24 73
800 62 92
800 1286 157
801 40 102
802 1323 93
802 60 88
802 21 97
805 533 93
805 1215 86
807 45 82
809 38 147
809 1255 83
809 45 98
809 50 88
809 632 88
809 479 98
811 48 88
811 19 141
812 33 77
812 953 84
812 1311 108
813 1072 90
813 1053 104
813 446 89
813 767 93
817 1090 163
817 756 157
818 50 98
818 1260 103
818 717 143
820 24 92
820 9 137
820 48 133
820 62 139
820 17 87
821 1008 83
821 1323 93
821 1267 108
822 934 93
823 24 88
823 414 157
825 520 157
825 52 166
825 4 88
825 31 87
826 50 83
826 35 88
827 34 87
830 692 104
831 1300 98
831 1002 89
831 348 157
831 1306 93
831 535 88
832 2 98
833 1202 88
834 57 92
834 570 84
835 1313 157
835 42 172
835 39 137
835 2 92
835 53 97
836 783 93
836 1335 83
837 57 82
837 50 92
837 43 73
837 1038 99
839 25 87
839 26 87
840 32 93
840 19 87
840 22 83
841 1312 104
841 494 93
841 783 98
842 9 87
842 21 147
842 55 77
844 1 77
844 53 73
845 44 77
845 1237 143
845 39 87
846 56 137
846 23 151
847 50 103
847 58 97
847 45 77
847 61 98
848 16 82
848 2 77
848 19 83
850 32 83
850 3 73
850 15 73
851 34 82
851 1051 100
852 12 102
852 58 77
852 44 83
852 37 77
852 46 87
854 557 103
854 22 88
855 16 92
855 1234 93
855 28 83
855 15 83
856 58 82
856 51 147
857 12 151
858 632 108
858 60 176
858 1108 93
858 25 147
859 1208 98
859 52 82
859 1172 89
859 14 87
860 1184 89
860 392 94
860 51 83
861 12 92
861 1341 83
861 334 103
862 812 85
862 20 88
862 1343 147
863 517 98
864 49 87
865 16 97
865 857 93
865 27 97
867 10 92
867 12 141
868 40 97
868 59 102
869 778 104
870 63 137
872 344 147
872 51 73
872 20 92
872 1263 103
873 560 157
873 994 89
874 10 87
874 35 98
876 1013 123
876 54 143
879 59 82
880 393 83
880 30 88
880 1103 88
882 56 92
882 16 97
882 45 93
882 1257 162
883 1192 99
883 474 85
884 8 88
884 806 103
885 13 102
886 600 104
886 30 102
887 25 92
888 18 87
888 51 94
888 45 83
889 8 92
889 60 86
889 1085 88
890 54 92
890 14 82
890 1302 93
892 1043 93
892 1115 89
892 62 79
892 487 90
896 40 82
896 1014 90
897 558 93
897 31 97
901 569 98
901 20 141
901 23 141
902 542 93
903 712 139
903 9 102
903 30 92
905 792 93
905 26 151
906 14 84
907 41 87
907 18 82
908 24 88
908 928 98
908 734 103
908 55 77
909 25 147
909 41 151
912 20 92
912 13 102
912 62 117
912 455 103
913 971 79
913 23 137
915 63 151
915 50 87
915 7 77
915 62 102
915 1047 147
916 32 92
916 10 141
916 49 97
916 18 92
916 761 94
916 27 87
918 1 82
918 12 97
919 865 157
920 35 98
920 727 157
921 521 100
921 11 141
921 45 92
921 1150 98
921 919 94
924 57 98
925 56 92
925 42 97
925 611 98
925 62 87
926 1337 98
926 2 82
926 20 88
926 45 77
926 1326 93
927 33 88
927 59 87
928 914 88
928 12 87
930 1069 93
930 7 97
931 1258 93
931 503 88
932 25 97
932 939 88
932 51 141
932 1013 79
933 827 98
934 864 98
935 32 141
935 661 98
936 35 141
936 655 98
936 631 93
938 1045 94
939 1169 94
939 1157 98
941 35 92
941 29 97
941 54 97
943 25 82
943 1203 93
943 1017 147
946 326 94
946 555 83
946 51 147
946 438 147
946 55 147
946 473 94
950 1291 88
950 12 102
951 37 87
951 29 77
952 36 151
952 21 78
953 44 102
953 389 83
954 617 98
954 330 103
954 25 87
955 48 102
955 21 156
955 909 98
957 1194 83
959 56 82
959 19 87
959 717 93
959 38 141
959 7 102
960 1281 88
960 13 92
961 48 94
961 44 77
961 5 102
962 472 98
962 44 77
962 53 82
963 872 93
963 916 98
963 22 77
963 63 156
965 56 82
966 44 77
966 60 92
966 52 141
966 45 141
966 39 77
968 24 88
968 42 141
969 8 77
969 27 77
970 19 92
970 3 82
970 39 87
971 5 92
972 858 103
972 31 92
972 58 87
972 1119 147
973 10 82
973 589 83
973 935 83
975 10 87
975 1243 83
977 1241 88
977 2 112
977 61 97
979 34 82
979 51 137
979 10 77
982 1097 147
982 27 141
982 55 83
983 1097 147
983 1070 147
984 17 102
985 751 98
987 1103 103
987 957 88
987 38 92
987 1085 98
988 969 94
988 50 82
989 1232 99
989 26 97
989 12 92
990 857 157
990 1308 153
990 1165 93
991 1216 153
991 557 147
991 62 87
993 688 94
993 1132 83
994 1074 103
994 38 102
996 42 87
996 35 87
996 788 98
997 33 141
997 52 87
997 25 97
999 834 98
999 771 147
999 963 93
999 63 87
1000 26 87
1000 27 137
1000 5 87
1001 1324 93
1001 5 87
1003 33 82
1003 7 97
1004 13 151
1004 45 77
1006 43 77
1006 22 97
1006 1175 104
1008 25 137
1008 37 87
1009 398 108
1009 327 94
1010 670 83
1010 430 83
1012 859 103
1013 50 112
1013 643 93
1013 29 102
1013 1098 98
1013 1031 93
1014 4 97
1014 799 98
1015 736 93
1015 54 87
1016 19 92
1016 61 92
1016 55 82
1017 815 90
1017 38 147
1017 55 97
1020 3 147
1020 7 141
1020 31 92
1021 1131 128
1021 342 83
1021 15 82
1022 840 103
1022 408 98
1023 482 157
1023 63 82
1023 23 133
1024 6 87
1026 10 97
1026 1275 93
1026 21 78
1028 934 94
1028 63 141
1031 6 82
1031 27 77
1031 701 93
1031 14 97
1034 387 157
1035 384 94
1035 481 88
1035 962 93
1035 44 141
1035 21 77
1035 24 97
1035 27 94
1036 785 99
1036 50 82
1037 578 143
1037 43 137
1037 358 147
1038 41 82
1038 683 83
1038 12 141
1039 0 97
1039 5 87
1039 49 102
1039 756 98
1039 54 102
1039 59 141
1041 530 98
1041 899 108
1041 44 87
1041 6 137
1042 11 92
1042 18 137
1042 27 78
1042 1253 88
1043 402 83
1044 665 157
1044 1149 147
1045 1057 93
1045 27 82
1045 1165 89
1046 1320 98
1046 9 97
1046 11 84
1048 962 153
1048 42 102
1048 1172 104
1048 837 98
1048 6 92
1051 42 83
1052 715 108
1052 28 97
1053 17 166
1053 14 151
1053 15 77
1054 35 147
1054 1214 88
1055 58 141
1055 1171 83
1055 23 92
1056 547 88
1056 20 102
1057 52 77
1057 1206 98
1059 34 87
1059 477 83
1062 1081 98
1062 460 100
1062 1069 93
1062 12 87
1062 63 77
1063 2 92
1063 43 87
1063 388 153
1063 21 151
1063 1199 98
1065 6 87
1065 39 77
1065 683 88
1065 50 82
1065 51 92
1065 888 103
1066 34 77
1066 1227 93
1067 23 97
1069 26 141
1069 1286 157
1070 9 97
1072 1135 83
1074 987 83
1074 12 87
1075 664 108
1075 51 97
1075 20 87
1076 24 88
1076 322 147
1076 963 108
1077 48 102
1077 917 98
1077 591 83
1078 59 97
1078 653 88
1078 1182 88
1080 650 108
1081 1003 93
1082 17 82
1082 50 82
1083 1161 147
1083 1186 83
1083 27 82
1084 56 122
1084 11 87
1085 49 87
1085 19 102
1086 56 82
1086 19 87
1087 1260 98
1087 62 151
1087 1271 83
1090 57 87
1092 51 82
1092 1302 93
1097 1098 98
1100 24 151
1100 769 157
1100 554 93
1100 20 77
1100 1118 147
1101 633 143
1101 10 92
1101 35 77
1101 44 151
1102 328 83
1103 49 151
1103 42 77
1103 51 77
1103 58 87
1103 903 93
1104 1169 93
1104 10 97
1104 4 77
1104 1021 88
1104 1225 99
1105 1180 108
1106 43 92
1106 1159 83
1107 493 147
1107 637 88
1108 1179 83
1108 60 78
1110 56 141
1110 40 141
1110 5 92
1110 62 88
1111 19 88
1111 1042 113
1111 667 98
1111 61 102
1111 63 117
1113 1034 163
1113 812 157
1115 0 77
1115 384 88
1115 4 82
1115 1020 145
1115 43 137
1115 12 82
1115 1332 153
1115 60 97
1116 25 82
1116 34 137
1116 58 92
1116 6 82
1116 601 93
1117 48 141
1117 39 133
1118 24 77
1118 806 88
1119 19 137
1119 54 102
1120 0 141
1120 56 92
1120 31 87
1120 55 102
1121 57 92
1122 1 87
1122 730 103
1122 1287 108
1123 51 102
1124 60 147
1124 351 98
1125 10 98
1125 50 92
1126 0 77
1126 43 87
1127 1220 93
1128 19 141
1128 637 98
1129 1082 88
1129 18 77
1129 875 98
1129 61 87
1132 1168 83
1134 35 87
1134 874 172
1134 44 141
1134 10 77
1134 823 93
1134 1337 143
1134 42 97
1135 49 141
1135 42 107
1135 772 153
1135 38 77
1136 33 87
1136 880 108
1136 41 141
1136 48 137
1136 9 77
1136 789 93
1136 23 107
1136 404 98
1137 835 103
1137 51 77
1137 61 77
1138 997 143
1138 23 87
1139 985 83
1141 24 77
1144 8 141
1144 546 103
1144 62 87
1147 1129 83
1147 1125 147
1147 1297 83
1149 388 147
1149 428 98
1149 783 93
1150 9 92
1150 740 147
1150 31 92
1151 491 93
1153 1080 93
1153 883 83
1153 1174 143
1153 1055 93
1154 1160 83
1154 58 87
1155 879 172
1157 40 87
1157 9 82
1157 8 98
1159 1177 88
1159 45 92
1160 626 98
1160 62 77
1160 773 93
1160 46 87
1161 1092 88
1161 14 87
1161 1055 108
1163 36 102
1163 54 87
1164 32 77
1164 613 88
1167 797 98
1168 2 107
1168 382 93
1169 329 83
1169 43 77
1170 35 83
1170 59 82
1170 49 92
1170 1111 99
1171 12 77
1172 392 139
1172 472 157
1172 1020 88
1173 51 87
1174 48 82
1174 58 151
1174 19 87
1174 439 83
1175 4 87
1175 341 98
1177 543 83
1179 10 77
1179 595 103
1179 53 77
1180 520 93
1180 17 97
1180 524 147
1180 461 93
1180 6 97
1181 338 94
1181 371 88
1181 1302 94
1181 15 77
1182 37 82
1184 33 102
1184 21 87
1184 29 137
1184 1145 157
1185 5 77
1186 700 93
1186 1317 103
1186 53 151
1187 17 92
1188 19 87
1188 773 89
1194 866 108
1194 62 92
1197 56 82
1197 53 87
1197 1014 93
1197 407 83
1199 44 102
1199 6 141
1199 1166 83
1199 623 98
1202 619 83
1202 360 93
1202 31 82
1202 5 92
1202 47 77
1203 685 93
1203 453 93
1203 53 92
1204 1122 89
1204 1228 118
1204 1074 83
1205 704 149
1205 13 82
1207 896 94
1207 48 82
1207 43 147
1207 12 98
1207 7 88
1208 35 87
1208 20 82
1209 44 82
1211 59 97
1211 30 87
1212 58 87
1212 53 92
1212 21 98
1214 785 89
1214 514 94
1215 22 151
1216 442 98
1216 955 88
1218 56 83
1218 1 92
1218 1293 98
1218 17 137
1219 328 108
1219 22 77
1220 32 97
1220 383 83
1220 23 87
1221 9 97
1222 40 97
1222 745 98
1224 409 88
1224 2 77
1225 8 147
1225 53 87
1225 1117 88
1225 55 82
1228 56 87
1229 40 151
1229 25 151
1229 351 153
1229 56 82
1229 31 82
1231 5 92
1232 27 77
1232 1163 88
1232 1221 147
1233 332 143
1234 945 157
1234 43 151
1234 13 141
1234 55 77
1235 1265 98
1235 42 161
1235 26 87
1236 615 93
1236 23 97
1237 435 94
1237 12 87
1237 1263 94
1239 28 82
1239 5 82
1240 643 98
1240 22 82
1241 48 87
1241 778 83
1242 24 82
1242 1101 98
1242 14 98
1243 13 78
1243 422 172
1244 1281 84
1245 36 82
1245 524 83
1245 984 163
1245 27 87
1245 61 151
1245 1055 104
1246 8 143
1246 50 97
1247 40 92
1247 56 82
1247 26 82
1247 534 103
1249 45 77
1249 38 151
1250 523 88
1250 774 100
1250 7 84
1251 673 103
1251 28 141
1251 1103 88
1251 52 133
1251 57 97
1251 764 139
1253 1129 98
1253 34 82
1253 55 92
1254 26 82
1254 379 83
1255 11 92
1255 862 103
1256 38 87
1257 867 83
1257 1301 104
1258 638 94
1258 38 92
1258 855 88
1259 955 83
1260 644 123
1260 1260 108
1261 32 141
1261 3 87
1261 7 82
1261 716 103
1261 13 137
1261 51 82
1262 1137 147
1262 33 77
1263 26 77
1263 52 151
1265 1251 94
1265 39 97
1265 328 98
1265 1291 84
1265 1053 88
1265 30 87
1266 592 93
1267 480 83
1267 41 92
1267 42 92
1267 36 88
1268 44 151
1268 1245 93
1268 911 93
1269 4 77
1270 10 133
1270 59 77
1270 1269 153
1270 334 143
1271 1209 83
1271 6 97
1273 53 94
1275 59 82
1276 608 139
1276 57 82
1276 21 97
1276 14 87
1278 58 88
1278 412 93
1281 880 93
1281 428 83
1281 6 77
1282 23 97
1282 1010 147
1282 471 83
1282 55 141
1283 40 141
1283 10 87
1283 571 157
1283 1190 104
1283 15 97
1284 1312 84
1284 361 157
1285 1288 98
1285 532 83
1285 37 141
1286 17 87
1287 370 153
1287 52 87
1287 634 98
1287 1262 93
1287 471 94
1288 57 102
1288 13 97
1288 61 87
1288 1337 98
1290 17 87
1290 380 149
1291 8 117
1291 1 97
1292 761 89
1292 490 88
1292 58 151
1293 56 77
1293 20 92
1293 427 93
1293 36 102
1293 1237 93
1294 796 93
1294 487 104
1295 842 93
1295 27 87
1296 52 92
1296 30 82
1296 54 87
1297 49 92
1299 1104 94
1299 37 78
1300 362 157
1300 955 93
1300 1254 98
1301 16 92
1301 771 104
1301 31 143
1302 14 137
1304 57 97
1304 23 87
1306 38 82
1308 20 87
1308 42 151
1308 36 141
1308 45 87
1309 856 103
1309 49 87
1309 1291 83
1309 479 147
1310 28 92
1310 604 93
1310 13 92
1310 759 88
1311 368 93
1311 5 92
1312 47 82
1313 26 77
1313 30 97
1313 54 87
1314 27 87
1314 515 88
1315 1265 94
1316 2 82
1317 19 82
1317 59 87
1317 1078 93
1318 552 147
1318 345 98
1320 8 87
1320 27 87
1320 46 141
1320 623 104
1322 1 92
1322 20 87
1323 1048 103
1324 36 98
1325 1210 98
1326 60 92
1326 46 87
1326 54 137
1330 449 88
1330 850 143
1330 356 89
1330 14 82
1332 396 88
1332 58 92
1332 1276 108
1333 821 147
1333 557 83
1335 3 92
1335 653 143
1335 670 83
1335 437 93
1336 0 77
1336 54 92
1336 12 133
1336 438 93
1336 1262 94
1337 1219 88
1337 387 98
1338 1115 83
1338 45 87
1339 881 93
1339 740 103
1339 23 97
1341 984 103
1341 969 93
1343 7 141
1343 455 83
1343 1076 93
1343 30 97
1343 61 82
1343 478 93
