93 35 174 1000
421 11 174 1000
200 35 210 1000
221 202 181 1000
99 443 138 1000
97 37 179 1000
304 22 143 1000
110 470 224 1000
97 33 147 1000
471 38 203 1000
480 22 172 1000
341 33 193 1000
441 3 142 1000
99 271 198 1000
453 27 152 1000
470 453 143 1000
108 22 151 1000
286 37 176 1000
357 185 161 1000
121 20 201 1000
450 10 155 1000
109 39 196 1000
341 35 165 1000
193 16 216 1000
447 92 115 1000
141 468 176 1000
201 37 160 1000
197 103 166 1000
465 37 184 1000
341 311 156 1000
92 440 119 1000
450 34 139 1000
471 3 175 1000
472 111 159 1000
485 192 165 1000
97 1 114 1000
219 482 183 1000
432 436 153 1000
291 94 104 1000
241 443 147 1000
143 33 184 1000
473 19 188 1000
439 480 144 1000
97 36 128 1000
97 22 153 1000
285 18 178 1000
434 12 188 1000
112 5 179 1000
444 22 132 1000
96 24 198 1000
328 1 162 1000
112 206 107 1000
476 5 182 1000
93 38 108 1000
449 24 172 1000
451 38 163 1000
466 36 107 1000
364 27 153 1000
195 14 152 1000
411 33 133 1000
402 183 152 1000
253 36 187 1000
413 406 162 1000
182 11 147 1000
336 13 173 1000
323 38 216 1000
190 38 173 1000
468 18 191 1000
277 16 187 1000
244 189 171 1000
282 12 107 1000
464 307 151 1000
358 39 102 1000
262 39 126 1000
473 18 167 1000
441 15 176 1000
260 27 182 1000
282 36 130 1000
477 26 175 1000
441 113 141 1000
219 33 145 1000
333 20 125 1000
198 1 120 1000
395 39 176 1000
421 452 145 1000
458 32 160 1000
202 39 86 1000
406 35 169 1000
355 20 111 1000
439 196 105 1000
110 199 105 1000
287 17 180 1000
215 33 129 1000
478 1 149 1000
302 25 149 1000
336 37 160 1000
286 21 169 1000
362 39 158 1000
365 39 164 1000
485 37 225 1000
115 206 139 1000
131 443 137 1000
347 20 135 1000
96 38 153 1000
178 16 159 1000
289 15 179 1000
421 32 139 1000
111 34 140 1000
446 3 94 1000
195 24 205 1000
358 386 163 1000
468 38 105 1000
476 22 103 1000
435 38 113 1000
471 27 133 1000
173 3 174 1000
444 191 118 1000
336 33 114 1000
115 38 118 1000
104 473 129 1000
115 27 88 1000
252 38 142 1000
344 37 149 1000
310 35 103 1000
479 11 128 1000
180 19 194 1000
477 9 153 1000
433 19 124 1000
220 17 158 1000
454 33 153 1000
413 163 198 1000
217 13 128 1000
276 18 204 1000
220 39 118 1000
446 5 149 1000
333 36 92 1000
360 263 109 1000
85 27 230 1000
350 229 194 1000
195 118 92 1000
382 35 148 1000
369 442 124 1000
104 36 107 1000
446 2 113 1000
398 450 117 1000
342 19 123 1000
424 3 157 1000
349 434 123 1000
350 433 92 1000
452 357 127 1000
198 20 102 1000
242 38 83 1000
193 467 112 1000
197 106 132 1000
365 3 136 1000
249 36 140 1000
457 1 113 1000
307 16 92 1000
491 40 148 1000
210 3 126 1000
107 121 136 1000
307 22 146 1000
413 19 96 1000
209 13 101 1000
473 20 137 1000
326 307 111 1000
351 2 157 1000
449 18 101 1000
397 5 197 1000
470 16 107 1000
291 2 131 1000
120 3 99 1000
291 32 152 1000
113 22 135 1000
231 220 115 1000
246 113 125 1000
434 18 145 1000
217 37 122 1000
455 119 105 1000
200 3 111 1000
334 198 120 1000
456 21 156 1000
133 28 145 1000
274 289 121 1000
224 322 171 1000
309 38 115 1000
444 257 115 1000
244 20 130 1000
388 1 171 1000
450 29 140 1000
175 322 171 1000
154 465 193 1000
270 26 181 1000
438 19 105 1000
236 33 110 1000
322 352 103 1000
489 220 101 1000
361 34 90 1000
200 38 130 1000
271 192 146 1000
448 28 124 1000
396 18 166 1000
472 13 129 1000
484 299 134 1000
351 26 191 1000
436 29 209 1000
137 25 161 1000
407 16 134 1000
262 252 170 1000
246 16 134 1000
217 38 114 1000
311 396 125 1000
485 12 114 1000
425 304 100 1000
94 4 194 1000
119 30 155 1000
413 26 104 1000
285 37 94 1000
201 5 99 1000
141 24 180 1000
110 243 109 1000
382 13 197 1000
178 12 110 1000
211 37 121 1000
283 172 109 1000
120 5 124 1000
431 178 169 1000
119 274 84 1000
451 25 99 1000
371 99 125 1000
117 314 153 1000
226 36 122 1000
333 25 190 1000
99 26 122 1000
217 32 98 1000
281 473 93 1000
106 6 178 1000
328 25 159 1000
211 26 133 1000
177 25 187 1000
270 1 113 1000
482 11 124 1000
289 28 103 1000
435 25 119 1000
470 14 108 1000
217 375 149 1000
210 19 123 1000
276 402 108 1000
302 125 183 1000
401 238 154 1000
107 2 103 1000
259 14 163 1000
454 11 128 1000
483 17 148 1000
275 382 164 1000
464 323 157 1000
103 88 167 1000
108 82 158 1000
264 38 97 1000
244 39 132 1000
323 21 138 1000
458 6 187 1000
408 5 98 1000
237 14 166 1000
444 31 127 1000
443 18 118 1000
286 25 132 1000
289 25 116 1000
488 27 132 1000
424 22 89 1000
477 10 112 1000
344 11 113 1000
231 200 127 1000
163 20 155 1000
246 2 117 1000
202 5 114 1000
470 26 108 1000
285 394 132 1000
357 26 112 1000
197 19 132 1000
227 12 107 1000
482 12 127 1000
173 20 112 1000
302 29 192 1000
196 173 78 1000
259 27 107 1000
440 31 142 1000
429 35 107 1000
476 0 143 1000
119 23 181 1000
252 33 91 1000
261 34 167 1000
351 306 91 1000
195 299 106 1000
198 294 97 1000
200 292 102 1000
333 411 102 1000
476 31 111 1000
406 26 97 1000
211 40 119 1000
349 20 101 1000
195 28 121 1000
367 24 182 1000
402 37 109 1000
187 20 141 1000
257 1 106 1000
258 1 87 1000
206 26 154 1000
236 31 146 1000
355 31 134 1000
298 447 121 1000
422 27 127 1000
111 31 102 1000
175 107 124 1000
348 117 141 1000
118 28 146 1000
143 1 116 1000
180 384 199 1000
468 399 91 1000
298 1 135 1000
468 24 105 1000
252 284 77 1000
213 232 85 1000
314 118 152 1000
223 22 115 1000
226 22 109 1000
163 483 165 1000
306 9 131 1000
406 19 110 1000
350 37 107 1000
168 33 106 1000
151 11 127 1000
224 11 115 1000
115 17 115 1000
197 40 115 1000
460 10 115 1000
472 425 100 1000
348 411 140 1000
108 31 131 1000
406 31 144 1000
107 191 115 1000
239 240 175 1000
396 20 80 1000
259 36 80 1000
261 36 80 1000
199 423 110 1000
433 6 160 1000
258 22 140 1000
480 9 130 1000
382 36 111 1000
86 40 150 1000
175 11 107 1000
123 441 116 1000
451 6 105 1000
337 482 110 1000
213 14 105 1000
223 226 96 1000
118 7 149 1000
488 13 115 1000
297 36 105 1000
334 6 201 1000
384 397 193 1000
199 18 99 1000
461 0 151 1000
220 24 104 1000
349 22 109 1000
135 5 86 1000
476 40 114 1000
258 35 104 1000
302 10 94 1000
232 36 104 1000
227 5 102 1000
485 11 129 1000
344 19 95 1000
350 19 109 1000
93 30 125 1000
369 16 109 1000
259 17 189 1000
328 39 99 1000
329 39 113 1000
481 26 129 1000
434 6 95 1000
485 38 94 1000
311 18 105 1000
110 14 134 1000
258 113 112 1000
125 5 149 1000
127 361 118 1000
442 89 119 1000
450 87 105 1000
386 40 125 1000
103 24 93 1000
404 24 114 1000
292 36 109 1000
186 32 99 1000
128 428 169 1000
142 39 130 1000
192 239 104 1000
463 28 109 1000
179 30 154 1000
482 350 125 1000
277 0 179 1000
300 39 95 1000
87 33 113 1000
360 30 83 1000
271 32 138 1000
127 35 75 1000
455 483 93 1000
217 15 103 1000
393 3 85 1000
136 364 93 1000
348 39 113 1000
86 12 85 1000
482 314 143 1000
365 37 109 1000
404 40 103 1000
146 20 133 1000
478 15 148 1000
243 14 108 1000
281 326 84 1000
454 238 103 1000
275 31 109 1000
246 399 148 1000
448 373 93 1000
453 14 123 1000
142 12 163 1000
385 448 128 1000
127 304 96 1000
115 144 118 1000
251 9 122 1000
439 312 104 1000
104 15 118 1000
89 1 148 1000
99 0 137 1000
363 38 133 1000
133 0 134 1000
137 0 193 1000
488 278 88 1000
482 40 89 1000
276 294 117 1000
255 37 94 1000
99 153 92 1000
213 34 97 1000
108 258 92 1000
172 40 117 1000
144 109 135 1000
243 26 112 1000
442 122 102 1000
365 5 93 1000
398 5 102 1000
132 180 148 1000
181 336 122 1000
129 334 178 1000
241 20 91 1000
159 35 123 1000
273 393 112 1000
119 17 107 1000
364 2 89 1000
401 396 118 1000
430 32 132 1000
255 22 147 1000
183 326 132 1000
128 326 138 1000
120 6 130 1000
264 37 112 1000
342 40 103 1000
447 23 141 1000
298 37 83 1000
344 341 86 1000
236 3 109 1000
458 15 97 1000
244 31 106 1000
243 34 126 1000
466 6 81 1000
326 31 132 1000
322 34 105 1000
121 90 92 1000
260 39 114 1000
240 38 111 1000
150 19 149 1000
127 210 85 1000
128 202 88 1000
203 127 130 1000
275 21 102 1000
337 5 120 1000
152 477 139 1000
90 20 110 1000
299 39 120 1000
252 32 75 1000
332 14 133 1000
155 28 167 1000
186 19 100 1000
428 332 150 1000
351 23 136 1000
342 28 85 1000
370 26 123 1000
394 26 100 1000
173 28 126 1000
328 5 90 1000
143 32 102 1000
152 12 126 1000
190 28 70 1000
232 39 125 1000
296 2 135 1000
189 5 110 1000
122 25 181 1000
282 23 110 1000
488 9 95 1000
325 400 145 1000
484 4 135 1000
278 234 85 1000
252 5 105 1000
319 12 71 1000
402 15 99 1000
178 24 85 1000
185 24 95 1000
246 17 90 1000
441 4 90 1000
138 21 95 1000
226 40 119 1000
108 88 116 1000
332 26 127 1000
316 1 94 1000
239 5 89 1000
132 15 134 1000
482 26 129 1000
311 159 119 1000
173 40 109 1000
371 328 135 1000
316 28 161 1000
345 24 114 1000
429 25 144 1000
236 424 100 1000
241 16 133 1000
361 7 109 1000
350 4 147 1000
94 29 129 1000
429 14 109 1000
83 3 85 1000
461 15 104 1000
159 17 169 1000
108 30 154 1000
314 11 89 1000
82 22 111 1000
380 22 105 1000
397 4 139 1000
424 4 124 1000
249 86 109 1000
121 161 104 1000
147 231 111 1000
307 152 98 1000
454 6 74 1000
200 0 100 1000
309 23 138 1000
491 15 100 1000
345 7 163 1000
297 162 149 1000
165 478 88 1000
398 25 113 1000
157 15 129 1000
227 28 98 1000
360 7 106 1000
489 28 118 1000
332 236 103 1000
201 156 79 1000
395 424 74 1000
448 29 108 1000
87 13 103 1000
202 8 98 1000
130 20 137 1000
470 155 133 1000
172 31 93 1000
187 31 83 1000
424 10 138 1000
440 23 123 1000
235 18 124 1000
461 30 113 1000
487 147 109 1000
351 21 123 1000
219 23 114 1000
195 4 82 1000
143 23 167 1000
473 159 107 1000
234 337 124 1000
266 253 107 1000
301 31 122 1000
156 20 124 1000
173 292 95 1000
113 4 107 1000
371 24 145 1000
387 13 72 1000
380 119 81 1000
435 23 107 1000
364 17 87 1000
197 7 147 1000
399 28 82 1000
375 456 108 1000
392 34 117 1000
422 18 107 1000
88 40 112 1000
458 382 102 1000
90 32 118 1000
407 0 97 1000
155 3 90 1000
129 38 112 1000
290 29 125 1000
109 30 81 1000
388 32 120 1000
482 6 126 1000
142 24 106 1000
266 296 96 1000
271 300 87 1000
178 6 96 1000
453 164 86 1000
239 14 146 1000
423 31 71 1000
110 8 106 1000
258 21 119 1000
231 30 102 1000
111 29 110 1000
180 15 91 1000
251 29 115 1000
373 140 86 1000
122 2 128 1000
131 2 106 1000
295 25 97 1000
292 24 110 1000
396 17 115 1000
108 314 125 1000
246 8 103 1000
161 2 135 1000
85 0 129 1000
112 29 95 1000
166 10 102 1000
103 4 95 1000
316 38 96 1000
255 15 130 1000
382 10 89 1000
90 23 140 1000
112 23 118 1000
253 31 95 1000
373 191 108 1000
373 11 120 1000
387 31 112 1000
262 86 96 1000
394 6 120 1000
164 341 124 1000
301 28 99 1000
248 7 104 1000
423 21 159 1000
485 163 114 1000
172 315 110 1000
165 10 119 1000
201 23 119 1000
221 29 119 1000
322 163 64 1000
123 10 109 1000
168 34 98 1000
337 0 84 1000
150 301 117 1000
224 0 99 1000
231 0 92 1000
371 21 86 1000
154 341 138 1000
266 384 93 1000
162 487 138 1000
84 9 68 1000
312 5 142 1000
301 239 118 1000
453 7 138 1000
341 30 128 1000
386 25 86 1000
373 2 131 1000
90 24 74 1000
144 6 98 1000
394 128 78 1000
83 10 113 1000
295 6 138 1000
173 30 92 1000
335 8 150 1000
182 23 87 1000
184 23 83 1000
295 15 137 1000
396 169 93 1000
483 29 107 1000
133 4 83 1000
333 4 109 1000
168 9 87 1000
172 8 82 1000
128 24 89 1000
292 6 103 1000
349 30 87 1000
319 258 92 1000
130 4 137 1000
392 30 86 1000
314 158 150 1000
231 4 106 1000
312 28 73 1000
296 30 112 1000
150 85 126 1000
326 4 116 1000
348 4 108 1000
240 83 116 1000
124 18 81 1000
152 21 94 1000
349 8 139 1000
136 23 95 1000
151 122 75 1000
380 25 80 1000
129 31 102 1000
373 8 155 1000
141 23 94 1000
236 0 64 1000
131 143 102 1000
267 29 99 1000
344 29 79 1000
150 23 135 1000
295 159 124 1000
261 4 98 1000
297 29 104 1000
386 21 78 1000
169 15 101 1000
292 380 73 1000
379 34 78 1000
422 29 98 1000
259 4 98 1000
168 21 86 1000
123 84 85 1000
124 90 87 1000
299 4 87 1000
296 4 82 1000
238 4 112 1000
127 388 86 1000
385 0 104 1000
163 0 121 1000
375 15 73 1000
312 87 146 1000
299 23 105 1000
468 33 139 300
83 23 83 1000
113 35 180 300
316 152 141 1000
442 20 184 300
388 29 82 1000
345 421 182 300
451 229 182 300
372 8 102 1000
279 468 202 300
219 20 215 300
437 36 156 300
483 99 194 300
379 8 96 1000
242 121 208 300
284 14 159 300
414 21 198 300
457 20 173 300
113 32 198 300
93 27 127 300
329 11 157 300
379 7 95 1000
120 35 147 300
325 39 170 300
310 31 192 300
424 11 170 300
444 479 160 300
220 31 181 300
137 37 160 300
104 27 115 300
371 13 151 300
259 22 234 300
411 437 128 300
224 19 188 300
189 3 139 300
173 485 183 300
326 33 104 300
144 13 211 300
134 35 118 300
400 33 112 300
110 35 97 300
440 2 102 300
286 38 157 300
436 16 132 300
118 141 98 300
367 3 146 300
444 10 137 300
279 357 86 300
402 195 131 300
290 278 109 300
200 491 81 300
231 33 165 300
260 444 99 300
465 19 136 300
128 12 165 300
172 259 219 300
304 5 134 300
465 348 125 300
348 432 124 300
392 27 114 300
180 283 84 300
441 8 194 300
217 5 134 300
341 13 90 300
325 38 118 300
191 1 125 300
139 39 93 300
236 5 178 300
168 458 182 300
284 185 118 300
488 38 109 300
271 286 108 300
185 35 168 300
336 21 152 300
116 37 97 300
311 37 117 300
397 1 109 300
334 20 140 300
404 14 121 300
294 92 112 300
393 38 108 300
439 18 102 300
402 14 86 300
407 14 147 300
235 442 116 300
291 40 121 300
423 113 116 300
249 401 115 300
292 33 166 300
107 37 126 300
181 20 112 300
468 28 96 300
233 355 116 300
341 133 155 300
223 3 84 300
299 28 142 300
278 455 80 300
203 21 130 300
279 316 151 300
442 15 140 300
366 20 120 300
386 36 95 300
119 40 123 300
487 227 91 300
364 215 124 300
248 26 128 300
287 143 111 300
461 26 99 300
237 13 120 300
339 2 131 300
485 2 119 300
295 17 189 300
187 2 109 300
404 4 168 300
473 258 114 300
425 3 88 300
215 18 93 300
406 21 93 300
141 10 118 300
154 393 183 300
110 10 113 300
248 9 92 300
134 18 139 300
284 15 88 300
469 28 88 300
395 2 123 300
369 223 109 300
137 26 112 300
255 406 109 300
96 23 112 300
338 37 175 300
191 40 83 300
275 5 112 300
133 34 102 300
431 2 112 300
248 17 103 300
151 22 137 300
385 286 150 300
423 14 111 300
488 31 112 300
179 23 156 300
262 37 96 300
90 302 113 300
266 23 182 300
394 18 91 300
434 30 85 300
239 39 118 300
164 39 106 300
257 89 154 300
226 9 135 300
229 9 104 300
297 30 126 300
296 13 95 300
361 8 95 300
111 15 110 300
203 0 108 300
431 487 89 300
226 7 144 300
231 24 120 300
241 319 155 300
437 7 79 300
203 8 94 300
393 24 119 300
266 24 114 300
83 37 114 300
400 9 104 300
310 30 119 300
485 10 93 300
425 364 84 300
237 37 113 300
443 29 73 300
402 122 88 300
151 326 171 300
379 38 114 300
437 33 190 150
439 33 175 150
429 21 109 300
415 92 220 150
350 34 72 300
351 239 142 300
355 23 99 300
297 270 107 300
476 4 132 300
148 14 146 300
96 27 174 150
434 201 157 150
124 30 127 300
309 36 147 150
446 22 161 150
265 6 80 300
347 15 90 300
409 4 100 300
443 39 145 150
434 247 161 150
455 33 170 150
84 241 90 300
439 455 151 150
352 38 211 150
93 20 203 150
198 23 109 300
251 36 194 150
99 109 203 150
478 12 169 150
116 1 213 150
118 1 134 150
438 37 212 150
331 0 83 300
242 309 148 150
217 290 172 150
229 33 142 150
148 385 98 300
251 27 187 150
360 16 197 150
206 20 206 150
273 4 93 300
415 18 163 150
474 39 191 150
450 425 166 150
92 93 116 150
97 14 197 150
251 1 187 150
461 1 175 150
154 325 74 300
165 25 87 300
178 36 183 150
307 37 156 150
456 22 200 150
461 22 146 150
287 19 165 150
446 35 100 150
197 16 190 150
282 434 120 150
88 21 116 300
93 477 124 150
264 35 150 150
266 35 159 150
442 27 109 150
479 16 169 150
394 36 130 150
139 12 145 150
201 33 120 150
99 1 110 150
220 489 163 150
474 3 158 150
438 468 120 150
259 33 178 150
336 7 111 300
307 361 134 150
99 11 109 150
224 12 208 150
202 14 163 150
434 479 109 150
141 11 204 150
331 12 213 150
115 36 144 150
124 7 156 300
302 36 119 150
484 1 187 150
466 400 164 150
266 12 182 150
94 39 127 150
267 8 107 300
476 347 193 150
140 39 152 150
92 27 121 150
281 413 107 150
202 220 108 150
447 9 213 150
276 20 162 150
404 182 153 150
283 34 172 150
395 4 86 300
287 435 141 150
147 36 151 150
440 38 123 150
463 35 121 150
213 369 168 150
310 310 153 150
118 197 116 150
449 35 121 150
452 227 176 150
289 22 96 150
179 243 151 150
411 5 187 150
457 19 187 150
404 357 111 150
177 39 177 150
287 12 110 150
360 39 87 150
436 307 141 150
108 32 151 150
195 27 121 150
268 320 101 300
120 26 191 150
465 27 102 150
357 35 113 150
457 263 162 150
392 11 172 150
351 13 150 150
415 3 125 150
421 3 115 150
172 112 145 150
450 20 112 150
369 4 92 300
196 217 150 150
215 201 97 150
84 438 160 150
141 16 225 150
362 22 191 150
392 13 161 150
421 6 215 150
152 253 115 300
196 476 130 150
249 423 196 150
132 406 190 150
474 464 125 150
452 2 176 150
117 295 201 150
436 20 131 150
112 1 155 150
240 195 185 150
198 432 135 150
367 38 199 150
345 113 149 150
442 16 129 150
332 16 159 150
199 203 109 150
370 13 148 150
481 1 174 150
306 25 134 150
335 37 145 150
273 349 199 150
400 116 155 150
107 26 150 150
394 319 65 300
134 33 115 150
414 5 124 150
342 20 173 150
247 10 158 150
109 27 119 150
364 7 119 300
97 3 129 150
153 34 102 300
108 33 127 150
224 436 95 150
180 407 148 150
325 33 88 150
409 464 119 150
310 17 174 150
118 25 139 150
337 3 160 150
338 3 149 150
198 11 95 150
192 24 179 150
99 39 128 150
470 24 133 150
365 113 145 150
433 11 123 150
474 22 120 150
120 9 153 150
237 1 174 150
193 13 93 150
196 13 93 150
331 482 188 150
463 17 169 150
466 17 149 150
464 13 104 150
221 35 123 150
157 33 208 150
109 12 103 150
441 19 98 150
197 460 138 150
211 16 119 150
325 432 114 150
471 311 158 150
118 242 104 150
431 107 138 150
358 11 98 150
409 11 103 150
268 33 129 150
414 181 143 150
214 39 122 150
441 2 112 150
479 39 137 150
263 265 158 150
448 2 103 150
450 396 128 150
465 12 132 150
408 22 112 150
367 16 163 150
285 22 127 150
464 120 118 150
414 26 127 150
286 482 103 150
192 213 147 150
214 197 132 150
224 2 176 150
226 396 202 150
112 117 118 150
286 249 177 150
203 22 125 150
435 5 97 150
325 32 147 150
326 424 187 150
284 11 112 150
315 433 147 150
433 2 113 150
437 2 107 150
407 35 87 150
118 478 90 150
472 120 102 150
451 14 107 150
484 36 104 150
119 132 111 150
361 30 170 150
397 266 146 150
344 36 118 150
278 481 111 150
302 22 126 150
448 37 141 150
344 5 147 150
290 6 147 150
385 465 132 150
458 22 146 150
108 21 157 150
276 33 116 150
229 203 122 150
366 19 231 150
247 39 91 150
478 20 96 150
481 20 121 150
213 406 146 150
283 5 126 150
195 16 97 150
279 12 106 150
247 38 121 150
289 2 92 150
103 198 160 150
469 37 122 150
97 26 126 150
120 22 131 150
307 3 102 150
467 406 111 150
172 192 116 150
334 447 118 150
115 37 146 150
201 11 131 150
92 157 160 150
311 483 117 150
94 327 145 150
435 173 120 150
220 37 125 150
309 6 145 150
220 110 115 150
366 36 91 150
423 36 110 150
452 39 121 150
332 33 95 150
369 5 164 150
206 349 146 150
482 192 116 150
239 16 170 150
399 40 170 150
339 12 115 150
489 34 166 150
290 32 116 150
276 11 111 150
112 13 165 150
181 33 165 150
111 411 179 150
404 106 95 150
408 108 134 150
400 10 205 150
307 13 120 150
436 23 140 150
189 468 102 150
439 188 110 150
473 3 105 150
107 388 156 150
93 25 101 150
84 452 146 150
481 226 114 150
473 491 106 150
481 488 129 150
304 457 120 150
483 33 119 150
104 3 94 150
364 40 164 150
109 16 125 150
104 22 99 150
488 12 110 150
287 26 124 150
441 297 89 150
415 26 144 150
284 37 94 150
348 31 194 150
273 35 129 150
371 10 130 150
466 39 139 150
97 17 99 150
350 439 99 150
266 477 154 150
132 27 119 150
103 11 127 150
195 32 89 150
226 38 89 150
421 239 159 150
432 8 149 150
467 2 114 150
448 25 99 150
352 267 154 150
357 271 139 150
136 13 94 150
302 40 133 150
113 16 108 150
215 279 93 150
94 26 98 150
103 13 143 150
214 2 118 150
92 10 143 150
136 21 213 150
249 22 113 150
461 3 103 150
464 376 189 150
177 36 133 150
147 2 168 150
179 22 108 150
183 22 104 150
304 10 105 150
129 13 128 150
278 20 113 150
107 39 128 150
111 39 157 150
296 32 179 150
151 206 79 150
139 15 168 150
355 25 98 150
331 39 88 150
444 17 89 150
446 17 123 150
471 14 143 150
282 186 128 150
143 35 109 150
464 40 124 150
431 33 103 150
244 11 143 150
268 36 133 150
366 31 203 150
367 175 187 150
323 24 173 150
233 421 117 150
265 25 183 150
328 9 169 150
396 358 133 150
200 37 138 150
407 430 88 150
473 376 153 150
185 9 158 150
219 14 105 150
484 13 108 150
471 10 100 150
434 9 99 150
436 9 99 150
183 35 143 150
186 35 163 150
339 248 134 150
491 39 119 150
437 17 127 150
352 17 107 150
82 33 107 150
94 31 96 150
369 28 187 150
304 345 102 150
446 34 112 150
432 40 122 150
488 35 103 150
111 14 77 150
433 21 142 150
110 366 142 150
367 291 127 150
268 248 108 150
465 26 87 150
116 0 152 150
141 103 132 150
264 21 152 150
472 18 89 150
289 24 107 150
182 15 163 150
352 10 127 150
357 10 145 150
214 0 187 150
237 193 122 150
323 12 102 150
406 372 162 150
158 112 176 150
266 27 97 150
311 295 122 150
349 120 111 150
150 26 186 150
217 19 126 150
140 3 126 150
473 26 121 150
367 36 141 150
214 31 121 150
401 13 78 150
262 468 151 150
461 350 123 150
362 25 166 150
466 29 127 150
327 278 146 150
455 5 97 150
246 32 156 150
147 468 110 150
244 16 136 150
143 12 100 150
328 16 101 150
460 16 136 150
364 9 141 150
232 33 135 150
164 33 101 150
253 1 95 150
130 37 166 150
209 9 100 150
109 180 110 150
380 39 116 150
233 361 111 150
240 358 145 150
468 14 121 150
136 3 96 150
335 3 126 150
336 3 116 150
201 24 121 150
214 28 132 150
200 9 135 150
401 12 105 150
201 4 140 150
311 25 115 150
467 24 135 150
448 6 100 150
349 147 135 150
86 32 200 150
429 118 80 150
421 21 81 150
463 4 135 150
461 14 87 150
273 455 80 150
141 39 110 150
221 422 110 150
453 367 86 150
491 404 120 150
189 22 115 150
229 188 100 150
106 23 165 150
458 10 85 150
325 243 120 150
249 31 104 150
265 16 141 150
111 187 130 150
431 20 131 150
491 38 110 150
454 18 115 150
193 9 90 150
210 31 135 150
267 406 105 150
446 89 115 150
469 9 95 150
243 0 141 150
302 21 107 150
306 21 110 150
388 2 154 150
198 17 119 150
260 24 209 150
135 345 94 150
478 25 129 150
227 19 106 150
155 482 179 150
483 39 124 150
243 19 89 150
275 16 94 150
238 36 104 150
190 13 184 150
138 274 89 150
327 6 150 150
348 108 114 150
109 28 129 150
265 3 104 150
248 344 129 150
242 31 129 150
474 24 105 150
146 38 94 150
279 10 95 150
335 32 124 150
402 25 93 150
406 25 74 150
151 27 116 150
355 6 124 150
466 40 104 150
460 154 139 150
261 13 95 150
447 30 119 150
425 22 144 150
263 487 99 150
431 37 106 150
131 5 155 150
186 11 105 150
319 407 169 150
240 457 138 150
193 15 139 150
326 2 99 150
325 263 109 150
408 24 92 150
183 38 109 150
443 21 104 150
234 38 119 150
349 3 140 150
266 185 104 150
237 35 129 150
195 18 79 150
326 30 189 150
456 29 174 150
348 13 159 150
471 34 123 150
183 30 160 150
477 21 88 150
480 21 83 150
481 21 98 150
182 13 104 150
276 137 78 150
440 30 85 150
337 14 98 150
214 15 73 150
399 3 113 150
423 3 119 150
454 19 118 150
240 118 103 150
242 5 113 150
138 16 103 150
243 25 118 150
249 25 83 150
393 22 98 150
148 20 136 150
138 229 123 150
215 239 138 150
363 19 118 150
362 248 95 150
301 199 123 150
279 31 94 150
107 24 118 150
349 399 93 150
219 257 93 150
103 10 113 150
386 215 98 150
191 16 88 150
237 20 108 150
387 26 152 150
465 31 88 150
406 18 168 150
339 40 153 150
140 0 134 150
258 37 87 150
364 13 129 150
219 34 127 150
133 26 127 150
140 26 82 150
447 166 113 150
484 133 132 150
366 6 154 150
369 6 162 150
456 5 102 150
247 21 82 150
226 26 72 150
341 37 112 150
453 25 119 150
295 200 97 150
186 14 92 150
484 10 102 150
473 28 113 150
275 25 97 150
473 31 98 150
83 210 132 150
407 142 157 150
137 31 97 150
177 337 82 150
154 27 92 150
224 34 101 150
117 17 122 150
452 10 102 150
425 2 102 150
448 0 97 150
241 106 137 150
112 6 112 150
147 3 92 150
440 123 137 150
339 482 112 150
296 16 73 150
148 22 147 150
221 6 137 150
154 444 112 150
372 32 176 150
276 25 106 150
297 37 71 150
455 21 91 150
136 28 73 150
163 299 161 150
316 93 96 150
88 35 101 150
441 0 91 150
323 483 121 150
488 23 157 150
393 14 91 150
428 40 136 150
201 6 91 150
183 484 146 150
237 226 91 150
393 16 96 150
381 36 106 150
142 38 131 150
165 12 101 150
270 338 87 150
237 19 116 150
488 253 97 150
339 29 111 150
82 120 108 150
118 6 146 150
394 37 126 150
178 234 86 150
89 21 160 150
172 260 146 150
399 18 92 150
271 34 126 150
175 29 201 150
332 28 91 150
166 1 140 150
193 30 86 150
130 11 106 150
437 29 140 150
143 5 105 150
488 14 85 150
238 6 180 150
349 23 150 150
325 5 89 150
442 4 115 150
446 4 100 150
369 10 125 150
299 2 145 150
178 25 105 150
336 9 70 150
331 14 110 150
274 18 90 150
314 33 100 150
161 11 94 150
423 23 195 150
175 363 90 150
300 13 100 150
173 428 120 150
339 17 100 150
191 398 100 150
262 5 125 150
237 32 85 150
226 17 80 150
124 24 149 150
358 29 135 150
182 4 175 150
352 4 95 150
295 5 91 150
159 36 105 150
150 281 108 150
223 40 89 150
384 196 97 150
144 32 104 150
151 16 107 150
336 26 129 150
337 26 97 150
301 2 104 150
328 40 124 150
301 16 139 150
484 26 99 150
332 15 94 150
119 123 99 150
179 21 99 150
424 28 115 150
262 25 134 150
233 2 114 150
155 38 139 150
351 9 98 150
287 8 79 150
92 29 127 150
380 1 79 150
82 3 131 150
186 9 124 150
84 16 124 150
253 339 109 150
142 14 93 150
339 21 104 150
267 24 90 150
188 17 89 150
401 4 124 150
249 21 133 150
253 326 98 150
83 11 103 150
87 11 111 150
138 34 123 150
139 34 98 150
392 25 108 150
345 26 93 150
231 28 98 150
369 14 103 150
286 8 133 150
223 31 132 150
234 336 148 150
328 15 119 150
227 34 123 150
84 3 113 150
320 39 98 150
289 7 122 150
364 363 103 150
369 367 116 150
485 236 148 150
393 398 93 150
236 37 133 150
454 15 88 150
457 15 108 150
131 476 88 150
88 13 83 150
327 31 98 150
399 24 128 150
166 109 83 150
128 16 88 150
422 24 89 150
180 31 153 150
202 7 92 150
425 9 103 150
465 23 113 150
406 381 158 150
235 31 88 150
233 18 148 150
263 15 84 150
232 180 133 150
236 181 81 150
124 37 78 150
261 19 102 150
125 408 98 150
252 345 116 150
375 9 177 150
155 151 157 150
387 11 72 150
241 0 158 150
163 3 107 150
278 21 102 150
348 147 117 150
483 28 87 150
148 173 127 150
387 38 135 150
312 309 107 150
130 3 155 150
213 29 107 150
168 109 97 150
425 26 117 150
366 10 152 150
130 22 112 150
385 13 135 150
388 489 87 150
431 15 98 150
404 23 97 150
193 8 92 150
266 28 97 150
327 386 132 150
328 382 107 150
270 31 117 150
429 18 122 150
162 38 142 150
483 297 132 150
341 17 82 150
469 7 107 150
487 17 82 150
236 29 147 150
82 365 97 150
409 0 122 150
364 253 104 150
144 5 137 150
339 6 140 150
157 135 121 150
215 8 97 150
172 17 91 150
477 8 81 150
215 4 86 150
155 244 106 150
251 154 121 150
146 24 125 150
325 6 86 150
110 23 92 150
286 23 116 150
233 25 135 150
319 133 101 150
146 4 139 150
122 19 121 150
124 19 110 150
296 9 136 150
224 15 126 150
371 235 136 150
111 8 135 150
135 30 86 150
146 17 96 150
466 7 91 150
373 476 106 150
173 15 131 150
232 4 145 150
108 4 106 150
406 4 74 150
294 25 81 150
485 85 111 150
143 40 136 150
258 15 81 150
329 89 85 150
147 26 94 150
347 6 105 150
84 18 110 150
472 7 75 150
297 9 95 150
238 7 155 150
147 18 115 150
267 6 100 150
157 2 100 150
238 26 100 150
487 30 121 150
237 9 140 150
237 15 109 150
226 389 125 150
382 37 133 150
386 37 120 150
120 23 113 150
89 34 110 150
181 379 88 150
255 28 105 150
261 28 134 150
423 17 120 150
129 18 109 150
464 29 84 150
401 82 139 150
148 31 94 150
428 89 124 150
337 166 129 150
338 166 109 150
380 29 64 300
162 328 96 150
240 31 84 150
456 4 74 150
132 0 84 150
87 25 74 150
381 5 99 150
122 34 112 150
90 369 69 150
373 393 122 150
381 32 108 150
409 29 107 150
362 21 113 150
86 24 87 150
89 24 83 150
322 0 88 150
424 21 78 150
168 482 83 150
483 163 78 150
177 0 103 150
187 0 88 150
153 10 108 150
452 7 93 150
454 7 98 150
83 17 93 150
107 23 118 150
350 381 73 150
341 29 87 150
387 28 83 150
344 123 110 150
482 0 118 150
389 25 118 150
232 388 118 150
153 259 76 150
243 29 113 150
429 384 113 150
181 29 98 150
388 24 116 150
229 23 117 150
260 15 86 150
89 18 102 150
258 30 117 150
166 14 97 150
223 8 111 150
185 23 87 150
312 37 107 150
169 8 157 150
137 4 67 150
328 8 97 150
255 21 100 150
124 14 142 150
180 8 125 150
156 29 182 150
123 24 90 150
83 15 117 150
84 15 151 150
186 30 92 150
386 10 107 150
89 31 117 150
90 31 105 150
381 31 97 150
381 34 110 150
319 332 126 150
90 236 109 150
234 88 76 150
152 5 114 150
265 4 136 150
342 8 96 150
315 23 176 150
363 23 69 150
173 7 101 150
129 9 85 150
401 8 151 150
235 30 91 150
379 23 126 150
333 7 95 150
388 31 106 150
387 34 108 150
312 294 106 150
325 7 96 150
186 316 90 150
184 7 80 150
163 34 110 150
169 34 80 150
265 7 95 150
314 24 115 150
320 24 100 150
320 9 103 150
144 0 105 150
392 4 105 150
227 29 125 150
156 21 139 150
252 23 70 150
376 24 123 150
332 23 104 150
154 15 114 150
261 30 99 150
320 10 86 150
382 6 109 150
153 386 102 150
381 26 89 150
148 156 138 150
301 153 74 150
162 17 124 150
258 8 109 150
142 8 91 150
240 23 98 150
298 30 83 150
241 8 83 150
382 30 102 150
365 23 117 150
237 7 95 150
240 4 97 150
147 7 126 150
388 166 127 150
384 125 114 150
312 6 81 150
314 15 83 150
153 373 91 150
255 23 115 150
88 8 121 150
124 0 104 150
85 4 65 150
376 6 90 150
319 315 85 150
389 23 119 150
125 130 135 150
319 373 98 150
165 30 70 150
387 8 87 150
131 23 109 150
127 8 106 150
387 7 109 150
124 4 106 150
156 23 119 150
130 373 91 150
157 4 93 150
319 8 129 150
315 315 126 150
320 4 103 150
312 23 159 150
