334 1314 133
341 916 127
350 446 145
351 1309 145
357 490 133
358 1310 127
361 478 145
367 923 139
370 358 123
371 1013 137
373 337 145
373 992 139
377 712 123
380 704 127
380 1315 131
381 984 149
389 325 123
395 970 137
399 926 135
402 558 149
404 959 133
424 477 127
430 1031 160
443 445 139
447 1061 123
465 541 137
466 1255 145
481 760 139
486 916 133
491 1227 127
492 676 145
492 511 149
498 728 133
498 693 137
499 435 145
511 741 149
516 1210 123
519 1040 137
521 878 145
525 442 139
543 457 123
544 448 127
544 786 135
552 357 149
564 840 148
564 1018 142
566 345 145
566 489 149
572 403 123
572 1244 137
666 846 145
666 466 149
669 1081 123
671 690 137
680 691 145
682 899 139
685 433 133
688 1061 137
689 1013 135
693 532 149
695 508 133
701 374 127
705 797 135
713 1306 145
714 1144 123
720 797 127
723 481 135
726 1047 139
735 740 123
737 571 137
741 455 135
742 1009 149
755 722 123
760 380 137
766 888 145
786 878 154
789 1209 133
793 762 127
804 484 135
825 781 139
830 1337 133
831 516 127
844 911 145
848 1198 149
852 999 123
870 968 127
879 1228 145
897 1259 139
899 943 133
906 839 127
911 464 135
913 701 149
918 1242 123
922 755 147
923 1023 145
924 1013 139
929 1324 133
934 506 137
937 748 145
938 505 149
939 438 133
946 1229 127
946 383 145
953 800 149
955 672 123
961 681 162
981 643 135
988 1226 145
989 508 123
999 418 127
1071 546 135
1071 502 145
1077 988 123
1078 967 127
1085 1276 135
1099 673 139
1106 1117 123
1113 341 137
1124 857 145
1124 565 139
1128 479 123
1136 1167 137
1152 722 145
1153 476 149
1166 395 123
1174 1126 137
1191 441 145
1196 512 149
1207 1161 133
1208 985 127
1211 1337 131
1218 1198 139
1232 842 123
1244 565 127
1248 1158 145
1255 442 149
1282 1067 123
1284 1063 133
1307 405 135
1310 485 149
1310 1337 133
1311 515 133
1314 874 135
1322 485 139
1331 741 138
377 606 129
541 617 145
548 615 149
578 1328 129
584 453 123
606 695 160
609 1088 149
609 652 119
611 1338 148
615 346 145
619 1244 139
622 1021 119
625 677 133
627 1080 135
632 381 149
637 357 129
654 592 133
824 594 135
839 600 149
882 589 119
1012 614 123
1017 1288 123
1027 612 135
1029 625 129
1063 585 123
1069 601 145
1132 602 174
1193 628 134
1285 595 119
1301 1292 127
1307 628 139
1336 1078 134
1337 546 123
1343 368 135
1343 1147 139
320 27 117
325 33 131
330 62 129
338 47 143
342 26 127
353 23 131
358 63 139
358 45 133
358 38 127
362 33 141
363 0 139
364 10 133
366 21 127
372 48 131
372 52 129
383 25 143
383 27 117
386 13 121
389 0 129
396 49 133
402 61 117
404 37 146
419 23 129
421 46 133
423 3 127
423 52 121
424 27 129
432 40 133
447 26 137
448 9 131
450 14 129
451 46 133
460 62 117
467 21 131
467 63 129
468 58 133
476 28 127
479 54 131
480 9 129
480 47 143
483 33 127
485 45 131
486 15 139
489 9 133
494 49 117
495 5 121
498 12 139
500 2 133
503 42 152
507 24 121
512 16 139
512 23 143
528 61 117
529 15 131
531 35 129
532 0 143
536 34 117
536 44 121
541 31 139
543 1 143
545 18 142
552 9 121
552 19 129
563 48 143
641 0 117
644 9 121
645 54 139
647 44 133
647 12 117
648 52 121
648 15 139
658 10 143
659 54 117
660 23 131
677 32 129
678 23 143
680 17 127
682 39 146
688 52 129
689 9 133
692 49 117
694 14 131
700 12 139
701 22 143
702 34 152
705 59 121
713 26 129
726 32 143
744 16 132
747 50 131
747 62 139
751 32 133
751 37 127
764 27 131
765 44 129
766 34 133
766 28 117
773 16 131
795 3 129
795 60 143
804 22 117
808 51 121
813 52 139
815 24 133
820 9 127
826 58 131
830 1 139
831 5 143
843 1 117
845 40 131
845 31 129
852 10 143
863 28 117
865 43 131
874 24 139
893 10 133
901 5 117
906 43 131
907 24 129
907 30 143
914 28 127
923 61 131
925 44 139
932 47 133
933 4 117
936 22 131
938 56 139
939 42 143
942 43 127
943 4 121
945 11 129
953 32 133
953 40 117
961 51 131
966 43 129
966 15 139
971 51 117
971 45 121
973 8 139
973 9 149
976 48 117
976 37 121
981 52 129
983 57 129
985 31 117
992 10 121
993 32 139
1002 63 129
1003 17 127
1003 1 121
1008 9 129
1011 49 139
1012 33 137
1012 51 121
1013 49 139
1013 4 129
1033 12 127
1041 19 131
1054 14 129
1063 60 143
1066 23 127
1071 30 121
1074 45 129
1076 49 158
1077 50 117
1077 21 121
1098 48 129
1103 6 168
1105 45 117
1107 42 131
1108 20 129
1109 26 133
1110 38 117
1113 17 121
1118 27 129
1126 32 133
1128 15 117
1130 17 131
1130 4 129
1131 32 133
1134 37 117
1137 25 131
1138 6 129
1138 31 143
1139 57 117
1141 9 121
1143 27 139
1147 9 133
1151 20 117
1153 6 131
1155 28 139
1165 35 143
1168 6 117
1169 41 121
1178 7 139
1180 25 133
1182 26 127
1186 2 131
1188 40 129
1191 50 168
1196 57 117
1196 42 131
1203 53 139
1207 51 143
1211 35 117
1211 12 121
1211 20 139
1217 2 133
1221 29 127
1228 41 121
1231 35 129
1231 33 133
1232 38 127
1244 58 121
1247 4 139
1253 27 133
1265 46 117
1266 43 121
1272 46 129
1273 45 143
1273 55 127
1279 45 121
1282 58 129
1287 0 143
1291 36 117
1293 9 117
1294 55 139
1296 7 143
1305 26 127
1309 1 127
1310 17 139
1310 15 143
1312 29 117
1317 38 117
1319 7 144
1321 12 143
1324 34 127
1325 48 127
1328 24 129
595 386 139
598 1151 125
599 408 129
578 54 139
580 38 133
581 27 113
585 6 117
585 23 129
586 33 143
602 53 123
603 28 117
606 24 139
615 35 143
619 20 113
622 62 127
625 61 129
632 56 143
1017 18 148
1021 53 131
1022 0 139
321 1309 100
322 961 96
322 516 90
322 796 90
323 1288 85
323 1249 90
327 1221 85
329 768 90
330 1159 99
335 404 90
338 779 90
339 1297 84
339 742 100
343 736 90
344 645 80
348 1288 86
348 1012 93
348 390 79
349 1148 85
351 1259 84
352 705 99
355 1164 99
357 808 86
357 1082 83
357 1300 94
358 1343 71
361 676 81
363 545 81
365 793 94
365 890 86
365 807 76
366 560 103
367 817 89
367 378 75
367 519 90
369 541 89
371 785 93
371 889 95
372 1027 90
372 783 90
373 1027 84
373 773 81
374 1108 71
374 740 90
374 509 83
375 1184 115
375 435 80
375 1188 104
375 1013 91
377 1035 71
379 1146 85
380 687 103
381 1326 85
385 528 85
389 448 80
389 839 84
389 942 103
389 465 96
390 585 91
394 1023 81
395 769 89
395 389 76
395 747 100
395 374 93
395 1146 84
399 1314 85
400 476 80
400 1188 104
403 1045 81
404 642 90
407 524 81
407 741 89
411 1017 104
412 898 76
413 1075 86
413 519 83
414 945 75
414 681 91
415 563 100
421 1128 80
424 582 95
424 710 86
424 662 90
430 960 99
432 989 89
432 622 81
437 764 76
437 1191 94
438 1019 100
439 990 100
439 759 99
441 902 93
442 800 90
443 755 85
446 829 90
447 1216 100
451 532 81
452 1008 95
453 1074 90
453 967 83
454 1338 94
455 690 90
455 827 76
456 880 81
456 897 85
461 976 75
463 542 80
466 559 93
467 1068 94
468 1202 85
472 489 95
475 461 83
476 464 81
477 1130 71
477 714 90
480 1242 90
480 909 85
482 1092 89
483 960 90
484 849 84
484 548 83
484 441 90
485 1282 81
487 450 104
487 555 84
490 1319 100
494 1229 100
495 1040 75
497 328 103
501 822 86
502 342 86
503 793 90
503 665 84
505 387 89
515 1134 95
521 368 85
521 871 84
524 348 79
525 492 89
527 666 84
527 403 105
527 573 115
531 721 85
534 864 100
535 1300 84
536 1300 100
541 1138 90
541 375 86
541 1279 80
543 1057 80
543 709 89
543 1022 104
544 1189 83
546 1007 71
548 1208 90
549 1306 96
551 943 104
552 536 76
555 731 115
558 1017 84
558 914 94
558 771 81
559 710 86
561 985 100
562 432 90
562 536 80
563 873 89
565 922 94
565 390 83
566 1225 90
566 491 90
567 781 100
571 448 85
572 491 86
572 518 100
574 1273 94
574 348 94
574 1165 85
582 642 91
585 915 95
607 1146 89
617 1146 91
628 504 81
640 1097 89
641 947 85
643 1273 90
644 416 95
644 361 84
646 827 90
646 1103 81
647 1221 100
648 862 99
650 506 79
659 665 90
659 379 86
661 526 84
662 1209 100
664 798 80
666 1153 85
666 1268 84
666 1272 90
668 762 89
669 680 90
669 1334 84
672 509 81
673 1129 81
681 388 100
681 810 84
681 1196 75
681 342 79
689 792 80
690 1311 79
690 325 94
691 524 86
691 702 80
692 894 75
692 777 99
694 403 79
695 934 90
698 961 100
706 416 83
706 1153 85
706 1103 85
707 763 100
707 677 84
709 645 80
710 1214 90
712 840 93
712 1164 94
716 889 89
716 423 86
719 768 91
721 340 94
723 341 95
727 579 91
727 799 84
728 1184 93
730 841 85
731 654 76
733 666 75
733 950 84
734 1314 90
735 407 99
736 357 100
737 1138 83
741 475 100
741 1004 81
742 564 76
742 1142 89
755 1162 96
758 1063 90
759 320 90
762 1168 85
762 1014 89
763 796 86
763 348 79
763 540 89
765 1149 89
766 1078 99
766 710 81
767 529 99
769 1021 85
779 814 100
785 381 94
792 726 93
793 858 80
793 1061 86
795 1162 90
796 819 90
796 1251 85
800 508 71
802 733 83
802 789 103
805 1270 80
809 336 76
811 558 84
811 1337 75
814 980 91
815 1227 75
816 1218 80
816 1196 103
821 1297 90
821 468 80
822 1076 104
824 1241 94
824 423 81
825 688 81
825 540 85
826 336 83
828 1256 90
829 1020 71
830 479 94
834 1139 80
848 684 81
848 695 89
848 380 84
849 399 83
850 819 80
850 1210 85
852 907 91
853 707 100
857 1288 81
857 847 99
858 682 99
858 1142 79
862 660 101
865 777 79
866 1312 86
871 1203 84
873 1042 71
873 543 75
877 1025 93
878 756 83
878 366 85
881 734 100
881 919 84
886 1211 84
889 454 100
891 1167 80
898 1249 81
899 786 103
900 668 89
900 973 85
902 922 90
903 730 84
906 349 85
906 519 91
908 828 89
910 648 84
910 819 90
910 1314 96
912 512 90
913 526 85
914 1012 80
914 1226 90
914 430 94
916 1181 89
924 937 90
927 1209 89
933 987 94
933 1231 90
936 498 80
936 942 89
937 377 94
940 983 94
940 1023 71
940 1015 90
941 1291 80
941 1131 84
941 1244 81
945 997 90
947 1189 95
948 1336 100
949 1086 81
951 658 89
951 566 99
953 903 79
953 693 89
955 666 86
957 909 83
962 1007 84
963 1240 80
963 1189 86
967 558 100
968 662 85
969 1216 85
969 490 89
973 872 91
975 572 71
975 1287 71
977 879 85
981 684 90
985 748 93
985 350 75
990 779 90
990 1124 85
990 1151 86
992 924 89
995 1331 85
997 738 86
997 1140 91
999 936 80
999 571 90
1000 1125 81
1009 580 85
1010 820 86
1012 982 90
1013 1192 81
1013 1138 85
1014 499 90
1015 744 75
1018 1165 89
1020 912 103
1020 1086 91
1022 569 81
1025 1237 85
1025 925 99
1026 457 81
1027 737 85
1029 866 90
1030 1233 84
1030 973 71
1030 467 89
1031 1286 80
1032 688 79
1032 1057 80
1033 872 71
1033 408 84
1033 548 94
1035 1005 91
1035 654 100
1035 687 79
1038 833 89
1038 828 71
1038 1101 79
1039 535 83
1040 677 79
1042 1045 81
1043 940 76
1043 1269 84
1044 1178 83
1045 834 99
1045 830 91
1048 1241 96
1050 1129 85
1050 622 91
1057 360 89
1057 464 79
1058 1266 79
1058 700 91
1059 321 89
1059 1158 85
1059 377 75
1061 853 89
1062 339 89
1062 396 90
1067 465 89
1072 915 90
1074 821 75
1075 528 89
1075 1049 93
1076 353 95
1076 1132 81
1076 1337 80
1077 916 89
1077 1047 80
1080 548 79
1081 818 89
1085 929 104
1085 1002 81
1085 1195 90
1088 1015 85
1089 540 93
1091 1157 81
1092 1161 80
1093 389 86
1098 1139 94
1100 484 76
1100 1309 90
1101 748 85
1103 1027 106
1105 526 95
1108 902 95
1109 387 99
1109 1142 90
1110 368 90
1110 1069 80
1113 769 93
1115 414 84
1115 1119 99
1117 713 90
1119 499 75
1121 1323 80
1124 1038 80
1126 849 71
1127 508 83
1128 701 93
1129 520 90
1129 927 86
1131 499 99
1131 485 85
1134 706 91
1134 418 85
1134 661 89
1136 406 104
1137 520 115
1138 1000 85
1140 731 95
1141 355 83
1141 879 99
1142 1321 86
1142 404 101
1142 409 99
1143 457 85
1146 1144 86
1150 872 84
1152 699 84
1155 736 79
1156 1328 86
1156 1019 84
1159 472 84
1159 368 80
1164 1319 86
1165 1124 90
1169 1039 80
1169 793 71
1172 845 85
1182 941 93
1182 662 84
1183 408 79
1183 377 71
1186 394 79
1186 614 81
1188 824 99
1188 364 75
1189 563 84
1191 654 99
1192 339 89
1195 1057 80
1195 1233 103
1196 749 90
1203 561 71
1203 699 90
1207 1214 79
1209 714 103
1211 830 89
1214 795 86
1214 852 115
1216 545 99
1216 372 71
1216 1063 90
1218 439 90
1227 976 90
1227 1149 80
1228 1340 100
1229 467 93
1231 1232 93
1233 1314 100
1238 845 85
1242 969 75
1242 370 80
1242 1122 80
1242 966 90
1247 1211 94
1247 503 98
1248 1255 89
1256 1113 80
1257 851 75
1259 1227 79
1259 1165 89
1262 929 79
1262 1010 90
1262 730 75
1263 665 75
1267 1063 89
1272 1186 93
1272 702 75
1273 987 85
1274 949 89
1275 1166 94
1279 1059 84
1280 1014 86
1284 480 79
1285 1142 100
1287 1042 94
1287 795 90
1288 789 81
1291 1140 86
1291 923 89
1292 728 80
1293 1024 79
1297 521 89
1300 409 104
1302 997 100
1305 1146 96
1306 804 90
1307 647 94
1311 825 90
1312 688 96
1314 825 90
1316 1153 94
1318 1266 80
1319 505 71
1320 1014 86
1321 924 84
1324 1050 80
1324 539 96
1324 726 96
1325 1263 80
1325 1275 90
1328 856 80
1330 730 80
1333 1263 75
1334 1060 115
592 25 117
594 63 129
595 46 131
337 592 76
352 638 87
364 633 91
381 1327 89
388 627 86
415 620 67
445 613 100
539 601 86
540 592 86
553 608 96
587 898 81
595 1232 93
598 367 81
598 1231 102
600 1216 100
600 802 100
601 795 67
602 862 82
606 1101 94
607 864 93
607 796 76
607 746 76
612 911 94
613 1263 94
613 1228 86
614 800 85
618 924 75
619 1025 94
619 563 71
621 1117 86
627 652 90
633 532 94
638 1027 92
639 974 72
676 622 90
724 599 96
749 1320 85
759 638 72
797 628 83
811 1301 89
819 614 76
820 581 77
842 1341 89
879 631 76
909 1327 77
947 611 86
947 583 81
1002 587 77
1008 611 89
1014 622 89
1018 707 85
1022 468 90
1063 631 82
1099 603 77
1113 587 98
1158 621 90
1195 1330 85
1216 581 86
1227 579 71
1265 609 96
1269 1320 95
1289 965 99
1292 984 77
1300 1218 99
1312 642 95
1313 436 99
1321 648 87
1323 607 86
1325 619 91
1336 1262 67
1337 1337 75
1337 1235 104
1338 500 86
1338 933 86
1338 407 80
1341 697 80
1341 461 76
1343 1062 90
320 56 83
320 54 89
321 41 74
322 9 84
322 14 94
323 15 83
324 29 83
324 62 105
324 5 88
325 43 77
329 1 84
329 50 75
329 59 75
330 59 93
330 28 94
334 33 80
334 11 87
334 31 79
335 29 84
336 39 84
337 16 84
337 14 83
338 48 80
338 2 70
341 8 88
341 25 87
346 38 74
348 35 74
349 39 74
351 0 84
352 63 74
352 31 84
355 17 88
357 7 97
360 32 84
361 45 75
362 14 84
365 12 79
370 32 83
371 24 90
372 1 87
373 51 85
376 17 69
377 37 84
378 11 98
378 39 88
379 6 75
382 0 89
387 45 74
389 44 93
389 48 74
389 18 84
389 51 74
392 40 78
392 34 74
392 61 84
395 49 74
395 63 75
396 26 84
400 7 84
402 32 98
402 11 83
403 38 94
407 30 75
407 55 89
409 26 78
410 47 94
412 14 70
413 42 98
413 34 94
414 16 84
414 7 75
415 32 77
415 51 88
418 42 94
418 29 80
419 4 94
421 41 77
421 13 75
423 40 84
423 50 83
424 33 87
430 62 83
435 41 75
437 24 98
437 35 88
437 22 94
439 56 74
441 15 94
443 8 83
443 49 90
445 42 73
446 8 88
448 15 78
450 41 94
450 19 84
451 52 94
452 57 77
452 54 65
452 6 79
452 47 88
454 18 97
455 13 73
460 2 89
460 15 84
463 41 69
464 36 90
465 1 75
466 60 84
466 30 77
468 34 84
472 33 70
472 30 88
472 47 69
477 9 75
478 58 79
478 60 74
478 13 87
478 53 74
479 57 94
481 29 69
481 15 84
484 41 80
485 44 84
485 7 78
486 9 84
486 35 70
487 21 99
489 50 83
490 33 78
492 33 73
494 12 73
494 14 88
495 8 75
499 10 75
499 29 94
501 61 73
503 7 78
503 55 73
503 56 89
504 2 98
505 53 85
508 2 79
510 57 83
510 3 69
512 56 84
513 57 84
513 44 84
513 54 94
515 24 83
515 25 73
516 58 80
518 3 78
519 26 77
521 57 89
521 62 74
522 58 79
524 39 77
526 24 74
527 8 84
529 39 84
531 37 75
532 41 94
532 36 74
534 18 88
535 51 83
536 24 79
539 60 73
539 14 84
540 3 88
541 16 73
543 30 65
544 5 88
545 40 84
545 27 74
545 13 94
546 18 84
546 54 65
548 28 70
551 28 93
552 3 87
553 27 83
555 43 73
555 5 105
561 26 75
561 38 97
562 57 84
562 28 85
562 46 74
563 39 83
565 0 80
566 62 79
569 62 94
571 8 77
572 5 65
579 56 75
580 41 87
580 44 87
582 19 85
585 3 75
590 25 75
603 6 87
613 47 75
615 40 75
619 45 85
619 23 87
625 31 85
642 41 69
642 23 75
643 20 77
643 38 65
644 24 84
646 32 88
646 26 94
648 24 79
648 56 84
650 39 97
650 12 77
650 29 84
650 15 74
654 23 74
657 50 84
657 44 84
657 29 89
659 5 78
662 55 78
664 2 94
665 1 75
665 23 89
666 22 77
666 20 80
666 29 69
668 15 79
669 20 70
669 23 84
669 29 77
675 12 77
676 16 79
678 2 84
678 50 94
678 26 88
680 32 69
680 46 73
680 15 74
682 62 84
684 38 87
685 31 84
690 31 84
691 34 74
691 30 79
692 18 89
693 50 83
693 59 84
694 11 85
694 43 89
695 16 75
695 21 98
697 19 88
697 23 74
698 5 75
699 2 77
700 50 75
700 44 70
700 6 79
700 23 97
701 17 65
701 57 94
704 51 83
705 16 77
706 30 109
707 8 95
713 54 83
714 21 77
719 22 83
720 21 79
720 30 84
720 45 78
723 14 87
724 12 94
724 38 83
726 48 65
726 18 70
730 28 80
731 24 85
731 0 88
731 6 88
731 9 79
733 59 83
735 32 85
735 2 75
735 44 65
735 15 79
735 60 83
736 58 88
737 37 69
738 24 109
739 10 87
739 30 97
741 54 84
742 27 84
742 22 83
744 8 75
744 52 65
749 42 83
749 15 83
749 25 84
749 31 84
751 53 84
758 26 69
760 17 88
760 10 73
760 14 74
762 11 75
763 19 84
763 20 79
767 32 79
767 39 78
768 26 88
771 2 73
773 54 84
773 7 73
775 17 100
779 54 84
782 17 80
783 41 69
783 20 88
785 57 79
795 9 84
795 34 94
799 32 88
801 32 100
801 61 79
804 56 79
804 36 87
804 55 84
805 19 83
807 7 94
809 56 88
809 25 84
809 16 74
810 56 75
810 13 93
810 53 70
811 57 89
811 47 77
812 19 83
812 4 75
813 62 65
814 52 80
815 43 88
815 2 84
817 24 94
817 35 85
820 21 69
824 51 84
826 46 94
827 55 83
828 23 75
829 9 83
831 1 84
831 35 74
832 16 94
833 11 84
834 60 69
834 23 75
835 30 79
837 29 84
837 7 73
839 15 83
840 3 65
840 4 104
841 59 87
844 24 75
845 55 84
845 7 79
847 26 73
848 38 88
848 21 78
849 53 83
850 50 69
850 58 79
851 1 75
851 29 94
851 45 74
852 35 98
852 40 88
852 57 83
856 58 89
858 1 78
858 27 75
863 10 80
863 12 83
865 44 75
865 45 78
865 54 69
870 32 73
870 37 97
871 36 78
872 29 73
873 39 65
874 50 88
880 48 79
880 46 70
881 34 84
881 54 75
881 30 77
882 43 89
886 16 65
886 41 78
889 46 88
890 23 75
891 49 80
893 25 73
894 33 73
896 61 65
896 55 70
897 63 88
898 32 78
898 57 94
900 24 73
902 23 84
903 47 80
908 1 73
908 36 123
908 33 69
908 46 88
908 15 75
909 61 73
910 10 77
911 3 93
911 47 84
912 48 85
912 20 88
912 63 79
913 41 83
914 61 74
915 10 75
916 54 83
918 59 70
920 47 65
922 44 87
922 39 83
923 42 80
923 29 88
924 35 84
927 4 75
927 22 79
929 17 73
932 31 75
936 38 89
937 10 87
938 35 74
938 45 97
939 60 83
939 29 89
941 14 93
946 49 85
947 20 90
948 52 69
948 30 89
948 39 98
949 6 84
951 41 70
953 38 93
955 41 97
955 22 83
957 25 94
958 27 69
959 2 87
959 5 87
959 13 84
959 37 84
961 36 74
962 57 75
963 60 109
963 53 109
964 0 74
964 35 105
965 43 69
965 30 84
966 12 70
970 33 94
970 42 74
972 14 93
974 9 119
974 2 87
974 58 85
975 9 79
976 18 74
977 53 75
980 13 85
981 12 73
983 18 75
983 21 90
984 11 89
984 38 75
987 4 83
987 45 113
990 40 84
992 51 94
993 9 70
993 42 65
993 20 80
993 61 79
998 9 83
999 33 77
999 53 109
1000 39 84
1002 42 74
1002 52 84
1002 21 84
1003 26 94
1004 21 80
1007 59 84
1007 22 75
1008 19 79
1008 10 93
1008 47 98
1009 60 84
1009 22 80
1010 26 74
1010 27 75
1011 50 79
1013 5 84
1015 61 70
1015 14 88
1017 49 85
1020 13 75
1024 49 84
1024 51 75
1024 28 94
1024 4 74
1027 49 80
1028 32 78
1028 30 80
1029 22 84
1030 29 69
1030 49 88
1031 57 79
1031 44 80
1035 47 77
1035 12 85
1040 31 65
1041 29 74
1042 63 88
1042 45 94
1043 17 84
1043 38 74
1044 41 93
1045 12 77
1047 47 83
1048 34 70
1048 51 94
1049 50 69
1049 59 94
1049 44 84
1050 24 74
1059 45 84
1059 16 70
1059 49 93
1060 2 83
1062 48 80
1063 54 84
1064 23 78
1064 39 94
1066 28 87
1068 10 75
1073 2 84
1073 11 89
1074 49 88
1074 41 85
1075 54 80
1076 43 65
1076 18 75
1076 58 84
1076 29 69
1077 55 74
1079 16 80
1079 41 94
1079 43 78
1080 8 88
1080 19 70
1081 38 109
1085 38 87
1085 52 78
1088 59 85
1088 21 65
1089 56 65
1093 17 88
1098 42 87
1099 0 80
1100 34 83
1100 51 83
1101 4 88
1103 43 65
1103 22 87
1107 35 78
1108 59 94
1108 47 83
1110 54 79
1113 25 65
1113 28 87
1115 34 73
1117 48 79
1118 17 85
1119 20 83
1119 29 93
1121 25 94
1121 36 83
1122 33 94
1122 7 89
1124 4 87
1124 22 74
1125 6 85
1126 41 84
1127 63 74
1129 27 69
1130 6 85
1132 30 75
1136 29 83
1138 47 94
1139 45 90
1140 60 103
1140 23 84
1141 19 98
1142 12 74
1144 12 74
1146 26 79
1147 50 78
1149 44 84
1151 59 74
1151 43 84
1151 38 75
1152 45 70
1152 61 88
1152 63 88
1153 44 79
1153 23 98
1155 48 84
1155 6 80
1156 54 94
1157 33 78
1157 38 83
1161 5 84
1161 38 75
1162 62 80
1164 47 94
1164 60 83
1165 0 69
1165 28 88
1165 43 83
1167 45 84
1168 37 73
1169 33 84
1169 25 79
1169 27 83
1173 26 73
1173 7 75
1173 55 79
1176 41 77
1176 1 87
1180 40 74
1180 42 79
1180 52 93
1180 22 74
1182 36 70
1182 7 73
1183 19 119
1186 42 84
1186 60 65
1188 27 84
1189 11 88
1189 13 69
1189 61 77
1191 12 74
1191 13 83
1195 12 84
1196 56 75
1199 42 84
1199 35 79
1203 32 77
1203 52 78
1203 61 73
1207 22 73
1207 6 79
1208 37 90
1208 13 93
1208 55 75
1209 61 77
1210 33 65
1210 62 94
1211 13 79
1217 19 88
1217 47 98
1218 48 80
1222 36 70
1225 34 84
1226 52 97
1228 50 83
1228 46 78
1228 7 65
1229 31 93
1229 36 75
1229 39 93
1231 0 74
1231 42 85
1233 57 79
1235 11 84
1235 6 93
1237 17 65
1237 14 89
1241 58 87
1242 18 88
1248 33 87
1248 14 88
1248 61 84
1253 43 70
1254 51 88
1254 53 85
1255 42 75
1255 28 83
1256 61 84
1257 9 74
1257 2 98
1258 4 83
1258 22 93
1260 32 65
1260 57 89
1262 34 88
1262 4 85
1262 8 94
1265 45 70
1266 28 70
1266 5 87
1267 49 80
1268 20 84
1274 7 83
1279 62 75
1281 17 65
1282 22 73
1293 28 75
1294 11 94
1296 52 84
1296 31 79
1297 55 98
1297 7 80
1300 40 84
1301 59 84
1301 12 88
1305 51 84
1306 42 73
1306 63 73
1308 5 79
1311 43 75
1312 58 80
1313 38 94
1315 58 74
1317 11 74
1317 5 89
1317 55 69
1318 10 73
1320 5 75
1323 29 69
1326 36 73
1327 25 88
1327 21 87
1330 57 65
1330 11 80
1333 24 84
1333 45 88
1334 36 84
582 589 93
592 1118 93
595 902 72
598 366 92
598 413 78
609 615 90
643 1287 87
660 1281 81
727 1294 81
749 584 90
897 585 96
927 590 78
1020 602 86
1308 622 92
1343 399 99
578 3 80
581 60 66
582 41 61
583 13 92
584 37 80
585 44 94
585 12 83
586 1 78
587 20 79
589 60 66
590 4 90
600 54 88
602 3 79
602 27 70
606 44 66
606 37 84
607 4 77
608 27 88
608 53 94
609 9 76
609 10 80
610 60 88
611 37 86
612 18 78
612 50 61
612 62 80
614 9 79
615 59 74
618 45 90
622 59 79
626 1 77
627 33 69
627 12 76
627 47 80
629 46 94
631 32 78
637 0 80
638 47 71
639 24 74
639 5 76
639 53 84
1018 30 79
1019 10 84
1019 52 61
1020 45 90
1020 25 75
1022 3 84
1022 18 74
1022 55 69
1023 25 78
1023 58 83
1023 35 74
1023 18 84
1023 63 69
1280 7 81
1286 14 81
1288 48 79
1293 40 79
1294 44 81
1296 17 79
1296 30 79
1297 59 83
1301 32 79
1315 8 83
1319 11 83
1319 36 83
1327 28 93
1336 49 89
1336 20 73
1337 57 70
1343 40 84
1343 12 98
1343 45 76
1343 20 80
582 638 85
592 639 86
595 579 74
597 609 90
612 590 86
592 60 57
594 8 61
595 61 66
597 28 74
597 23 77
598 2 101
598 49 72
598 50 84
1336 62 67
594 632 55
