93 35 215 1000
421 11 178 1000
200 35 178 1000
221 202 146 1000
99 443 119 1000
97 37 190 1000
304 22 134 1000
97 33 105 1000
110 470 163 1000
471 38 133 1000
480 22 158 1000
341 33 165 1000
441 3 163 1000
99 271 137 1000
453 27 164 1000
470 453 132 1000
108 22 157 1000
286 37 149 1000
357 185 142 1000
447 92 116 1000
121 20 195 1000
450 10 141 1000
109 39 171 1000
341 35 147 1000
193 16 141 1000
141 468 146 1000
201 37 137 1000
197 103 145 1000
465 37 145 1000
341 311 136 1000
450 34 140 1000
471 3 180 1000
472 111 174 1000
485 192 140 1000
439 196 105 1000
439 480 104 1000
215 33 120 1000
219 482 146 1000
97 22 99 1000
434 12 110 1000
444 22 103 1000
291 94 99 1000
241 443 144 1000
143 33 170 1000
92 440 133 1000
473 19 139 1000
93 38 120 1000
451 38 132 1000
466 36 109 1000
411 33 135 1000
285 18 144 1000
112 5 153 1000
96 38 124 1000
96 24 147 1000
328 1 172 1000
310 35 94 1000
112 206 88 1000
476 5 157 1000
449 24 153 1000
364 27 154 1000
195 14 192 1000
97 1 139 1000
402 183 134 1000
253 36 148 1000
282 12 99 1000
115 206 107 1000
97 36 128 1000
464 307 110 1000
432 436 132 1000
182 11 143 1000
336 13 157 1000
323 38 169 1000
190 38 152 1000
468 18 157 1000
277 16 173 1000
244 189 168 1000
441 113 100 1000
358 39 118 1000
193 467 117 1000
115 27 117 1000
262 39 127 1000
473 18 141 1000
441 15 142 1000
406 35 107 1000
260 27 167 1000
413 19 101 1000
452 357 92 1000
477 26 142 1000
333 20 151 1000
395 39 161 1000
413 406 101 1000
458 32 170 1000
202 39 86 1000
355 20 90 1000
110 199 116 1000
421 32 96 1000
287 17 150 1000
446 3 104 1000
209 13 94 1000
282 36 125 1000
302 25 140 1000
336 37 144 1000
286 21 157 1000
309 38 100 1000
468 38 85 1000
362 39 186 1000
365 39 175 1000
485 37 145 1000
476 22 100 1000
444 191 100 1000
131 443 136 1000
347 20 155 1000
336 33 107 1000
178 16 148 1000
115 38 96 1000
104 473 109 1000
289 15 179 1000
200 38 100 1000
111 34 139 1000
479 11 97 1000
433 19 115 1000
195 24 149 1000
217 13 100 1000
219 33 99 1000
217 38 100 1000
220 39 84 1000
173 3 140 1000
446 5 120 1000
198 1 100 1000
252 38 145 1000
344 37 153 1000
421 452 99 1000
195 118 98 1000
446 2 104 1000
398 450 131 1000
358 386 150 1000
180 19 149 1000
477 9 163 1000
220 17 140 1000
349 434 94 1000
350 433 116 1000
276 18 128 1000
478 1 133 1000
333 36 93 1000
360 263 98 1000
413 26 98 1000
85 27 145 1000
350 229 174 1000
322 352 103 1000
382 35 151 1000
369 442 99 1000
342 19 173 1000
424 3 127 1000
457 1 107 1000
211 37 99 1000
307 16 83 1000
210 3 132 1000
198 20 113 1000
119 274 99 1000
473 20 107 1000
449 18 108 1000
242 38 97 1000
470 16 89 1000
435 38 98 1000
471 27 113 1000
110 243 112 1000
365 3 173 1000
491 40 147 1000
443 18 97 1000
210 19 113 1000
104 36 101 1000
434 18 103 1000
217 37 102 1000
454 33 108 1000
326 307 87 1000
413 163 162 1000
351 2 137 1000
99 26 98 1000
334 198 119 1000
397 5 136 1000
291 32 107 1000
444 257 86 1000
200 3 96 1000
488 27 122 1000
231 220 112 1000
246 113 91 1000
249 36 121 1000
489 220 102 1000
274 289 101 1000
271 192 104 1000
202 5 98 1000
120 3 101 1000
285 394 97 1000
448 28 101 1000
456 21 150 1000
133 28 142 1000
224 322 176 1000
407 16 102 1000
298 447 96 1000
311 396 95 1000
388 1 167 1000
485 12 86 1000
425 304 102 1000
450 29 122 1000
175 322 136 1000
197 106 131 1000
154 465 137 1000
270 26 131 1000
201 5 92 1000
236 33 85 1000
113 22 96 1000
361 34 81 1000
178 12 150 1000
107 121 130 1000
307 22 95 1000
120 5 94 1000
396 18 130 1000
484 299 170 1000
402 37 97 1000
371 99 105 1000
351 26 155 1000
436 29 144 1000
137 25 139 1000
262 252 130 1000
246 16 94 1000
422 27 126 1000
291 2 96 1000
199 423 100 1000
141 24 169 1000
382 13 146 1000
211 26 102 1000
451 25 95 1000
270 1 104 1000
482 11 100 1000
435 25 84 1000
283 172 99 1000
226 22 94 1000
470 14 90 1000
431 178 150 1000
217 32 95 1000
119 30 186 1000
455 119 104 1000
117 314 169 1000
333 25 174 1000
302 10 105 1000
224 11 95 1000
485 11 109 1000
107 191 96 1000
259 36 110 1000
261 36 100 1000
485 38 85 1000
94 4 144 1000
244 20 95 1000
106 6 130 1000
311 18 134 1000
264 38 90 1000
328 25 140 1000
175 11 84 1000
177 25 155 1000
285 37 94 1000
438 19 108 1000
289 28 84 1000
408 5 126 1000
213 14 84 1000
217 375 164 1000
292 36 109 1000
424 22 93 1000
477 10 130 1000
344 11 99 1000
401 238 149 1000
107 2 107 1000
259 14 119 1000
483 17 148 1000
470 26 104 1000
258 35 94 1000
472 13 119 1000
455 483 99 1000
226 36 113 1000
196 173 88 1000
328 39 93 1000
329 39 85 1000
259 27 108 1000
323 21 123 1000
275 382 144 1000
458 6 130 1000
237 14 139 1000
302 125 153 1000
163 20 168 1000
195 299 108 1000
198 294 134 1000
200 292 118 1000
103 88 127 1000
108 82 129 1000
476 31 98 1000
87 33 94 1000
195 28 94 1000
302 29 133 1000
187 20 101 1000
488 278 108 1000
348 39 99 1000
213 34 98 1000
119 23 169 1000
348 117 87 1000
118 28 89 1000
281 473 106 1000
261 34 132 1000
385 448 93 1000
244 39 117 1000
173 20 96 1000
213 232 122 1000
276 402 127 1000
333 411 82 1000
406 26 107 1000
231 200 102 1000
476 0 157 1000
454 11 117 1000
367 24 122 1000
357 26 102 1000
306 9 126 1000
227 12 92 1000
168 33 88 1000
258 1 81 1000
236 31 138 1000
460 10 87 1000
243 14 92 1000
108 31 109 1000
111 31 85 1000
406 31 97 1000
464 323 102 1000
258 22 88 1000
252 33 116 1000
123 441 125 1000
252 284 95 1000
337 482 108 1000
314 118 121 1000
444 31 141 1000
351 306 116 1000
286 25 116 1000
289 25 121 1000
223 226 112 1000
163 483 131 1000
396 20 82 1000
246 2 127 1000
220 24 110 1000
135 5 91 1000
197 19 95 1000
143 1 81 1000
350 37 101 1000
211 40 101 1000
482 12 126 1000
180 384 141 1000
151 11 96 1000
108 258 97 1000
115 17 100 1000
451 6 96 1000
239 240 138 1000
206 26 101 1000
440 31 120 1000
355 31 116 1000
382 36 86 1000
429 35 91 1000
86 40 130 1000
127 361 107 1000
118 7 151 1000
334 6 137 1000
384 397 144 1000
244 31 96 1000
243 34 92 1000
223 22 99 1000
186 19 105 1000
434 6 81 1000
142 39 95 1000
482 350 121 1000
300 39 99 1000
349 20 106 1000
227 5 100 1000
217 15 86 1000
344 19 89 1000
350 19 100 1000
393 3 88 1000
369 16 91 1000
450 87 105 1000
259 17 135 1000
136 364 80 1000
406 19 140 1000
260 39 95 1000
257 1 99 1000
365 37 96 1000
175 107 111 1000
478 15 85 1000
281 326 90 1000
461 0 164 1000
125 5 141 1000
454 238 121 1000
275 31 98 1000
448 373 75 1000
386 40 145 1000
468 399 90 1000
298 1 125 1000
115 144 90 1000
468 24 100 1000
128 428 115 1000
439 312 111 1000
328 5 120 1000
127 35 89 1000
258 113 105 1000
349 22 114 1000
482 40 74 1000
404 24 80 1000
232 36 89 1000
86 12 92 1000
276 294 95 1000
197 40 115 1000
482 314 114 1000
472 425 89 1000
348 411 90 1000
433 6 89 1000
128 202 90 1000
480 9 114 1000
172 40 86 1000
110 14 99 1000
179 30 144 1000
277 0 174 1000
360 30 94 1000
127 304 78 1000
442 89 94 1000
398 5 119 1000
132 180 99 1000
104 15 104 1000
241 20 87 1000
488 13 99 1000
159 35 96 1000
297 36 103 1000
199 18 114 1000
401 396 94 1000
430 32 122 1000
476 40 114 1000
173 40 94 1000
255 37 89 1000
481 26 98 1000
342 40 83 1000
404 40 113 1000
447 23 129 1000
246 17 89 1000
395 424 89 1000
298 37 86 1000
365 5 88 1000
82 22 88 1000
246 399 113 1000
181 336 91 1000
133 0 132 1000
137 0 124 1000
103 24 89 1000
129 334 118 1000
142 12 113 1000
186 32 98 1000
332 26 93 1000
364 2 117 1000
458 15 93 1000
192 239 88 1000
466 6 94 1000
326 31 109 1000
363 38 98 1000
463 28 88 1000
322 34 108 1000
128 326 128 1000
120 6 92 1000
271 32 98 1000
165 478 78 1000
146 20 88 1000
150 19 120 1000
448 29 78 1000
344 341 87 1000
87 13 77 1000
275 21 98 1000
453 14 138 1000
152 477 117 1000
243 26 97 1000
442 122 108 1000
435 23 117 1000
251 9 88 1000
89 1 87 1000
99 0 91 1000
147 231 78 1000
428 332 85 1000
394 26 93 1000
173 28 93 1000
119 17 112 1000
422 18 87 1000
152 12 93 1000
190 28 76 1000
236 3 102 1000
255 22 122 1000
227 28 87 1000
332 236 130 1000
99 153 112 1000
266 253 92 1000
252 5 92 1000
144 109 112 1000
121 90 92 1000
387 13 114 1000
266 296 87 1000
271 300 112 1000
138 21 77 1000
155 28 152 1000
273 393 96 1000
351 23 126 1000
342 28 87 1000
370 26 86 1000
143 32 89 1000
423 31 76 1000
93 30 92 1000
458 382 87 1000
122 25 137 1000
132 15 107 1000
239 5 95 1000
282 23 81 1000
183 326 86 1000
371 328 94 1000
264 37 146 1000
129 38 86 1000
252 32 86 1000
319 12 76 1000
178 24 96 1000
236 424 101 1000
240 38 111 1000
127 210 95 1000
337 5 123 1000
441 4 129 1000
332 14 85 1000
316 1 80 1000
307 152 93 1000
232 39 89 1000
316 28 126 1000
309 23 105 1000
290 29 76 1000
491 15 92 1000
484 4 141 1000
398 25 90 1000
325 400 85 1000
360 7 109 1000
108 88 79 1000
83 3 103 1000
201 156 84 1000
402 15 110 1000
159 17 166 1000
314 11 80 1000
203 127 85 1000
380 22 88 1000
130 20 84 1000
454 6 75 1000
470 155 90 1000
200 0 80 1000
90 20 95 1000
299 39 95 1000
239 14 85 1000
235 18 116 1000
226 40 118 1000
487 147 104 1000
351 21 91 1000
296 2 85 1000
219 23 117 1000
189 5 95 1000
345 7 125 1000
201 23 74 1000
488 9 99 1000
157 15 140 1000
278 234 94 1000
234 337 93 1000
316 38 84 1000
301 31 114 1000
156 20 83 1000
350 4 145 1000
112 23 89 1000
241 16 94 1000
185 24 109 1000
371 24 99 1000
94 29 94 1000
253 31 93 1000
397 4 149 1000
424 4 154 1000
473 159 84 1000
364 17 114 1000
112 29 100 1000
375 456 103 1000
482 26 128 1000
311 159 123 1000
221 29 115 1000
143 23 138 1000
90 32 78 1000
345 24 136 1000
429 25 98 1000
361 7 83 1000
429 14 84 1000
461 15 93 1000
380 119 98 1000
202 8 84 1000
172 31 83 1000
249 86 109 1000
121 161 87 1000
266 384 98 1000
88 40 78 1000
301 239 83 1000
111 29 89 1000
155 3 82 1000
297 162 142 1000
295 25 80 1000
489 28 83 1000
173 292 92 1000
292 24 91 1000
187 31 107 1000
424 10 118 1000
440 23 127 1000
258 21 87 1000
251 29 91 1000
373 140 102 1000
142 24 72 1000
195 4 117 1000
407 0 87 1000
255 15 86 1000
109 30 130 1000
382 10 98 1000
113 4 82 1000
231 30 100 1000
122 2 72 1000
131 2 97 1000
453 164 106 1000
394 6 66 1000
197 7 81 1000
399 28 82 1000
173 30 87 1000
392 34 91 1000
172 315 99 1000
165 10 102 1000
166 10 70 1000
103 4 85 1000
180 15 141 1000
108 30 86 1000
388 32 104 1000
123 10 86 1000
482 6 91 1000
90 23 111 1000
85 0 131 1000
373 191 100 1000
387 31 104 1000
178 6 81 1000
349 30 97 1000
110 8 94 1000
108 314 105 1000
312 5 101 1000
453 7 78 1000
124 18 70 1000
168 34 96 1000
461 30 85 1000
141 23 70 1000
396 17 90 1000
373 11 90 1000
373 2 94 1000
90 24 78 1000
246 8 88 1000
262 86 84 1000
161 2 89 1000
337 0 95 1000
129 31 85 1000
224 0 84 1000
231 0 94 1000
182 23 70 1000
184 23 100 1000
84 9 85 1000
483 29 68 1000
386 25 73 1000
150 301 104 1000
164 341 78 1000
292 6 73 1000
301 28 104 1000
371 21 88 1000
248 7 104 1000
423 21 118 1000
162 487 106 1000
485 163 118 1000
322 163 69 1000
168 9 82 1000
341 30 78 1000
128 24 86 1000
154 341 123 1000
319 258 67 1000
83 10 100 1000
386 21 68 1000
344 29 79 1000
314 158 158 1000
333 4 62 1000
312 28 102 1000
396 169 67 1000
133 4 77 1000
231 4 122 1000
379 34 77 1000
422 29 92 1000
326 4 98 1000
144 6 103 1000
394 128 102 1000
295 6 103 1000
130 4 128 1000
335 8 86 1000
152 21 77 1000
295 15 86 1000
172 8 71 1000
131 143 82 1000
150 85 125 1000
380 25 61 1000
240 83 106 1000
392 30 91 1000
349 8 101 1000
150 23 71 1000
295 159 108 1000
151 122 70 1000
348 4 75 1000
127 388 79 1000
236 0 91 1000
297 29 70 1000
136 23 110 1000
375 15 64 1000
373 8 151 1000
259 4 82 1000
267 29 73 1000
296 4 73 1000
296 30 114 1000
169 15 73 1000
238 4 82 1000
124 90 76 1000
261 4 83 1000
168 21 72 1000
299 4 98 1000
83 23 73 1000
292 380 82 1000
123 84 82 1000
385 0 80 1000
163 0 96 1000
312 87 92 1000
299 23 70 1000
316 152 64 1000
468 33 188 300
113 35 157 300
442 20 180 300
345 421 149 300
388 29 80 1000
451 229 189 300
379 7 73 1000
437 36 103 300
279 468 162 300
219 20 142 300
483 99 145 300
242 121 178 300
372 8 67 1000
379 8 86 1000
284 14 184 300
414 21 135 300
457 20 154 300
113 32 158 300
120 35 100 300
329 11 153 300
93 27 102 300
325 39 161 300
310 31 167 300
424 11 152 300
220 31 132 300
137 37 131 300
104 27 96 300
279 357 101 300
371 13 154 300
326 33 107 300
259 22 149 300
444 479 100 300
290 278 105 300
224 19 154 300
189 3 133 300
173 485 144 300
411 437 109 300
134 35 95 300
144 13 154 300
400 33 94 300
440 2 116 300
348 432 99 300
444 10 95 300
311 37 108 300
118 141 107 300
367 3 127 300
200 491 113 300
116 37 112 300
260 444 92 300
439 18 137 300
110 35 97 300
286 38 107 300
465 19 93 300
304 5 105 300
436 16 132 300
402 195 134 300
465 348 101 300
392 27 92 300
235 442 126 300
128 12 136 300
172 259 159 300
278 455 96 300
217 5 92 300
191 1 94 300
231 33 105 300
139 39 80 300
488 38 92 300
341 13 84 300
325 38 79 300
233 355 93 300
180 283 85 300
119 40 115 300
397 1 92 300
236 5 161 300
168 458 130 300
271 286 99 300
336 21 169 300
215 18 94 300
393 38 124 300
402 14 89 300
404 14 92 300
407 14 118 300
294 92 93 300
284 185 121 300
249 401 99 300
441 8 144 300
181 20 92 300
468 28 78 300
341 133 89 300
469 28 107 300
203 21 101 300
185 35 96 300
223 3 111 300
284 15 91 300
334 20 102 300
487 227 81 300
299 28 133 300
291 40 101 300
248 26 87 300
287 143 136 300
279 316 166 300
461 26 96 300
262 37 96 300
107 37 106 300
386 36 80 300
423 113 105 300
292 33 119 300
237 13 91 300
90 302 91 300
296 13 115 300
141 10 85 300
295 17 130 300
434 30 100 300
134 18 107 300
425 3 95 300
339 2 81 300
364 215 114 300
431 487 89 300
239 39 90 300
442 15 139 300
369 223 95 300
137 26 94 300
366 20 99 300
406 21 105 300
154 393 130 300
191 40 85 300
248 9 94 300
133 34 84 300
404 4 145 300
248 17 85 300
485 10 89 300
255 406 83 300
96 23 78 300
485 2 123 300
431 2 79 300
423 14 95 300
488 31 108 300
110 10 98 300
187 2 99 300
473 258 88 300
394 18 87 300
425 364 87 300
237 37 119 300
338 37 137 300
443 29 78 300
179 23 143 300
395 2 97 300
266 23 122 300
151 22 137 300
275 5 121 300
350 34 102 300
355 23 77 300
164 39 86 300
231 24 104 300
385 286 86 300
437 7 81 300
257 89 145 300
83 37 92 300
297 30 136 300
226 7 126 300
241 319 130 300
266 24 100 300
111 15 85 300
203 0 90 300
198 23 90 300
226 9 109 300
229 9 105 300
151 326 90 300
379 38 103 300
361 8 94 300
429 21 89 300
203 8 74 300
393 24 118 300
437 33 147 150
439 33 152 150
400 9 118 300
310 30 119 300
402 122 73 300
415 92 175 150
351 239 135 300
96 27 174 150
148 14 131 300
434 201 197 150
265 6 72 300
297 270 101 300
476 4 132 300
124 30 132 300
446 22 137 150
309 36 142 150
409 4 107 300
84 241 90 300
443 39 200 150
268 320 81 300
434 247 151 150
455 33 161 150
347 15 80 300
439 455 155 150
352 38 157 150
93 20 145 150
394 319 96 300
251 36 164 150
99 109 172 150
478 12 159 150
154 325 88 300
116 1 143 150
118 1 134 150
438 37 163 150
273 4 80 300
242 309 153 150
217 290 162 150
88 21 101 300
229 33 144 150
251 27 148 150
360 16 157 150
206 20 153 150
153 34 69 300
415 18 157 150
152 253 70 300
474 39 152 150
450 425 167 150
446 35 103 150
282 434 125 150
97 14 142 150
251 1 146 150
449 35 117 150
461 1 166 150
165 25 88 300
178 36 132 150
307 37 161 150
456 22 136 150
461 22 141 150
287 19 161 150
442 27 127 150
331 0 113 300
197 16 167 150
92 27 96 150
201 33 111 150
93 477 125 150
264 35 155 150
266 35 134 150
438 468 96 150
479 16 155 150
394 36 154 150
357 35 116 150
307 361 105 150
92 93 116 150
198 432 95 150
139 12 145 150
434 479 104 150
99 1 99 150
124 7 113 300
220 489 174 150
474 3 159 150
259 33 129 150
302 36 110 150
99 11 93 150
224 12 155 150
202 14 159 150
281 413 135 150
141 11 149 150
331 12 158 150
115 36 104 150
484 1 153 150
466 400 183 150
266 12 144 150
94 39 98 150
108 33 119 150
476 347 133 150
440 38 99 150
463 35 98 150
310 310 110 150
140 39 168 150
202 220 88 150
447 9 183 150
276 20 161 150
404 182 143 150
283 34 133 150
404 357 100 150
287 12 108 150
147 36 155 150
195 27 103 150
465 27 87 150
213 369 141 150
267 8 82 300
118 197 87 150
452 227 132 150
450 20 106 150
358 11 108 150
289 22 91 150
179 243 166 150
411 5 149 150
457 19 182 150
196 217 108 150
215 201 101 150
177 39 163 150
360 39 111 150
336 7 76 300
108 32 137 150
196 476 98 150
287 435 127 150
415 3 92 150
421 3 122 150
120 26 166 150
474 464 98 150
457 263 126 150
392 11 146 150
285 22 102 150
436 20 95 150
351 13 152 150
276 33 101 150
442 16 107 150
172 112 146 150
84 438 137 150
141 16 165 150
284 11 107 150
362 22 157 150
392 13 141 150
421 6 144 150
407 35 101 150
118 478 92 150
249 423 157 150
132 406 126 150
134 33 97 150
414 5 99 150
148 385 81 300
452 2 166 150
109 27 134 150
117 295 142 150
97 3 109 150
240 195 161 150
367 38 151 150
345 113 176 150
409 464 126 150
369 4 105 300
198 11 106 150
332 16 143 150
370 13 145 150
306 25 164 150
335 37 157 150
273 349 146 150
400 116 140 150
395 4 86 300
474 22 121 150
107 26 151 150
436 307 115 150
342 20 145 150
247 10 166 150
193 13 95 150
196 13 117 150
334 447 90 150
364 7 65 300
307 13 100 150
464 13 118 150
224 436 95 150
180 407 170 150
325 33 101 150
109 12 109 150
310 17 170 150
441 19 100 150
118 25 160 150
337 3 177 150
338 3 173 150
197 460 120 150
192 24 139 150
325 432 106 150
118 242 95 150
304 457 105 150
470 24 149 150
365 113 158 150
483 33 100 150
268 33 94 150
214 39 88 150
120 9 154 150
237 1 160 150
273 35 89 150
331 482 124 150
463 17 139 150
466 17 154 150
466 39 105 150
479 39 120 150
448 2 119 150
450 396 114 150
157 33 189 150
408 22 121 150
112 1 113 150
464 120 104 150
414 26 108 150
211 16 100 150
112 117 130 150
431 107 138 150
435 5 104 150
409 11 118 150
199 203 139 150
99 39 98 150
481 1 98 150
104 22 89 150
433 2 102 150
437 2 102 150
415 26 89 150
284 37 98 150
451 14 113 150
484 36 98 150
350 439 118 150
263 265 144 150
367 16 169 150
103 11 99 150
286 482 98 150
431 33 114 150
278 481 119 150
224 2 134 150
226 396 143 150
458 22 104 150
229 203 94 150
472 120 103 150
325 32 123 150
326 424 193 150
195 16 97 150
279 12 98 150
433 11 113 150
315 433 149 150
249 22 103 150
247 38 93 150
119 132 117 150
469 37 104 150
97 26 103 150
397 266 167 150
307 3 132 150
478 20 98 150
481 20 107 150
467 406 103 150
115 37 103 150
344 36 92 150
432 40 98 150
488 35 127 150
221 35 97 150
311 483 87 150
344 5 138 150
94 327 106 150
290 6 161 150
385 465 127 150
220 37 93 150
108 21 153 150
396 358 87 150
366 19 153 150
247 39 98 150
220 110 102 150
113 16 97 150
471 311 123 150
283 5 87 150
423 36 123 150
286 249 107 150
94 26 97 150
361 30 138 150
203 22 107 150
452 39 103 150
206 349 131 150
482 192 107 150
414 181 132 150
289 2 86 150
290 32 97 150
276 11 102 150
441 2 97 150
94 31 97 150
172 192 96 150
92 157 166 150
465 12 121 150
189 468 81 150
192 213 110 150
214 197 121 150
309 6 133 150
366 36 97 150
481 226 91 150
473 491 111 150
481 488 113 150
369 5 122 150
239 16 160 150
109 16 93 150
399 40 166 150
339 12 110 150
489 34 137 150
266 27 96 150
488 12 91 150
473 3 112 150
441 297 102 150
103 198 121 150
400 10 160 150
436 23 131 150
120 22 96 150
266 477 102 150
195 32 105 150
302 22 95 150
93 25 105 150
421 21 85 150
84 452 141 150
448 37 131 150
273 455 111 150
213 406 120 150
136 13 96 150
364 40 136 150
302 40 111 150
323 12 86 150
332 33 105 150
287 26 84 150
107 388 141 150
348 31 150 150
179 22 124 150
371 10 135 150
183 22 105 150
304 10 96 150
467 2 100 150
97 17 90 150
448 25 115 150
112 13 95 150
181 33 140 150
104 3 124 150
201 11 124 150
444 17 105 150
446 17 101 150
226 38 94 150
471 14 112 150
464 40 94 150
435 173 95 150
214 2 95 150
219 14 89 150
484 13 120 150
471 10 104 150
434 9 89 150
436 9 93 150
278 20 109 150
339 248 135 150
136 21 130 150
464 376 144 150
466 40 100 150
147 2 135 150
491 39 126 150
437 17 110 150
129 13 158 150
296 32 130 150
210 31 100 150
151 206 93 150
186 11 110 150
139 15 125 150
355 25 79 150
111 411 94 150
404 106 95 150
408 108 144 150
331 39 98 150
143 35 100 150
183 38 94 150
443 21 109 150
366 31 130 150
367 175 166 150
323 24 154 150
439 188 98 150
433 21 90 150
195 18 84 150
265 25 123 150
328 9 139 150
407 430 79 150
473 376 159 150
268 248 90 150
465 26 94 150
185 9 133 150
472 18 109 150
243 19 94 150
275 16 84 150
238 36 84 150
182 13 94 150
276 137 119 150
352 267 144 150
357 271 104 150
325 243 84 150
454 19 83 150
393 22 98 150
352 17 93 150
103 13 153 150
92 10 118 150
82 33 83 150
311 295 104 150
177 36 93 150
473 26 108 150
369 28 149 150
107 39 93 150
111 39 97 150
111 14 113 150
214 31 78 150
401 13 97 150
461 350 90 150
132 27 103 150
327 278 98 150
110 366 103 150
455 5 98 150
282 186 128 150
244 11 122 150
367 291 92 150
246 32 102 150
465 31 83 150
147 468 112 150
233 421 128 150
421 239 111 150
264 21 128 150
432 8 125 150
289 24 97 150
182 15 138 150
248 344 93 150
215 279 133 150
138 16 113 150
151 27 108 150
237 193 88 150
219 34 103 150
406 372 158 150
158 112 147 150
209 9 87 150
461 3 107 150
150 26 164 150
456 5 98 150
295 200 92 150
116 0 144 150
136 3 96 150
473 31 112 150
219 257 94 150
214 28 88 150
362 25 118 150
214 0 142 150
311 25 96 150
466 29 182 150
268 36 118 150
461 14 109 150
143 12 111 150
328 16 87 150
349 120 106 150
200 37 142 150
453 367 97 150
491 404 97 150
364 9 122 150
364 13 97 150
164 33 101 150
183 35 93 150
186 35 128 150
352 10 102 150
357 10 102 150
253 1 77 150
458 10 91 150
130 37 133 150
380 39 195 150
265 16 98 150
341 37 97 150
431 20 106 150
429 118 92 150
362 248 107 150
473 28 93 150
454 18 88 150
349 147 117 150
367 36 91 150
86 32 121 150
304 345 101 150
446 34 101 150
469 9 135 150
302 21 106 150
306 21 90 150
198 17 102 150
135 345 132 150
227 19 97 150
141 103 101 150
244 16 104 150
336 3 91 150
229 188 81 150
193 9 81 150
106 23 117 150
348 108 96 150
109 28 98 150
265 3 109 150
267 406 81 150
339 482 117 150
242 31 88 150
249 31 76 150
474 24 124 150
146 38 106 150
154 444 92 150
279 10 101 150
232 33 126 150
261 13 106 150
83 210 91 150
263 487 90 150
431 37 76 150
478 25 81 150
233 361 116 150
240 358 116 150
217 19 116 150
88 35 81 150
140 3 91 150
193 15 117 150
201 4 132 150
325 263 106 150
262 468 101 150
234 38 87 150
349 3 127 150
388 2 160 150
266 185 95 150
260 24 175 150
463 4 121 150
393 16 91 150
155 482 115 150
447 30 85 150
477 21 80 150
480 21 107 150
481 21 79 150
327 6 135 150
214 15 85 150
399 3 109 150
460 16 91 150
274 18 91 150
243 0 125 150
406 25 89 150
460 154 140 150
300 13 96 150
109 180 126 150
111 187 100 150
131 5 155 150
319 407 120 150
468 14 115 150
240 457 116 150
279 31 95 150
335 3 100 150
201 24 91 150
107 24 102 150
326 2 93 150
200 9 105 150
401 12 128 150
467 24 90 150
423 3 90 150
448 6 125 150
456 29 155 150
402 25 80 150
325 5 91 150
141 39 100 150
221 422 104 150
337 14 94 150
339 40 105 150
314 33 104 150
189 22 104 150
408 24 95 150
249 25 89 150
133 26 120 150
140 26 84 150
326 30 125 150
453 25 104 150
363 19 89 150
491 38 114 150
186 14 96 150
484 10 84 150
183 30 160 150
349 399 89 150
386 215 79 150
446 89 89 150
137 31 103 150
223 40 98 150
384 196 107 150
237 20 84 150
240 118 89 150
387 26 159 150
243 25 80 150
237 35 114 150
425 2 88 150
348 13 111 150
483 39 108 150
190 13 107 150
258 37 89 150
138 274 89 150
175 363 89 150
138 34 104 150
139 34 89 150
366 6 139 150
369 6 115 150
335 32 136 150
247 21 79 150
296 16 93 150
226 26 73 150
242 5 108 150
355 6 88 150
425 22 98 150
276 25 87 150
393 398 104 150
297 37 87 150
455 21 110 150
448 0 83 150
136 28 98 150
177 337 77 150
140 0 133 150
154 27 98 150
393 14 119 150
224 34 87 150
428 40 73 150
201 6 92 150
103 10 88 150
151 16 78 150
337 26 114 150
381 36 97 150
165 12 106 150
270 338 83 150
87 11 93 150
471 34 128 150
488 253 77 150
118 6 93 150
406 18 98 150
441 0 98 150
372 32 137 150
92 29 87 150
440 123 87 150
172 260 137 150
148 20 98 150
399 18 119 150
271 34 120 150
447 166 93 150
138 229 122 150
215 239 88 150
454 15 88 150
457 15 88 150
131 476 104 150
163 299 137 150
332 28 84 150
166 1 82 150
88 13 78 150
301 199 87 150
316 93 87 150
327 31 87 150
437 29 93 150
488 23 162 150
147 3 103 150
237 226 97 150
191 16 103 150
237 19 72 150
270 31 77 150
117 17 87 150
339 29 152 150
429 18 77 150
369 10 84 150
483 297 107 150
178 234 101 150
387 11 77 150
193 30 72 150
89 21 122 150
483 28 92 150
364 363 78 150
312 309 78 150
484 133 97 150
175 29 132 150
148 22 87 150
130 11 71 150
358 29 93 150
425 26 76 150
275 25 106 150
82 120 76 150
130 22 88 150
407 142 87 150
143 5 81 150
295 5 92 150
323 483 101 150
252 345 101 150
238 6 111 150
349 23 126 150
266 28 91 150
144 32 95 150
452 10 86 150
301 2 81 150
178 25 101 150
336 9 76 150
142 38 101 150
442 4 121 150
241 106 120 150
112 6 121 150
144 5 102 150
161 11 96 150
423 23 151 150
424 28 107 150
339 17 96 150
262 25 104 150
233 2 131 150
221 6 86 150
155 38 116 150
226 17 95 150
124 24 168 150
186 9 106 150
84 16 82 150
142 14 117 150
286 23 75 150
339 21 102 150
267 24 83 150
188 17 80 150
183 484 86 150
440 30 81 150
341 17 86 150
332 15 85 150
373 476 91 150
446 4 85 150
364 253 90 150
394 37 95 150
179 21 85 150
331 14 85 150
392 25 95 150
351 9 95 150
380 1 88 150
328 15 90 150
84 3 106 150
173 428 85 150
155 244 75 150
182 4 180 150
422 24 94 150
425 9 90 150
465 23 99 150
406 381 95 150
233 18 100 150
263 15 84 150
159 36 95 150
150 281 101 150
488 14 95 150
253 326 78 150
82 3 84 150
336 26 119 150
299 2 109 150
119 123 84 150
328 40 119 150
253 339 89 150
399 24 100 150
148 173 79 150
320 39 84 150
191 398 134 150
386 37 103 150
262 5 84 150
237 32 84 150
120 23 90 150
213 29 81 150
168 109 83 150
128 16 69 150
423 17 74 150
202 7 69 150
352 4 104 150
388 489 91 150
235 31 107 150
431 15 80 150
124 37 83 150
464 29 99 150
401 4 119 150
148 31 84 150
125 408 79 150
238 26 99 150
424 21 74 150
249 21 127 150
301 16 83 150
375 9 113 150
155 151 118 150
484 26 98 150
166 109 98 150
163 3 68 150
83 11 93 150
240 31 85 150
232 180 73 150
236 181 75 150
157 135 126 150
345 26 98 150
231 28 83 150
369 14 125 150
286 8 88 150
287 8 68 150
223 31 112 150
227 34 116 150
369 367 83 150
236 37 105 150
110 23 90 150
404 23 86 150
241 0 134 150
180 31 108 150
122 19 102 150
124 19 98 150
362 21 73 150
261 19 108 150
168 482 96 150
466 7 82 150
236 29 108 150
82 365 72 150
107 23 83 150
234 336 101 150
387 38 92 150
289 7 82 150
485 236 132 150
146 24 77 150
135 30 88 150
84 18 87 150
472 7 72 150
215 4 67 150
90 369 87 150
319 133 71 150
366 10 89 150
409 29 98 150
385 13 94 150
297 9 71 150
429 384 82 150
193 8 103 150
294 25 92 150
146 17 73 150
267 6 77 150
162 38 82 150
237 9 77 150
325 6 72 150
278 21 82 150
348 147 117 150
409 0 112 150
258 15 91 150
215 8 91 150
312 37 88 150
130 3 117 150
172 17 104 150
89 34 88 150
255 21 96 150
477 8 97 150
146 4 127 150
238 7 159 150
224 15 116 150
157 2 103 150
260 15 71 150
186 30 71 150
386 10 81 150
371 235 101 150
329 89 86 150
469 7 102 150
237 15 76 150
487 17 81 150
232 4 157 150
173 15 121 150
152 5 91 150
166 14 109 150
339 6 92 150
143 40 81 150
181 379 71 150
251 154 99 150
129 18 85 150
147 26 93 150
186 316 111 150
233 25 114 150
296 9 95 150
111 8 80 150
147 18 80 150
153 10 77 150
132 0 99 150
452 7 75 150
90 236 71 150
387 34 95 150
108 4 70 150
406 4 100 150
485 85 96 150
350 381 75 150
456 4 90 150
226 389 120 150
87 25 89 150
381 5 79 150
382 37 80 150
387 28 110 150
122 34 84 150
347 6 95 150
255 28 103 150
261 28 93 150
454 7 95 150
373 393 74 150
381 32 112 150
162 328 69 150
86 24 79 150
89 24 97 150
169 34 69 150
229 23 74 150
83 17 84 150
380 29 87 300
322 0 113 150
341 29 79 150
185 23 74 150
177 0 69 150
332 23 82 150
153 259 68 150
327 386 84 150
328 382 109 150
181 29 96 150
401 82 94 150
428 89 79 150
388 24 72 150
337 166 89 150
338 166 93 150
83 15 85 150
84 15 123 150
483 163 80 150
227 29 68 150
319 332 103 150
156 29 138 150
482 0 134 150
258 30 63 150
243 29 88 150
129 9 90 150
187 0 88 150
381 31 72 150
381 34 77 150
333 7 82 150
298 30 92 150
89 18 104 150
381 26 67 150
312 294 99 150
344 123 107 150
315 23 118 150
363 23 85 150
325 7 132 150
137 4 78 150
389 25 92 150
184 7 72 150
124 14 87 150
487 30 72 150
234 88 68 150
265 7 72 150
379 23 122 150
365 23 87 150
89 31 77 150
90 31 87 150
156 21 81 150
223 8 95 150
169 8 109 150
328 8 88 150
154 15 116 150
180 8 99 150
123 24 77 150
314 24 96 150
320 24 97 150
320 9 96 150
392 4 61 150
388 31 86 150
252 23 84 150
265 4 76 150
148 156 95 150
342 8 81 150
301 153 85 150
144 0 75 150
173 7 101 150
401 8 85 150
163 34 85 150
240 23 72 150
232 388 89 150
382 6 89 150
153 386 60 150
261 30 84 150
320 10 136 150
376 24 137 150
162 17 84 150
147 7 97 150
240 4 117 150
258 8 82 150
235 30 103 150
237 7 73 150
142 8 73 150
241 8 83 150
130 373 90 150
376 6 87 150
153 373 73 150
389 23 91 150
319 315 83 150
314 15 86 150
131 23 87 150
388 166 96 150
124 0 78 150
255 23 71 150
319 373 66 150
125 130 105 150
384 125 85 150
312 6 106 150
85 4 85 150
156 23 81 150
88 8 70 150
165 30 70 150
382 30 78 150
387 8 54 150
127 8 84 150
387 7 81 150
124 4 71 150
157 4 77 150
320 4 82 150
319 8 66 150
315 315 91 150
312 23 111 150
