88 37 126
88 14 199
88 17 132
88 18 120
88 19 102
88 286 184
88 31 118
89 10 118
89 323 111
89 147 113
89 478 113
89 38 115
90 345 179
90 2 123
90 247 99
90 12 110
90 31 93
92 304 105
92 42 110
92 427 168
92 93 137
92 350 157
93 425 189
93 450 130
93 315 130
93 149 98
93 5 101
94 336 201
94 105 137
94 3 224
94 492 259
95 6 140
95 39 81
95 10 93
95 269 142
95 275 147
95 411 158
95 286 105
96 480 209
96 517 88
96 6 125
96 42 182
96 15 123
96 19 202
96 215 157
96 24 78
97 352 93
97 36 94
97 430 135
97 367 113
97 16 77
97 210 248
97 27 170
97 414 142
98 8 101
98 0 96
98 458 204
98 184 103
98 349 123
99 520 164
99 9 95
99 19 159
99 17 189
101 166 185
101 424 167
101 11 162
101 14 107
101 15 88
101 21 209
101 431 130
102 38 91
102 7 209
102 263 221
102 15 97
102 311 196
102 24 138
103 1 101
103 323 184
103 348 199
103 23 152
105 176 147
107 273 147
107 42 91
107 36 119
107 22 98
107 191 154
109 0 83
109 450 113
109 3 99
109 303 151
109 497 115
109 22 159
109 30 135
110 33 167
110 3 140
110 42 158
110 523 169
110 16 100
110 178 109
110 372 97
111 465 120
111 290 122
111 183 174
112 470 105
112 113 116
112 19 85
112 30 135
112 14 169
113 3 154
113 102 232
113 266 142
113 18 173
113 149 149
113 409 133
114 465 179
114 13 124
115 24 261
115 429 97
115 6 147
115 191 101
116 272 193
116 505 167
116 30 119
116 454 92
119 389 128
119 519 85
119 372 194
119 280 73
119 20 66
119 90 126
119 27 78
119 26 99
119 37 94
122 178 96
122 27 220
122 332 103
122 38 74
123 10 71
123 234 83
123 42 59
123 21 152
123 13 111
124 123 128
124 139 157
124 19 71
124 244 134
124 31 105
124 30 126
124 511 81
125 33 79
125 20 217
125 37 94
126 34 86
126 41 129
126 492 80
126 494 86
126 15 96
126 373 209
126 28 81
127 9 245
127 11 96
127 12 189
128 107 108
128 509 123
128 463 122
129 3 197
129 36 118
129 261 140
129 38 120
129 170 147
129 236 140
129 284 105
130 129 83
130 34 192
130 3 254
130 7 159
130 172 118
130 181 177
130 414 176
130 21 132
131 33 207
131 26 101
131 27 135
132 41 126
132 10 143
132 16 152
132 21 128
132 214 238
132 217 178
134 32 105
134 481 112
134 34 93
134 17 142
134 405 130
134 314 125
136 434 105
136 524 164
136 218 105
136 471 128
137 321 90
137 19 93
137 430 145
137 30 88
137 13 133
138 259 95
138 36 198
138 38 122
138 299 216
138 310 160
138 29 110
139 212 121
139 274 173
139 4 136
139 101 178
139 14 168
140 35 138
140 107 138
140 18 115
140 171 184
140 152 132
140 186 147
140 21 93
142 16 113
142 32 139
142 510 113
142 183 167
143 25 177
143 20 152
143 29 150
143 15 153
144 294 139
144 10 68
144 367 113
144 18 184
144 27 135
144 125 140
145 1 136
145 34 113
145 38 162
145 43 150
145 178 207
145 340 90
145 215 117
145 151 177
145 382 112
146 0 120
146 19 83
146 11 147
146 397 155
146 37 80
147 288 110
147 161 276
147 356 78
147 206 189
147 147 187
147 20 83
147 286 105
148 3 103
148 233 121
148 11 124
148 16 124
148 244 95
148 22 144
148 26 87
148 30 134
149 162 106
149 8 203
149 11 89
149 432 125
149 19 119
149 31 104
150 34 99
150 39 77
150 168 173
150 426 183
150 26 97
150 442 101
151 36 105
151 37 112
151 234 101
151 43 191
151 305 91
151 501 154
151 24 205
152 27 67
152 481 124
152 294 175
152 5 132
152 22 119
153 2 180
153 163 61
153 134 220
153 294 81
153 7 188
153 34 123
153 19 138
153 511 195
154 41 83
154 179 148
154 253 141
154 17 215
155 9 153
155 43 141
155 239 141
155 16 153
155 179 138
155 407 101
155 440 267
158 36 203
158 102 190
158 38 163
158 137 197
158 202 137
158 16 95
158 169 91
158 29 195
159 33 98
159 2 162
159 283 93
159 10 111
159 90 130
159 31 156
159 223 239
160 489 155
160 466 86
160 19 111
160 436 133
160 22 116
160 345 107
160 123 209
161 257 137
161 354 116
161 39 119
161 391 123
161 434 162
161 19 101
161 20 111
161 21 177
161 24 131
161 351 170
162 1 223
162 360 111
162 8 190
162 19 81
162 21 81
162 159 172
163 295 93
163 35 140
163 7 257
163 137 140
163 107 101
163 186 111
163 94 165
164 114 73
164 18 138
165 99 86
165 37 205
165 110 137
165 303 113
165 18 73
165 468 181
165 23 185
166 506 238
166 348 126
166 30 101
166 215 100
167 1 168
167 28 116
167 358 101
168 441 140
168 34 259
168 3 93
168 21 83
168 23 128
169 0 237
169 43 71
169 8 101
169 491 157
169 305 105
169 499 215
169 153 209
169 25 108
170 41 198
170 226 140
170 13 113
170 23 109
171 0 146
171 227 75
171 356 244
171 391 160
171 10 167
171 43 86
171 176 108
171 403 100
172 32 130
172 352 83
172 3 152
172 324 100
172 5 166
172 350 93
172 508 168
172 126 135
172 159 139
173 33 215
173 11 122
173 382 93
173 455 106
174 33 192
174 34 147
174 35 172
174 390 170
174 42 131
174 491 169
174 428 120
174 345 241
174 506 192
176 0 175
176 9 232
176 42 177
176 235 105
176 29 106
176 223 125
178 10 194
178 259 95
178 12 166
178 34 177
179 482 113
179 27 106
179 30 244
180 17 73
180 139 138
180 149 113
180 14 108
180 21 143
181 36 104
181 6 150
181 43 66
181 21 73
181 347 139
181 28 128
182 0 131
182 99 113
182 36 128
182 197 156
182 9 81
182 42 141
182 334 125
182 30 123
183 432 159
183 0 242
183 4 207
183 21 123
183 1 106
184 305 214
184 42 257
184 22 239
185 264 144
185 33 91
185 266 115
185 14 78
186 136 187
186 201 95
186 11 118
186 432 115
186 9 185
186 155 137
186 31 154
187 32 204
187 102 143
187 200 150
187 234 160
187 463 113
187 24 88
187 345 169
188 1 138
188 164 77
188 169 115
188 402 82
188 310 117
188 184 75
188 30 100
190 441 77
190 2 181
190 367 100
190 17 100
190 23 132
191 395 138
191 4 123
191 13 131
191 103 177
193 264 138
193 9 82
193 270 103
193 142 171
194 17 71
194 3 105
194 7 75
196 385 75
196 38 73
196 40 123
196 140 75
196 28 135
196 29 73
197 0 103
197 1 103
197 324 86
197 8 73
197 17 71
197 25 75
197 26 78
198 0 94
198 38 74
198 8 69
198 202 73
198 273 95
198 374 169
198 380 81
200 518 96
200 40 69
200 11 96
200 110 82
200 337 98
200 248 78
200 27 65
200 28 71
200 29 69
200 31 76
201 32 73
201 38 79
201 200 169
201 305 83
201 242 83
201 20 92
201 25 127
201 27 94
201 29 79
201 286 128
201 31 132
202 0 69
202 390 68
203 33 130
203 34 110
203 204 128
203 28 80
204 40 109
204 346 68
204 4 230
204 30 71
204 310 69
206 200 128
206 9 69
206 362 92
206 335 154
206 8 69
206 30 71
207 5 69
207 7 80
207 266 98
207 21 111
207 315 78
207 220 78
208 32 124
208 129 87
208 43 109
208 125 153
210 332 119
210 398 163
210 15 77
210 407 149
210 25 166
210 28 107
211 0 89
211 1 232
211 103 152
211 41 140
211 110 79
211 147 141
212 386 172
212 291 158
212 236 123
213 456 144
213 42 134
213 35 238
213 29 139
213 31 102
214 472 171
214 292 180
215 417 185
215 27 125
215 5 221
215 1 110
215 42 221
215 12 89
215 461 163
215 475 178
216 9 110
216 186 86
216 20 258
216 30 107
216 7 203
217 129 122
217 2 126
217 197 188
217 39 216
217 395 203
217 25 97
217 478 223
217 31 122
218 1 93
218 4 179
218 8 113
218 12 151
218 299 101
218 524 130
218 13 189
218 40 63
218 18 87
218 361 95
220 304 107
220 34 221
220 43 132
220 206 117
221 0 187
221 40 137
221 9 63
221 462 130
221 21 186
221 26 103
221 508 95
221 95 164
223 17 134
223 34 196
223 4 128
225 35 149
225 9 152
225 308 97
225 478 165
225 23 85
225 24 115
225 30 100
225 31 65
226 40 137
226 25 201
226 395 136
226 30 125
226 343 146
227 9 93
227 18 107
227 35 124
227 22 100
227 43 167
228 272 220
228 161 111
228 5 132
228 25 135
229 6 182
229 391 263
229 13 125
229 17 115
229 20 140
229 24 201
230 41 79
230 378 251
230 27 83
232 96 109
232 4 112
232 454 157
232 358 105
232 7 99
232 10 185
232 214 180
232 31 226
233 2 216
233 37 187
233 9 157
233 298 142
233 267 137
233 364 115
233 309 152
233 22 211
233 31 110
234 6 204
234 28 109
234 109 127
234 367 130
234 181 154
234 24 169
234 348 99
235 2 114
235 179 105
235 329 132
235 34 261
235 19 201
235 405 77
235 246 137
235 41 162
235 28 149
235 30 125
236 34 75
236 343 167
236 149 134
236 15 130
237 258 97
237 4 229
237 41 103
237 298 87
237 354 180
237 361 80
238 1 127
238 2 100
238 37 118
238 481 164
238 359 125
238 140 246
238 430 171
239 36 191
239 427 85
239 367 95
239 16 139
239 21 75
239 29 189
242 481 129
242 140 159
242 36 120
242 214 180
242 182 206
244 33 244
244 3 125
244 262 233
244 7 256
244 140 251
244 433 171
244 308 127
244 21 115
244 27 244
244 255 191
245 112 193
245 137 109
245 11 150
245 350 176
245 23 75
246 96 201
246 35 165
246 5 127
246 8 158
246 9 87
246 14 120
246 317 107
246 3 171
246 182 134
246 253 142
246 30 130
247 416 275
247 1 153
247 450 117
247 324 181
247 28 261
247 42 143
247 465 251
247 27 103
247 220 223
248 3 164
248 140 144
248 446 132
251 32 126
251 25 105
251 333 183
251 38 167
251 1 175
252 32 77
252 258 238
252 36 232
252 6 229
252 264 102
252 465 199
252 116 111
252 191 111
253 35 184
253 8 214
253 201 117
253 15 130
253 278 107
253 23 81
254 384 100
254 32 193
254 226 82
254 0 82
254 1 142
254 41 133
254 139 179
254 17 75
254 383 179
255 291 213
255 485 110
255 7 226
255 168 115
255 12 132
255 15 95
256 256 106
256 34 164
256 2 134
256 42 98
256 23 162
257 43 93
257 20 221
257 5 239
257 166 166
257 15 95
258 513 140
258 225 92
258 10 71
258 337 132
258 20 85
258 22 95
259 390 153
259 7 110
259 41 153
259 494 146
259 26 103
259 30 100
261 370 203
261 14 80
261 463 181
262 32 116
262 130 75
262 259 87
262 361 85
262 429 122
262 24 80
262 41 73
262 152 125
263 42 78
263 171 170
263 20 129
263 290 98
263 29 97
264 32 117
264 433 102
264 3 129
264 140 114
264 30 75
265 154 100
265 15 75
266 184 139
266 361 90
266 42 113
266 397 77
266 95 75
267 25 75
267 18 153
267 36 116
267 509 161
267 39 118
268 134 101
268 8 166
268 489 101
268 13 133
268 18 149
268 445 124
269 0 181
269 402 129
269 212 91
269 21 188
269 334 94
270 514 157
270 489 116
270 239 124
270 286 160
270 244 89
270 21 107
270 22 107
270 41 101
270 30 92
271 33 136
271 41 120
271 269 120
271 109 134
271 21 183
271 151 77
272 37 105
272 10 73
272 174 127
272 112 89
272 27 100
272 381 208
273 1 100
273 200 133
273 426 102
273 491 102
273 22 133
273 344 94
274 41 99
274 2 77
274 427 153
274 12 79
274 21 73
275 89 87
275 34 87
275 27 129
275 42 95
275 30 82
277 34 86
277 35 86
277 6 129
277 7 77
277 124 99
277 413 116
278 42 138
279 43 83
279 11 201
279 29 83
279 14 75
280 32 72
280 37 169
280 14 171
280 15 95
280 17 105
280 434 143
281 128 84
281 9 98
281 386 75
281 380 85
281 334 137
282 337 163
282 43 137
282 366 95
282 15 90
282 497 110
282 115 198
282 14 95
283 34 171
283 36 156
283 6 73
283 43 97
283 300 117
283 14 75
283 114 132
283 21 71
283 313 107
283 26 73
284 33 73
284 10 145
284 497 75
284 150 181
284 218 107
284 29 133
286 97 120
286 229 82
286 40 73
286 9 82
286 491 75
286 109 132
286 15 75
286 41 99
286 517 105
288 16 156
288 321 69
288 34 75
288 136 115
288 40 112
289 1 73
289 232 77
289 466 75
289 242 107
289 147 75
289 25 130
289 475 75
289 221 158
290 36 147
290 136 136
290 9 73
290 42 103
290 428 97
290 14 75
290 20 130
290 343 142
291 24 85
291 36 126
291 190 116
291 38 108
291 5 93
292 169 70
292 501 95
292 24 100
292 27 98
292 28 110
292 30 75
294 41 103
294 34 75
294 265 183
295 40 73
295 32 131
295 35 100
295 15 95
296 1 82
296 391 77
296 22 125
296 23 147
296 26 78
296 158 183
298 33 93
298 41 89
298 11 84
298 15 65
298 17 100
298 115 178
298 119 77
298 185 129
299 8 128
299 28 110
299 309 101
300 35 120
300 228 162
300 136 125
300 9 63
300 15 80
300 467 75
300 182 114
300 475 80
301 32 138
301 258 162
301 524 65
301 450 164
301 18 73
301 309 73
301 278 116
301 25 135
302 402 77
302 37 73
303 242 152
303 18 183
303 13 80
303 449 169
304 449 194
304 2 99
304 3 90
304 5 97
304 9 73
304 11 84
304 403 82
304 13 100
304 142 85
304 18 188
304 419 114
304 14 80
304 152 171
305 449 149
305 34 155
305 484 75
305 296 87
305 43 83
305 17 171
305 30 75
308 424 139
308 523 75
308 7 75
309 354 110
309 6 73
309 7 75
309 8 113
309 138 114
309 301 101
309 463 105
309 245 132
309 27 159
310 273 75
310 345 148
311 1 73
311 387 85
311 360 166
311 139 84
311 282 117
311 380 175
311 31 140
312 37 97
312 358 135
312 20 115
312 25 150
312 475 75
312 30 80
313 20 129
314 17 115
314 456 82
314 41 150
314 10 71
314 13 166
314 303 107
314 392 77
314 190 131
315 374 137
315 456 112
315 12 127
315 22 71
315 440 107
315 442 168
315 29 73
317 387 140
317 420 75
317 38 149
317 42 68
317 22 115
317 30 80
320 453 113
320 17 100
320 309 101
320 471 181
320 381 115
320 5 179
321 24 130
321 10 95
321 39 83
322 16 105
322 13 80
322 30 161
322 327 86
323 10 71
323 14 100
323 6 133
324 33 93
324 274 89
327 386 70
327 36 126
327 9 178
327 43 82
327 34 121
327 14 80
327 18 86
327 407 123
327 123 86
327 350 161
328 16 176
328 6 137
328 393 152
328 107 95
328 12 112
328 272 89
328 372 127
328 344 142
329 33 147
329 10 120
329 31 179
329 215 163
329 23 75
330 33 244
330 198 161
330 7 114
330 13 201
330 270 185
330 94 159
331 352 125
331 33 122
331 492 155
331 269 79
331 29 112
332 3 110
332 6 113
332 201 263
332 273 280
332 370 102
332 9 132
333 484 115
333 14 85
333 22 85
334 4 229
334 6 168
334 39 172
334 9 102
334 234 67
334 371 107
334 278 248
334 24 211
334 409 93
334 10 105
334 414 183
335 348 170
335 30 90
336 41 163
336 27 159
337 164 77
337 7 119
337 10 105
337 11 145
337 12 91
337 432 147
337 179 89
338 401 97
338 90 189
338 43 123
338 20 125
340 32 77
340 16 134
340 107 129
340 36 182
340 21 130
341 88 241
341 233 116
341 36 135
341 89 271
343 448 133
343 4 167
343 43 177
343 12 151
343 343 198
343 30 100
343 383 124
344 40 167
344 16 231
344 2 124
344 15 105
345 387 130
345 36 197
345 109 117
345 35 211
345 508 135
345 191 223
346 129 110
346 262 87
346 7 85
346 10 161
346 215 129
346 304 87
346 149 85
346 511 125
346 27 264
346 245 131
347 17 90
347 10 226
347 172 115
347 13 120
348 484 152
348 5 150
348 42 91
348 14 219
348 19 202
348 36 154
349 7 179
349 12 145
349 197 95
349 253 150
350 147 122
350 174 224
351 322 114
351 483 137
351 37 85
351 215 182
351 3 214
351 22 234
351 23 102
352 0 212
352 33 145
352 36 180
352 15 239
352 176 162
352 292 115
353 482 194
353 4 116
353 390 139
353 207 140
353 17 244
353 19 224
354 2 199
354 107 230
354 500 79
354 269 132
354 38 101
356 1 136
356 33 187
356 12 150
356 29 135
356 22 123
356 23 172
356 253 150
358 169 133
358 146 152
359 257 171
359 10 144
359 4 91
359 39 161
360 0 80
360 41 95
360 19 88
361 12 156
361 367 82
362 4 80
362 278 71
362 42 71
362 11 123
362 140 119
362 22 129
362 25 78
362 445 99
362 30 73
364 257 75
364 43 121
364 211 142
364 25 83
366 0 146
366 89 164
366 103 73
366 14 73
366 431 114
367 42 147
367 37 156
367 23 65
369 32 171
369 521 144
369 7 144
369 9 254
369 12 112
369 489 130
370 289 233
370 482 251
370 99 85
370 197 238
370 39 157
370 489 105
370 14 114
370 273 99
370 215 104
370 25 170
370 26 78
370 92 129
370 125 208
371 2 181
371 3 99
371 164 176
371 5 157
371 38 122
371 7 135
371 366 115
371 15 150
371 28 161
372 32 193
372 1 178
372 2 189
372 7 100
372 21 75
372 89 160
372 476 145
373 514 85
373 5 63
373 38 158
373 7 85
373 9 214
373 330 101
373 13 155
373 92 105
374 162 263
374 35 80
374 322 169
374 210 89
374 211 99
376 152 85
376 432 77
376 242 132
378 8 237
378 168 77
378 43 207
380 32 120
380 24 269
380 351 93
380 94 147
380 23 155
381 16 123
381 8 116
381 491 73
381 22 113
381 111 221
382 420 147
382 10 117
382 271 92
382 371 181
382 22 113
382 504 142
382 426 192
383 168 137
383 26 76
383 324 71
383 23 73
384 448 207
384 19 73
384 43 126
384 301 85
385 0 141
385 32 145
385 4 151
385 372 139
385 215 112
385 124 154
386 1 111
386 34 108
386 43 145
386 2 63
386 16 123
386 505 109
386 383 107
387 27 232
387 3 148
387 36 183
387 21 68
389 1 93
389 2 150
389 38 127
389 7 135
389 520 159
389 361 85
389 24 85
389 376 117
389 442 253
390 449 123
390 6 108
390 38 234
390 7 149
390 207 166
390 191 77
391 390 147
391 30 154
392 40 142
392 4 219
392 13 171
392 494 145
392 39 224
393 18 166
394 8 133
394 35 144
394 43 117
394 32 107
395 8 113
395 42 127
395 18 243
395 23 101
397 37 154
397 14 75
398 41 163
398 124 186
401 235 132
401 20 119
401 21 149
402 33 229
402 38 123
402 7 169
402 41 135
402 11 100
402 12 67
402 412 153
403 9 214
403 43 138
403 142 115
403 33 239
405 33 234
405 34 186
405 163 107
405 9 83
405 235 77
405 144 135
405 21 211
405 127 208
407 257 181
407 3 160
407 40 128
407 41 153
407 14 100
407 281 243
408 24 142
408 179 87
408 20 166
408 397 124
408 197 240
409 41 174
409 43 120
409 430 119
409 19 102
409 23 204
409 122 133
411 14 162
411 134 107
411 30 162
411 511 138
412 408 170
412 41 212
413 226 134
413 3 131
414 17 188
414 2 201
414 390 109
416 10 127
416 28 146
416 34 67
416 22 166
416 5 79
417 481 126
417 38 115
417 1 124
417 457 236
417 138 171
417 431 198
417 176 97
417 20 183
417 94 233
419 40 175
419 1 121
419 146 229
419 34 103
420 99 118
420 196 95
420 41 116
420 11 103
420 18 75
420 26 162
420 29 232
424 323 162
424 258 226
424 107 275
425 0 115
425 10 113
425 18 110
425 275 142
425 26 252
425 254 89
425 159 160
426 382 147
426 38 101
426 21 187
426 6 170
427 11 177
427 25 113
427 463 73
427 439 125
428 0 93
428 225 117
428 3 191
428 10 181
428 11 119
428 14 176
429 258 157
430 5 123
430 39 229
430 41 83
430 10 164
430 16 85
430 18 97
430 28 181
430 350 100
431 1 93
431 3 120
431 38 93
431 358 214
431 41 69
431 366 105
431 398 172
432 0 88
432 449 92
432 3 110
432 7 184
432 489 169
432 39 73
432 15 251
432 252 122
433 322 206
433 291 102
433 164 132
433 8 127
433 3 95
433 503 120
433 504 169
433 25 119
433 378 89
434 166 167
434 19 159
434 20 90
434 23 75
434 280 166
434 27 83
435 491 95
435 21 105
436 0 194
436 2 150
436 6 93
436 16 155
436 24 216
436 18 117
436 23 160
436 216 215
436 348 120
436 31 170
438 37 88
438 136 211
438 16 180
438 89 125
438 441 111
438 345 188
438 26 168
438 27 93
438 31 191
439 36 237
439 470 100
439 232 147
439 42 143
439 300 87
439 238 263
439 22 130
439 314 157
440 16 130
440 11 155
440 462 124
441 19 221
441 1 220
441 3 85
441 8 97
441 145 241
441 35 125
441 283 136
442 31 241
442 14 155
442 503 81
443 0 157
443 176 119
443 35 154
443 180 120
445 24 144
445 42 103
445 508 115
445 38 134
446 26 169
446 387 99
446 5 103
448 3 81
448 329 299
448 522 101
448 12 122
448 16 167
448 17 146
448 221 224
449 18 179
449 12 204
450 257 229
450 456 190
450 41 114
450 42 170
450 506 148
450 522 207
450 351 96
453 33 128
453 5 79
453 391 284
453 40 133
453 265 199
453 39 93
453 303 103
453 27 128
453 221 219
454 20 136
454 2 165
454 99 161
454 28 81
454 30 135
455 298 163
455 19 121
455 215 140
455 471 185
456 33 230
456 5 113
456 264 138
456 42 109
456 277 149
456 26 139
457 0 128
457 456 145
457 236 229
457 11 91
457 204 98
457 18 138
457 20 71
457 21 101
458 32 214
458 7 118
458 40 151
458 9 141
458 16 178
458 380 113
458 29 166
460 11 133
460 13 153
460 511 103
461 32 120
461 2 132
461 38 125
461 279 140
461 14 108
461 472 208
461 23 123
461 24 137
462 39 66
462 42 161
462 43 91
462 13 73
462 15 88
462 17 142
462 25 103
462 28 97
462 29 111
463 457 140
463 282 115
463 203 114
463 468 179
463 386 162
465 386 224
465 101 118
465 457 135
465 41 145
465 217 117
465 412 147
465 445 154
466 16 83
466 3 157
466 150 98
466 230 110
466 15 137
467 352 239
467 481 158
467 2 137
467 389 114
467 6 217
467 39 145
467 12 266
467 16 157
467 18 110
467 20 147
468 176 143
468 33 136
468 39 115
468 430 171
468 167 156
470 9 145
470 11 153
470 116 115
471 40 91
471 112 105
471 267 134
471 179 194
471 295 201
472 273 92
472 34 83
472 38 146
472 281 85
475 19 178
475 4 116
475 349 93
475 22 103
475 471 109
476 33 81
476 356 98
476 492 214
476 364 167
476 112 130
476 245 85
476 472 244
476 383 83
478 8 187
478 440 159
478 140 112
478 6 126
480 321 91
480 228 105
480 6 106
480 33 95
480 22 73
480 28 98
481 481 197
481 354 113
481 4 101
481 13 88
481 303 196
481 212 162
481 36 143
481 511 128
482 16 88
482 435 94
482 37 116
482 23 157
483 25 87
483 11 103
483 148 92
484 144 103
484 280 105
484 13 83
484 390 115
485 33 121
485 6 91
485 486 152
486 136 122
486 26 262
486 4 135
486 330 231
486 5 160
488 162 226
489 40 222
489 35 123
489 18 164
489 3 132
489 324 182
491 17 148
491 42 217
491 5 160
491 95 118
492 320 130
492 2 118
492 262 135
492 40 140
492 10 73
492 12 115
492 471 194
494 39 142
494 13 88
494 144 249
494 401 105
494 19 123
494 24 194
494 312 100
494 28 167
494 286 184
496 1 203
496 34 219
496 35 133
496 489 138
496 492 127
496 20 103
496 26 145
496 413 126
497 33 91
497 442 181
497 35 73
497 9 101
499 16 103
499 115 120
499 4 160
499 5 135
499 229 75
500 0 277
500 131 137
500 228 124
500 6 141
500 41 126
500 491 172
500 468 148
500 29 130
500 31 143
501 448 185
501 4 146
501 267 100
501 364 103
501 13 254
501 30 209
503 130 113
503 40 136
503 524 73
503 217 213
503 409 132
503 348 123
504 1 130
504 15 142
504 147 142
504 22 143
504 408 121
504 409 156
504 29 182
504 31 143
505 167 241
505 8 212
505 10 78
505 13 83
505 439 204
505 426 224
505 382 163
506 32 286
506 3 113
506 8 185
506 465 97
506 115 176
506 348 123
506 445 156
508 24 88
508 299 154
508 407 145
509 32 105
509 2 234
509 137 179
509 460 153
509 345 150
509 350 93
510 35 128
510 150 118
510 38 131
510 517 128
511 7 132
511 435 164
511 28 122
511 22 182
511 207 75
512 34 137
512 315 105
512 330 186
512 16 162
512 17 128
512 283 281
512 29 162
512 31 157
513 259 189
513 13 117
513 119 154
513 155 162
513 380 264
513 414 112
514 17 234
514 34 234
514 36 148
514 18 165
514 170 234
517 139 167
517 197 70
517 302 144
517 373 95
518 416 233
518 1 81
518 7 132
518 225 85
518 17 113
518 22 83
519 0 177
519 32 100
519 3 112
519 12 99
519 22 149
519 25 153
519 24 117
519 441 164
520 34 98
520 36 69
520 210 122
520 14 229
520 311 256
521 43 172
521 298 115
521 35 128
521 434 144
521 31 132
522 2 118
522 412 121
522 26 111
522 39 101
523 433 256
523 92 103
523 334 120
523 30 158
523 23 89
524 144 162
524 41 163
524 18 125
524 34 103
524 125 189
