85 3 122 1000
85 7 103 150
85 8 114 1000
85 13 118 150
85 22 109 300
85 30 124 1000
86 1 129 300
86 37 95 150
86 39 132 1000
86 8 136 150
86 13 114 1000
86 16 198 300
86 40 121 300
86 146 203 150
86 188 127 1000
86 29 185 150
86 31 118 1000
87 35 170 1000
87 28 127 150
87 5 109 150
87 38 125 150
87 7 98 1000
88 1 199 1000
88 195 171 1000
88 37 199 150
88 7 127 1000
88 267 112 150
88 13 117 300
88 31 91 1000
89 25 101 1000
89 10 206 300
89 17 137 150
91 33 111 150
91 2 104 150
91 12 219 150
91 13 127 1000
91 14 105 1000
91 30 115 1000
92 4 107 1000
92 357 180 150
92 9 123 150
92 10 112 1000
92 12 165 1000
92 15 115 150
92 27 140 150
93 35 118 150
93 36 127 300
93 6 116 300
93 136 203 1000
93 14 100 1000
93 239 108 1000
93 469 101 1000
93 183 125 150
93 27 103 150
94 0 187 150
94 12 123 1000
94 39 105 300
95 38 129 1000
95 14 169 1000
96 162 192 150
96 28 142 150
96 37 100 300
97 24 137 1000
97 33 108 1000
97 19 190 1000
97 3 122 150
97 15 175 150
99 32 102 150
99 436 112 150
99 38 124 150
100 16 124 150
100 30 111 150
101 12 98 300
101 28 82 150
101 237 123 1000
101 4 89 150
101 37 108 1000
102 7 111 300
102 35 111 150
102 3 129 150
102 291 181 150
102 15 119 1000
103 96 113 150
103 33 114 150
103 35 101 300
103 36 115 1000
103 166 121 150
103 39 118 150
103 141 124 150
103 20 185 150
103 22 137 150
103 4 113 1000
103 26 134 150
104 5 106 1000
104 40 122 300
104 11 109 1000
104 273 114 1000
104 19 113 150
104 343 144 1000
106 201 137 1000
106 29 165 150
106 22 119 150
106 15 113 150
107 32 140 300
107 224 100 1000
107 5 107 1000
107 350 126 1000
107 39 134 150
108 32 108 1000
108 36 99 1000
108 145 91 300
108 14 116 150
108 17 127 1000
108 19 111 1000
108 398 105 150
108 87 122 1000
109 1 123 300
109 203 195 1000
109 460 103 150
109 14 101 150
111 32 110 1000
111 33 163 300
111 114 137 150
111 18 126 1000
111 21 131 150
111 22 114 150
111 24 168 150
111 222 106 300
112 3 127 300
112 6 205 150
113 4 130 300
113 39 103 1000
113 8 113 150
113 11 164 150
113 274 181 1000
113 7 101 1000
114 2 179 150
114 291 115 150
114 134 103 150
114 11 125 1000
114 109 121 150
114 14 114 300
114 269 175 1000
114 21 94 150
114 25 109 1000
114 15 100 150
114 28 104 1000
115 32 118 150
115 452 91 150
115 15 130 1000
115 466 122 1000
115 117 202 300
115 22 99 150
115 379 121 1000
115 30 125 150
117 4 86 1000
117 8 134 150
117 139 116 1000
117 238 98 150
117 20 104 150
117 21 93 150
118 162 129 150
118 11 211 1000
119 33 195 150
119 194 192 150
119 35 182 300
119 37 199 1000
119 455 171 150
119 491 114 1000
119 173 191 1000
119 21 104 300
119 23 111 150
119 253 114 150
120 27 123 300
120 97 135 150
120 19 170 1000
120 366 106 150
122 40 129 1000
122 258 137 150
122 6 149 150
122 37 139 300
122 14 184 300
123 9 121 150
123 26 126 1000
123 35 128 150
123 222 107 150
124 2 132 1000
124 8 200 150
124 15 120 300
124 19 183 300
124 21 113 150
124 22 122 150
124 29 138 1000
125 32 104 1000
125 3 121 150
125 37 200 150
125 11 118 150
125 23 115 300
125 24 106 1000
125 31 129 300
126 12 95 1000
126 36 115 1000
127 2 122 300
127 37 127 1000
127 295 111 1000
127 21 113 1000
127 27 115 150
127 28 123 1000
128 3 104 150
128 37 126 300
128 7 117 300
128 40 112 1000
128 11 123 1000
128 17 193 150
128 131 135 1000
128 26 206 150
128 29 127 150
129 26 128 150
129 11 116 150
129 309 126 1000
129 39 130 300
130 26 93 150
130 35 84 1000
130 20 113 1000
130 162 146 300
130 30 142 1000
131 40 116 1000
131 10 136 1000
131 271 169 150
132 1 111 150
132 37 125 150
132 8 189 150
132 332 186 150
132 11 113 150
132 12 114 150
132 20 99 150
132 30 83 1000
132 31 130 150
133 24 143 1000
133 27 101 150
133 188 191 150
133 7 115 150
134 8 197 1000
134 15 120 1000
134 5 128 150
134 21 116 300
136 0 101 300
136 2 161 150
136 5 117 1000
136 7 117 150
136 11 112 150
136 26 121 1000
136 476 107 300
137 2 96 1000
137 6 114 150
137 136 170 1000
137 11 116 150
137 14 111 150
137 20 99 150
137 30 125 1000
137 190 112 150
137 31 104 1000
139 2 128 150
139 36 163 1000
139 40 175 1000
139 118 104 150
139 24 119 150
139 31 163 1000
140 17 107 150
140 412 92 150
140 12 117 150
140 421 204 1000
140 39 174 150
141 310 111 1000
141 412 81 150
141 237 192 150
141 190 115 150
143 7 189 1000
143 4 130 1000
143 357 109 1000
143 21 177 150
145 16 204 1000
145 9 175 150
145 34 121 1000
145 108 180 1000
145 7 107 150
146 2 196 150
146 9 193 1000
146 10 174 150
146 11 175 1000
146 301 178 1000
146 20 111 1000
147 1 107 1000
147 202 112 150
147 16 189 150
147 17 120 1000
147 181 129 150
147 27 121 1000
147 30 176 150
148 2 108 1000
148 37 123 150
148 12 117 150
148 13 109 300
148 16 178 1000
148 25 113 150
148 28 98 150
148 479 125 1000
149 16 125 150
149 249 186 150
149 4 140 1000
149 430 158 150
151 0 118 1000
151 3 104 1000
151 6 169 150
151 39 124 1000
151 12 199 1000
151 243 119 1000
151 25 100 1000
151 28 105 1000
152 32 113 300
152 17 116 1000
153 25 159 1000
153 188 171 150
153 460 89 150
153 29 104 150
154 36 131 150
154 6 101 1000
154 8 209 150
154 9 105 150
154 11 111 300
154 20 103 150
154 215 125 300
154 26 114 1000
154 247 94 1000
154 317 180 1000
154 479 127 1000
155 0 107 1000
155 395 115 150
155 13 178 1000
155 157 93 150
156 32 96 150
156 1 103 150
156 33 177 150
156 10 96 150
156 13 116 1000
156 282 112 1000
157 10 118 1000
157 37 172 150
157 407 112 150
158 40 133 1000
158 1 120 150
158 20 140 150
159 1 160 150
161 225 168 1000
161 6 101 1000
161 1 102 150
161 8 121 300
161 168 127 1000
161 447 94 150
162 35 119 300
162 11 130 150
162 3 112 150
162 25 122 1000
162 27 95 150
162 30 182 1000
164 36 114 300
164 38 119 150
165 2 212 150
165 36 118 150
165 9 108 1000
165 173 203 1000
165 337 117 1000
165 21 132 300
165 85 118 150
166 35 185 150
166 30 121 1000
166 14 181 1000
166 31 104 150
168 33 113 1000
168 39 130 1000
168 13 100 1000
168 18 111 1000
168 24 122 1000
168 153 108 150
168 30 132 1000
169 37 107 1000
169 40 162 1000
169 13 128 1000
169 180 124 150
169 28 120 1000
169 29 123 1000
169 133 105 150
172 1 146 300
172 34 172 1000
172 39 136 300
172 265 191 150
172 21 125 150
172 24 99 150
172 25 122 1000
172 29 106 150
173 88 111 1000
173 31 117 1000
173 28 100 1000
173 230 143 150
173 23 201 150
174 194 134 300
174 35 145 1000
174 5 114 150
174 6 120 150
174 14 131 150
174 131 117 1000
174 22 124 150
175 195 122 150
175 451 177 1000
176 2 116 150
176 36 183 150
176 421 106 150
176 390 123 150
176 40 138 150
176 10 113 150
176 11 204 1000
176 21 141 150
176 4 134 150
176 350 117 150
176 357 122 1000
178 258 139 150
178 35 114 1000
178 9 127 1000
178 10 134 150
178 363 112 1000
178 3 206 1000
178 21 188 150
178 24 107 150
179 16 119 150
179 27 190 150
179 13 118 300
179 22 125 1000
180 215 97 150
180 85 126 150
180 181 126 1000
181 96 182 150
181 165 94 150
181 38 106 150
181 40 112 300
181 10 121 300
181 12 121 150
181 23 122 150
182 4 101 150
182 6 185 1000
182 424 121 1000
182 12 117 1000
182 312 118 1000
182 26 116 150
182 319 111 1000
183 4 204 300
183 5 105 1000
183 7 94 150
183 169 193 150
183 106 117 1000
183 397 118 150
183 436 111 1000
183 20 123 1000
185 1 113 1000
185 35 107 1000
185 428 125 150
185 21 103 150
185 23 99 150
185 376 104 150
185 249 105 150
186 3 179 300
186 202 117 1000
186 11 114 1000
186 214 172 150
186 22 123 1000
187 356 104 150
187 234 101 150
187 12 167 1000
188 28 102 1000
188 30 172 150
188 36 112 150
188 37 110 300
188 238 174 300
189 36 112 150
189 17 138 150
189 19 85 150
189 26 114 150
189 124 117 1000
189 29 99 1000
189 30 113 150
190 32 84 150
190 322 122 1000
190 39 112 150
190 14 100 1000
190 16 171 150
190 21 95 1000
190 24 86 1000
192 32 97 150
192 1 108 1000
192 292 116 150
192 16 193 150
192 18 95 300
192 27 112 1000
193 450 121 1000
193 4 119 150
193 39 109 1000
194 0 121 300
194 33 97 150
194 38 175 150
194 20 98 150
194 22 122 150
194 24 120 1000
195 32 141 150
195 2 95 150
195 36 119 300
195 141 90 1000
195 109 96 150
195 15 165 1000
196 258 138 150
196 35 88 150
196 34 113 1000
196 404 106 150
196 27 168 300
196 28 107 150
197 227 125 1000
197 5 108 300
197 6 101 1000
197 15 127 150
197 400 212 1000
197 24 162 1000
198 32 93 150
198 39 127 1000
198 182 132 1000
198 313 178 1000
198 89 131 150
198 476 154 150
198 31 107 150
200 258 105 150
200 3 125 1000
200 36 92 1000
200 39 136 150
200 8 197 150
200 24 114 150
201 193 95 150
201 357 118 1000
201 39 107 150
201 24 110 150
201 23 172 1000
201 376 121 150
201 30 130 1000
202 33 114 150
202 485 180 150
202 353 122 1000
202 267 110 150
202 19 164 1000
202 373 177 150
202 26 129 150
203 3 126 150
203 359 126 150
203 9 93 1000
203 7 91 1000
203 461 103 1000
203 242 124 150
203 18 106 300
206 32 100 150
206 278 185 1000
206 39 178 150
206 232 112 150
206 11 164 150
206 40 182 1000
206 118 188 150
206 248 176 1000
206 27 182 1000
206 28 84 300
207 140 96 150
207 27 104 1000
207 36 112 150
207 30 193 150
208 34 137 150
208 36 168 150
208 37 99 300
208 38 101 150
208 11 123 1000
208 12 127 150
208 2 101 150
208 18 85 300
209 32 109 150
209 0 202 150
209 35 117 1000
209 6 124 1000
209 8 120 150
209 18 124 1000
209 25 125 1000
209 30 142 1000
210 34 115 150
210 3 170 150
210 5 98 1000
210 7 100 1000
210 12 132 150
210 25 113 150
210 28 92 150
212 0 113 1000
212 5 109 150
212 40 116 300
212 15 174 1000
212 16 128 1000
212 25 86 150
212 271 117 300
212 29 77 150
213 2 121 1000
213 5 175 150
213 38 100 150
214 1 200 150
214 454 198 150
214 38 96 1000
214 10 140 300
214 459 119 1000
214 12 106 1000
214 18 108 1000
214 20 102 150
214 27 122 150
214 390 140 150
215 339 124 150
215 19 186 150
215 37 106 150
215 29 104 1000
217 40 177 1000
217 2 111 1000
217 3 130 1000
217 37 110 150
217 14 95 150
218 32 88 150
218 34 106 150
218 12 117 300
218 238 188 150
218 14 108 150
218 22 108 150
220 7 181 150
220 40 128 1000
220 13 166 150
220 14 95 150
220 19 106 1000
220 436 118 150
220 21 112 150
220 215 100 1000
220 25 94 1000
222 132 125 150
222 6 121 150
222 8 183 150
222 428 109 300
222 14 127 150
222 23 123 150
222 27 119 1000
222 287 118 1000
223 28 127 1000
223 34 133 300
223 27 128 150
223 36 113 150
223 337 119 1000
224 2 104 1000
224 35 162 1000
224 455 155 150
224 40 196 150
224 300 192 1000
224 16 126 1000
224 183 187 150
225 11 91 1000
225 316 128 150
225 29 134 150
225 21 89 300
226 24 94 300
226 1 112 150
226 11 115 1000
226 5 113 1000
226 23 107 150
227 0 104 1000
227 35 187 150
228 35 119 150
228 5 178 150
228 168 124 150
228 9 91 1000
228 13 131 150
228 28 95 150
228 453 168 1000
229 1 105 1000
229 34 129 150
229 179 124 1000
229 273 182 150
229 467 114 150
229 26 176 150
229 222 117 150
230 0 192 150
230 35 133 150
230 4 118 1000
230 7 172 300
230 12 93 150
230 15 99 1000
230 243 172 1000
230 28 116 1000
230 30 124 1000
232 100 187 1000
232 37 115 150
232 394 185 150
232 139 151 150
232 379 123 150
232 28 121 150
233 291 189 150
233 422 115 150
233 460 112 1000
233 178 89 150
233 181 117 150
233 25 111 1000
234 295 120 1000
234 29 195 300
234 37 102 1000
234 38 117 150
234 7 89 150
236 485 188 300
236 490 117 150
236 13 197 1000
236 25 102 150
236 27 117 1000
236 476 108 150
237 0 129 150
237 10 172 1000
237 14 119 150
237 20 120 150
237 22 120 150
237 24 112 150
237 27 112 150
237 253 122 1000
238 0 122 300
238 33 116 150
238 133 172 150
238 7 112 150
238 18 92 150
238 19 98 150
238 250 123 150
238 28 164 1000
238 30 101 1000
239 1 173 1000
239 34 189 1000
239 3 109 300
239 39 117 300
239 9 101 1000
239 234 110 150
239 2 98 150
239 19 107 1000
239 382 108 1000
240 3 107 150
240 4 186 1000
240 39 183 1000
240 23 109 1000
240 25 186 150
240 154 98 1000
240 29 107 1000
242 161 122 1000
242 2 194 150
242 35 177 150
242 38 119 300
242 1 126 150
242 40 118 1000
242 3 140 150
242 27 102 1000
243 32 128 150
243 33 93 1000
243 6 116 150
243 7 130 1000
243 11 142 1000
243 16 129 150
243 19 129 150
243 20 127 150
243 31 93 150
244 2 121 150
244 35 94 1000
244 228 119 1000
244 10 139 1000
244 18 98 1000
244 3 126 1000
244 22 134 150
244 444 121 300
244 29 82 1000
244 31 197 150
245 256 121 300
245 1 114 150
245 34 183 1000
245 392 120 150
245 9 120 150
245 12 183 150
245 413 134 1000
247 8 125 1000
247 3 117 150
247 26 106 300
247 19 125 150
247 265 112 1000
248 3 109 150
248 388 126 150
248 5 131 1000
248 6 124 1000
248 9 184 150
248 35 115 150
248 22 121 150
248 137 102 150
248 24 126 1000
248 29 183 1000
248 37 91 1000
249 303 116 150
249 20 114 1000
249 269 113 1000
249 38 120 150
249 31 131 150
250 225 204 150
250 5 171 150
250 40 185 150
250 22 107 150
250 122 151 1000
250 30 110 150
251 40 118 1000
251 5 186 1000
251 14 142 150
251 37 112 150
252 25 115 150
252 34 138 150
252 21 179 300
252 173 142 1000
253 230 104 1000
253 10 203 150
253 11 120 150
253 20 134 150
253 470 112 150
253 28 124 150
253 29 114 150
256 0 122 150
256 35 180 150
256 3 122 1000
256 141 98 150
256 19 117 1000
256 414 123 150
256 30 120 1000
257 96 108 150
257 1 133 300
257 6 124 150
257 9 116 150
257 12 137 150
257 301 183 1000
257 433 147 1000
257 115 194 1000
257 218 123 1000
258 4 124 150
258 37 132 150
258 7 187 1000
259 13 137 1000
259 22 151 1000
259 31 116 150
260 35 196 1000
260 11 104 150
260 12 120 150
260 452 103 150
262 25 109 300
262 18 119 150
262 3 105 150
262 141 129 150
262 6 111 150
264 433 121 150
264 34 117 150
264 316 103 150
264 25 160 1000
265 32 93 300
265 34 175 150
265 35 119 1000
265 6 103 150
265 7 102 300
265 238 122 1000
265 28 118 150
265 189 190 150
265 31 110 300
267 8 109 300
267 451 113 150
267 4 110 1000
267 7 92 1000
268 40 93 150
268 12 98 150
268 15 108 1000
268 243 123 300
268 20 92 150
268 25 91 150
268 313 127 150
268 27 117 1000
269 280 117 150
269 401 88 150
269 11 122 150
269 37 118 150
269 23 109 150
270 2 104 150
270 35 101 150
270 5 155 150
270 34 104 150
270 148 104 150
270 123 116 1000
270 30 123 150
271 33 173 150
271 210 123 150
271 36 86 150
271 453 115 300
273 20 105 1000
273 2 173 1000
273 36 93 150
274 416 93 1000
274 291 121 150
274 39 90 150
274 11 129 150
274 468 106 1000
274 311 89 150
276 1 148 150
276 35 103 1000
276 260 135 150
278 234 131 150
278 5 120 150
278 22 106 1000
280 34 99 150
280 5 173 150
280 166 107 150
280 10 112 150
280 13 118 150
280 17 118 1000
280 243 107 150
280 27 133 150
281 23 186 1000
281 33 109 1000
281 155 98 1000
281 7 113 150
282 392 186 150
282 345 134 1000
282 18 103 150
282 19 108 1000
282 338 106 150
283 134 109 150
283 39 126 150
283 14 93 1000
283 21 101 150
283 30 132 1000
283 31 124 150
284 0 120 150
284 475 139 1000
284 197 126 1000
284 7 124 150
284 10 118 300
284 13 186 150
284 17 134 150
284 155 100 1000
284 30 115 150
284 37 108 150
285 35 104 150
285 20 116 150
285 5 126 1000
285 30 187 150
286 16 115 150
286 26 142 150
286 3 100 1000
286 28 98 1000
287 8 180 1000
287 217 111 150
287 482 112 150
287 29 189 150
287 5 124 150
288 31 179 150
289 33 104 150
289 3 89 1000
289 36 95 300
289 5 100 150
289 1 193 1000
289 7 99 1000
289 16 133 150
289 25 126 150
289 356 129 1000
290 0 130 300
290 25 119 150
290 3 195 150
290 229 103 150
290 30 123 1000
291 10 102 150
291 36 106 1000
291 214 123 1000
292 234 183 150
292 18 159 150
292 466 80 150
292 21 112 1000
292 30 92 150
292 31 102 150
293 2 138 1000
293 3 88 300
293 4 90 150
293 14 89 150
293 401 111 300
293 407 104 1000
293 29 91 150
293 30 146 150
294 480 124 1000
294 0 193 1000
294 37 91 1000
294 108 112 1000
294 13 112 150
294 14 106 150
294 400 105 1000
294 181 162 150
294 5 97 150
295 0 209 300
295 3 107 300
295 39 105 300
295 13 160 150
295 20 114 1000
295 252 115 300
296 0 113 1000
296 291 98 1000
296 37 161 150
296 38 104 150
296 271 92 1000
296 20 95 150
296 15 83 150
296 30 83 150
296 31 120 150
297 2 99 1000
297 13 126 1000
297 18 95 1000
297 22 118 150
297 280 126 150
297 125 103 150
298 32 107 1000
298 35 83 150
298 14 71 150
298 16 159 1000
298 20 167 150
298 23 112 1000
298 345 201 150
299 1 94 150
299 18 89 1000
299 413 121 150
299 391 102 1000
300 36 99 1000
300 5 173 1000
300 8 162 1000
300 15 99 1000
300 40 88 1000
300 22 105 1000
301 25 92 150
301 458 75 150
301 22 181 300
303 249 112 150
303 33 113 1000
303 25 113 150
304 0 183 150
304 2 123 1000
304 4 113 1000
304 38 184 1000
304 7 104 150
304 14 90 1000
306 162 97 150
306 3 119 1000
306 4 181 150
306 6 189 1000
306 297 94 1000
306 11 186 150
306 13 160 1000
306 431 98 150
306 34 91 1000
306 88 118 150
306 27 114 1000
306 253 126 1000
307 2 97 1000
307 18 112 150
307 380 107 150
307 37 98 150
307 30 87 1000
308 38 103 1000
308 7 182 1000
308 39 125 150
308 17 103 1000
308 20 90 150
308 27 204 150
308 31 93 150
309 0 130 1000
309 15 95 150
309 16 117 300
309 401 168 1000
309 22 174 150
309 28 87 150
309 31 117 150
310 0 97 150
310 35 98 150
310 4 136 150
310 7 107 1000
310 16 120 150
310 25 180 1000
310 414 133 150
311 192 105 150
311 3 114 150
311 230 163 1000
311 327 134 150
311 19 159 1000
311 20 120 150
311 28 107 300
312 34 104 150
312 37 100 150
312 20 108 1000
312 21 99 150
312 25 170 1000
312 30 121 1000
313 0 187 300
313 192 210 150
313 34 102 1000
313 294 100 1000
313 10 115 300
313 15 203 150
313 113 146 150
313 18 114 150
313 26 190 1000
313 28 167 150
313 29 151 150
313 30 116 150
313 159 109 1000
314 2 103 1000
314 391 109 150
314 34 120 300
314 207 148 150
314 16 170 150
314 382 125 150
314 28 119 150
314 29 104 150
314 190 124 150
314 447 118 1000
315 1 107 1000
315 427 194 300
315 37 118 300
315 11 189 150
315 22 111 150
315 25 100 150
315 28 81 150
315 29 112 150
316 20 110 150
317 1 108 1000
317 34 107 300
317 37 92 150
317 10 117 150
317 16 148 1000
317 115 108 150
317 21 93 1000
318 32 99 150
318 33 127 1000
318 20 125 150
318 23 175 1000
318 344 126 1000
318 313 91 150
319 16 134 1000
319 9 127 150
319 36 167 150
319 29 126 150
319 15 126 1000
320 3 112 150
320 6 119 150
320 38 122 150
320 39 112 150
320 145 192 150
320 118 199 150
320 25 108 1000
321 490 124 150
321 114 96 150
321 36 100 150
321 402 87 1000
321 39 111 150
322 24 122 150
322 9 97 1000
322 35 118 1000
322 29 105 1000
323 0 107 1000
323 2 112 150
323 39 123 1000
323 19 104 300
323 22 107 1000
323 30 106 150
324 19 109 1000
324 33 109 1000
324 27 122 150
324 404 105 1000
324 15 122 150
325 24 163 300
325 8 120 1000
325 11 121 1000
325 264 104 150
325 23 108 150
327 4 118 1000
327 39 190 1000
327 9 90 1000
327 7 135 300
327 146 125 150
327 312 96 150
327 286 128 150
329 425 105 150
329 10 105 300
329 15 104 150
329 21 103 150
329 22 91 150
329 25 117 150
329 26 124 1000
331 35 90 1000
331 39 124 150
331 426 128 150
331 306 122 150
331 18 98 150
331 20 83 150
331 215 132 1000
331 25 125 150
331 26 115 1000
331 202 176 1000
331 30 116 1000
332 32 112 150
332 22 116 300
334 40 128 300
334 1 110 1000
334 12 105 1000
334 239 184 1000
336 3 195 1000
336 324 108 300
336 8 113 150
336 297 102 1000
336 343 121 150
336 440 105 150
336 28 131 1000
336 30 100 1000
337 321 105 1000
337 35 105 1000
337 22 126 1000
337 180 174 1000
337 86 103 150
337 23 173 150
337 24 111 1000
337 281 107 1000
338 1 131 150
338 370 110 150
338 25 130 150
338 23 126 150
339 232 179 1000
339 34 135 150
339 11 134 300
339 130 193 1000
339 295 122 1000
340 16 122 150
340 9 187 150
340 11 176 150
340 37 132 1000
341 312 113 150
341 18 104 1000
341 4 170 1000
341 189 145 300
341 101 103 1000
343 8 122 1000
343 11 118 150
343 29 207 300
343 7 125 1000
344 18 170 150
344 30 114 150
344 31 99 150
345 35 119 1000
345 166 124 1000
345 209 120 150
345 398 194 1000
345 273 190 150
345 284 127 150
347 33 179 150
347 11 109 150
347 14 124 150
347 6 115 150
347 23 174 1000
348 18 117 150
348 274 139 150
348 148 124 1000
348 20 193 300
348 26 109 150
348 27 117 150
349 289 137 150
349 35 106 1000
349 36 102 1000
349 268 134 1000
349 477 117 1000
349 3 124 150
349 29 100 150
350 39 117 150
350 40 197 150
350 20 108 1000
350 309 119 300
350 152 112 150
350 474 128 1000
350 27 128 150
350 252 124 1000
351 5 132 1000
351 359 116 150
351 136 86 1000
351 14 112 1000
351 111 123 1000
351 376 119 1000
351 37 124 1000
352 25 100 1000
352 31 168 150
353 32 111 1000
353 225 164 150
353 3 132 150
353 4 114 150
353 15 111 150
353 19 161 1000
353 25 132 1000
353 315 99 1000
353 413 94 1000
354 9 128 1000
354 466 120 1000
354 86 207 1000
354 24 89 1000
354 473 133 1000
354 475 117 150
355 8 107 1000
355 19 196 1000
355 291 192 150
355 169 124 150
356 16 100 1000
356 288 130 1000
356 8 104 1000
357 33 107 300
357 18 163 1000
357 20 108 1000
357 198 138 150
357 39 122 1000
358 37 118 150
358 6 115 150
358 233 186 1000
358 313 167 150
358 25 79 300
358 26 107 1000
358 27 134 1000
358 28 121 1000
358 125 138 1000
358 31 117 300
359 30 206 1000
359 11 115 150
359 14 177 150
359 126 210 1000
360 40 110 1000
360 11 178 150
360 38 130 1000
360 23 170 1000
361 348 106 150
361 33 111 1000
361 2 127 300
361 27 109 300
361 324 184 1000
363 1 108 150
363 34 183 1000
363 35 98 150
363 20 128 1000
363 311 196 150
363 26 98 150
366 6 126 150
366 8 112 300
366 11 87 150
366 21 105 150
366 26 196 1000
366 27 166 1000
368 8 104 150
368 2 111 150
368 11 112 1000
368 30 131 150
368 14 121 150
369 3 113 150
369 197 96 150
369 433 111 150
369 307 110 150
369 20 116 150
369 29 122 150
370 450 105 1000
370 36 115 150
370 38 107 150
370 267 102 150
370 14 83 1000
370 368 96 150
373 32 182 1000
373 1 101 150
373 40 107 150
373 459 179 1000
373 12 102 150
373 13 159 150
373 398 113 1000
373 15 122 150
373 176 93 1000
373 20 119 150
373 245 128 150
373 87 119 150
373 29 107 150
374 271 131 150
374 129 175 300
374 11 90 150
374 0 85 150
374 15 109 150
376 35 101 300
376 6 109 1000
376 7 91 150
376 215 118 1000
376 398 115 1000
376 17 105 150
376 23 115 150
379 288 192 1000
379 33 125 300
379 34 187 150
379 32 117 150
379 1 119 150
379 14 91 150
379 28 88 150
379 383 111 150
380 2 192 150
380 37 116 150
380 39 92 1000
380 8 110 150
380 10 127 150
380 15 167 1000
380 30 112 150
382 440 113 1000
382 0 121 150
382 20 123 300
383 33 133 150
383 5 114 300
383 9 129 150
383 17 106 1000
383 18 185 150
383 27 114 300
384 258 129 1000
384 34 120 1000
384 292 160 150
384 38 111 150
384 423 123 1000
384 13 168 1000
384 21 110 150
384 31 107 300
386 320 138 300
386 34 97 150
386 9 88 150
386 427 161 150
386 12 107 1000
386 13 170 300
386 17 126 1000
386 311 114 150
386 27 113 150
386 28 129 150
387 1 129 150
387 34 100 150
387 395 106 150
387 459 107 150
387 19 140 1000
387 20 160 300
387 444 184 1000
387 29 92 1000
388 3 124 150
388 4 112 150
388 7 121 150
388 15 132 150
388 304 109 150
388 19 112 150
388 20 129 150
388 25 116 1000
388 27 111 1000
388 36 93 150
390 449 181 1000
390 3 114 150
390 38 159 300
390 6 135 1000
390 402 116 150
390 227 100 300
390 5 104 1000
391 354 159 150
391 6 129 150
391 15 107 150
392 0 118 1000
392 17 126 1000
392 299 183 150
393 33 172 300
393 28 139 1000
393 29 165 150
394 264 83 150
394 3 94 150
394 37 95 150
394 31 165 150
395 17 132 150
395 173 101 150
395 6 129 1000
395 13 190 150
396 25 88 150
396 31 150 150
396 260 127 1000
396 14 114 1000
396 7 113 1000
397 224 113 1000
397 345 119 1000
397 26 175 150
397 126 86 150
398 3 103 1000
398 9 207 1000
398 35 108 150
398 26 170 150
398 27 126 150
398 411 106 150
400 1 120 150
400 2 180 150
400 267 171 150
400 18 99 1000
400 469 100 1000
400 22 164 1000
400 122 123 1000
400 21 114 150
401 4 126 150
401 15 196 1000
402 12 195 150
402 2 118 150
402 19 109 1000
402 156 112 1000
402 13 121 150
404 393 95 1000
404 10 115 150
404 37 109 1000
404 25 212 1000
405 0 130 150
405 34 125 150
405 3 174 150
405 4 120 150
405 396 116 1000
405 28 163 1000
407 16 110 150
407 33 127 150
407 203 114 1000
407 30 96 150
409 2 112 150
409 35 122 150
409 5 119 150
409 7 195 1000
409 40 123 1000
409 380 96 1000
409 18 94 300
409 316 118 300
410 100 112 1000
410 8 187 1000
410 11 110 300
410 396 176 1000
410 17 128 150
410 19 100 150
410 36 190 300
410 31 193 1000
411 19 107 150
411 228 107 150
412 5 99 300
412 39 84 150
412 40 106 150
412 11 184 1000
412 25 72 150
412 473 105 150
413 92 123 1000
413 29 108 150
414 352 88 150
414 16 210 150
414 21 99 1000
414 23 102 300
416 164 108 150
416 387 131 150
416 4 110 150
416 1 121 1000
418 353 116 1000
418 4 133 150
418 13 111 150
418 18 106 150
418 21 99 1000
418 24 182 1000
418 30 111 1000
418 31 116 150
419 18 121 1000
419 35 120 1000
419 20 116 300
419 5 89 150
420 256 107 150
420 161 177 150
420 34 114 1000
420 36 128 1000
420 487 126 150
420 39 76 1000
420 12 136 1000
420 2 103 1000
420 21 110 1000
420 24 134 150
420 31 117 150
421 19 105 1000
421 1 111 300
421 4 105 1000
421 40 124 150
421 13 131 150
421 8 109 1000
421 17 93 150
421 243 112 1000
421 22 110 1000
421 91 140 150
421 477 107 300
422 8 131 150
422 15 102 1000
422 38 195 150
422 39 138 150
423 32 96 1000
423 5 99 150
423 12 122 1000
423 16 172 300
423 18 107 150
423 179 108 150
423 23 95 300
423 26 118 150
423 28 127 1000
424 129 137 1000
424 37 104 300
424 33 89 150
424 461 126 150
424 20 102 150
424 22 108 1000
424 280 169 150
425 312 211 150
425 353 124 1000
425 13 124 150
425 253 114 1000
426 25 114 150
426 10 146 1000
426 35 119 1000
426 28 100 150
426 22 104 150
427 9 103 150
427 10 143 1000
427 11 106 150
427 24 100 1000
427 25 101 150
427 30 111 1000
428 27 100 300
428 39 109 1000
428 387 102 1000
428 22 110 1000
428 175 110 1000
430 34 95 1000
430 27 99 150
430 4 173 300
430 5 114 150
431 2 92 1000
431 38 146 1000
431 6 213 300
431 15 116 300
431 16 133 1000
431 19 160 150
431 23 110 150
433 34 172 150
433 36 101 300
433 17 133 150
433 15 95 1000
433 401 112 1000
433 26 114 150
436 16 145 1000
436 8 126 150
436 34 101 150
436 22 122 1000
437 0 160 150
437 32 105 1000
437 9 109 150
437 146 126 1000
437 20 105 1000
437 21 101 150
437 23 131 150
437 28 115 300
437 29 101 1000
437 351 124 1000
438 1 100 150
438 418 90 150
438 39 103 150
438 22 91 1000
438 23 190 1000
438 26 185 150
438 28 162 150
438 479 124 1000
440 8 117 1000
440 282 117 150
440 38 97 150
440 39 196 150
441 32 190 300
441 232 167 150
441 11 108 1000
441 22 98 1000
442 480 175 150
442 32 91 150
442 132 98 1000
442 6 98 150
442 94 138 300
442 14 97 1000
442 85 103 1000
442 22 92 1000
442 23 183 150
442 88 108 150
442 30 153 1000
443 9 114 1000
443 250 115 150
443 11 105 150
443 10 100 1000
444 162 95 300
444 103 113 1000
444 9 128 150
444 11 72 150
444 111 116 150
444 16 189 150
444 18 105 150
444 431 202 1000
444 24 99 150
444 251 119 150
444 157 122 150
444 30 107 300
445 16 119 150
445 0 211 1000
445 2 80 300
445 10 110 150
445 31 117 1000
447 288 107 1000
447 31 99 1000
448 12 203 150
448 20 116 1000
448 21 143 150
448 38 145 1000
448 93 108 1000
449 37 165 150
449 6 135 1000
449 39 137 150
449 203 105 150
449 12 82 150
449 213 190 150
449 215 83 1000
449 38 114 150
450 1 111 150
450 100 105 1000
450 14 173 150
450 25 130 150
450 282 122 1000
450 411 97 1000
451 16 117 150
451 162 106 1000
451 37 100 300
451 6 114 150
451 39 121 1000
452 17 195 150
452 12 173 1000
452 30 102 150
452 318 101 150
452 21 117 1000
453 16 116 150
453 17 98 150
453 13 97 150
454 1 104 150
454 19 162 1000
454 12 114 150
454 30 98 1000
454 7 94 150
455 1 97 1000
455 4 138 150
455 37 88 1000
456 0 98 300
456 1 120 150
456 360 101 150
456 9 109 1000
456 20 114 150
456 21 120 150
456 287 105 150
458 10 84 1000
458 26 105 1000
458 15 111 1000
458 5 91 150
458 295 99 150
459 1 159 1000
459 34 196 1000
459 35 170 150
459 4 174 150
459 11 140 300
459 12 111 1000
459 17 119 150
459 36 168 150
460 3 114 1000
460 132 121 150
460 40 104 1000
460 14 140 150
460 15 90 300
460 271 99 1000
460 21 79 150
460 27 88 1000
460 30 160 1000
461 1 101 1000
461 2 90 1000
461 35 105 150
461 4 115 150
461 34 112 1000
461 20 91 150
461 21 87 150
461 310 88 150
461 36 84 1000
464 3 107 1000
464 40 173 1000
464 397 106 150
464 18 185 150
464 469 106 1000
464 31 127 150
466 34 120 300
466 3 125 1000
466 4 105 1000
466 359 120 1000
466 10 118 1000
466 12 194 150
466 20 123 1000
466 85 117 150
466 30 172 1000
467 33 125 1000
467 2 100 1000
467 291 116 1000
467 39 127 300
467 15 167 150
467 438 88 150
467 248 120 1000
467 27 102 1000
467 29 133 150
468 39 122 150
468 8 187 1000
468 12 94 150
468 15 103 300
468 433 122 1000
468 118 110 300
468 26 178 150
468 29 89 150
469 130 114 1000
469 38 131 1000
469 7 109 150
469 40 117 150
469 201 183 150
469 16 190 150
469 27 105 150
469 28 107 150
470 464 167 1000
470 14 169 150
471 38 127 1000
471 351 136 150
473 24 113 1000
473 256 126 150
473 34 112 150
473 1 122 300
474 1 114 1000
474 35 86 150
474 37 186 150
474 39 123 1000
474 8 198 150
474 23 104 150
474 281 108 150
475 10 115 150
475 13 116 300
475 14 173 1000
475 17 106 150
475 28 106 1000
475 31 110 150
476 16 122 1000
476 18 86 150
476 331 98 1000
476 31 92 150
477 196 110 300
477 262 93 1000
477 38 84 150
477 423 96 300
477 11 111 1000
477 28 127 150
477 479 175 1000
478 0 163 150
478 33 178 150
478 16 151 150
478 18 97 150
478 179 123 150
478 30 123 1000
479 3 135 1000
479 29 166 1000
480 24 157 150
480 409 157 1000
480 283 96 1000
481 40 109 150
481 13 126 150
481 370 91 150
481 19 121 150
481 21 130 150
481 28 119 150
482 5 104 150
482 38 99 1000
482 10 113 1000
482 18 103 1000
482 19 106 150
482 20 167 1000
482 29 119 300
482 31 192 150
483 0 123 1000
483 3 109 300
483 5 104 150
483 300 97 1000
483 303 184 150
483 21 101 1000
483 22 122 300
485 449 113 150
485 18 167 150
485 22 118 1000
485 23 112 1000
487 18 174 1000
487 28 199 150
490 162 92 1000
490 323 194 150
490 37 119 150
490 10 154 300
490 13 107 300
490 26 94 1000
491 3 162 150
491 420 105 150
491 40 127 150
491 210 98 150
491 310 149 150
491 4 199 150
491 26 115 1000
491 27 130 300
