321 821 131
323 1142 145
331 1217 139
338 884 143
339 1265 143
340 942 139
349 681 135
351 804 139
354 512 145
354 611 143
354 937 139
369 519 139
373 1009 135
375 1045 139
398 397 139
407 711 139
409 898 139
409 694 143
410 860 139
420 1236 139
425 515 131
429 973 139
429 1205 143
439 842 143
448 1156 145
455 768 135
458 642 135
469 1221 143
485 1039 143
486 1016 143
486 775 145
489 568 135
493 1157 135
496 1243 153
498 936 143
501 988 139
502 520 141
506 1043 139
512 652 139
516 727 143
518 785 139
519 1109 139
520 651 139
524 1332 139
528 668 135
565 1041 139
567 1282 139
570 1338 143
574 1271 135
642 1146 149
642 770 135
652 905 139
654 1226 143
656 1274 143
662 1181 149
669 532 135
670 933 141
671 568 143
671 934 143
675 832 153
676 745 131
685 720 145
688 644 139
690 406 143
697 1131 153
702 436 139
707 672 135
712 451 139
713 1110 135
717 1014 143
745 555 139
751 1061 139
758 674 135
761 1196 139
764 517 139
770 524 139
775 1018 139
780 1051 143
781 1143 139
785 971 139
789 1161 131
794 1098 139
805 1322 143
805 1253 143
811 924 145
828 1093 135
832 702 135
833 1156 143
843 1264 143
847 1169 143
849 522 135
850 1049 135
856 745 135
856 702 143
858 1264 143
859 1253 149
873 1088 131
885 1196 139
900 793 139
908 1153 143
908 549 139
911 514 139
912 892 139
913 1008 139
917 760 135
921 616 139
923 1044 139
928 909 143
933 439 135
935 996 139
943 1131 135
945 690 139
947 961 143
972 1264 143
972 1191 139
974 1290 135
989 1168 131
989 890 143
989 1002 143
1001 1278 143
1005 1018 131
1007 1200 135
1010 500 139
1012 1040 143
1012 410 153
1013 1132 139
1016 833 135
1018 642 139
1020 694 135
1023 1289 143
1030 1175 139
1031 970 139
1035 482 135
1038 890 139
1040 544 139
1042 608 135
1048 486 139
1062 1216 153
1062 723 139
1069 1113 139
1083 1099 131
1088 599 135
1104 423 143
1113 547 153
1113 1113 145
1124 971 135
1128 859 135
1137 1097 143
1140 545 143
1141 697 143
1145 1256 135
1147 568 135
1149 387 135
1160 1016 139
1160 1018 139
1163 1010 139
1182 767 131
1183 1076 139
1185 1079 139
1202 993 139
1204 519 131
1215 624 139
1218 1048 139
1221 1226 139
1225 826 135
1237 1085 149
1257 1018 139
1259 494 143
1259 919 135
1265 594 139
1277 919 135
1285 1339 139
1292 784 153
1302 1007 143
1309 1258 139
1319 543 135
1326 1072 131
1328 1007 143
1334 934 143
1334 712 143
1338 736 131
1339 429 135
1341 593 149
1342 869 143
335 366 139
412 379 135
455 349 131
584 988 135
588 769 131
588 978 143
588 1309 139
597 985 139
606 1328 131
606 918 131
607 1082 135
638 1194 149
712 366 135
787 374 139
1120 353 135
1134 380 135
1256 374 127
321 50 133
323 46 137
327 7 137
334 46 129
343 55 129
348 11 129
352 45 137
353 5 137
354 45 137
359 27 129
365 18 129
373 25 129
382 12 137
383 44 137
383 12 133
390 39 125
410 32 133
412 9 133
415 52 137
415 14 133
419 33 133
420 54 133
426 10 133
430 12 129
432 29 133
441 18 133
441 7 137
448 13 129
453 36 133
462 4 129
463 19 143
463 22 137
466 17 137
484 60 133
485 0 129
492 36 125
500 55 137
502 59 137
503 45 137
512 12 125
512 10 129
516 51 133
525 4 137
532 18 147
537 7 143
544 16 129
546 14 133
550 36 129
551 29 137
556 44 133
560 57 133
563 48 129
565 62 133
566 54 133
567 0 133
575 25 133
644 49 137
644 36 133
651 54 133
654 60 135
665 60 133
668 22 137
669 57 147
674 52 129
674 31 129
677 55 129
685 15 137
695 16 137
695 52 137
702 24 129
706 50 129
715 17 129
727 1 137
730 38 147
736 14 133
739 49 125
740 11 133
745 34 133
747 13 137
750 9 133
751 56 133
755 22 133
762 30 133
764 25 129
765 28 133
769 50 133
769 52 147
776 13 129
782 42 133
786 36 129
789 29 133
796 34 137
806 22 137
821 35 133
824 56 129
824 47 125
826 17 147
828 39 137
830 21 137
832 58 125
837 48 129
842 42 133
852 24 137
856 42 137
859 31 133
862 16 129
867 3 133
884 40 129
886 33 137
888 6 133
891 28 133
892 11 129
897 41 133
897 34 133
900 59 133
900 53 133
913 6 137
915 59 133
921 46 133
926 40 125
935 4 133
937 38 137
941 49 137
943 46 129
945 6 129
946 29 129
952 30 147
958 36 137
970 26 137
977 40 129
990 13 129
992 59 139
1002 58 137
1009 58 137
1021 21 133
1022 23 125
1023 15 133
1027 59 133
1029 59 133
1036 23 133
1040 41 133
1048 62 133
1051 41 143
1053 47 129
1069 4 129
1069 38 133
1070 43 137
1071 31 139
1076 42 133
1080 36 129
1080 14 129
1084 13 137
1092 59 137
1093 19 133
1095 30 139
1100 29 125
1104 36 137
1113 54 137
1115 19 137
1117 18 125
1117 54 129
1119 12 133
1125 48 137
1137 63 137
1139 29 133
1143 14 129
1144 38 133
1146 17 129
1147 3 137
1152 44 129
1163 6 129
1163 17 129
1167 59 133
1170 45 133
1171 46 129
1172 56 129
1176 45 147
1182 45 129
1183 33 133
1190 28 125
1191 6 129
1194 1 133
1196 26 137
1197 58 129
1207 54 139
1209 13 129
1212 17 143
1216 1 129
1226 35 137
1226 58 139
1228 0 129
1234 24 129
1242 58 137
1245 47 137
1263 24 133
1264 57 135
1266 47 133
1266 39 133
1269 42 137
1274 57 133
1275 8 143
1276 39 133
1276 56 133
1276 26 129
1278 20 133
1279 51 133
1283 27 137
1286 58 129
1288 34 133
1288 11 129
1290 61 133
1303 13 137
1306 46 137
1310 25 133
1313 35 129
1317 34 125
1324 32 137
591 377 139
621 419 143
621 630 123
639 351 127
871 323 135
585 22 137
592 5 137
594 46 133
595 6 125
600 48 125
604 4 125
608 57 137
608 52 133
611 23 133
612 12 125
629 51 129
631 13 129
335 867 79
335 881 79
346 1064 83
347 446 79
348 858 79
353 789 79
356 1282 79
358 1212 79
361 619 93
362 689 79
368 700 79
377 1119 79
378 952 79
380 523 83
382 978 83
410 712 79
419 1328 79
448 1039 79
460 648 79
468 667 83
499 616 79
499 844 79
500 837 79
506 1226 89
514 844 83
516 898 79
520 694 79
524 1055 79
528 635 79
533 508 83
535 915 79
537 1303 79
538 824 83
554 1150 79
556 565 79
559 384 79
560 1309 79
561 1082 83
566 1021 83
572 1049 79
640 1032 79
640 622 79
644 421 79
667 615 83
686 1212 83
691 1048 79
693 407 89
695 1016 79
712 470 79
713 954 83
720 476 79
721 856 79
723 1014 79
731 1098 79
738 724 83
739 661 79
740 1087 79
742 694 79
749 1123 79
750 832 83
765 600 79
765 676 89
766 419 83
769 549 79
771 425 79
775 530 79
779 1290 79
779 973 83
780 469 83
786 415 89
794 697 79
801 1338 79
803 1286 89
806 1306 93
810 607 83
827 1197 79
828 1070 79
831 627 79
838 820 79
843 764 83
867 555 79
872 473 79
872 956 79
873 1037 79
885 409 93
886 593 79
903 1263 79
919 684 79
928 876 79
928 758 83
939 1037 79
943 1221 79
959 913 83
970 729 79
972 775 79
978 917 79
980 770 79
980 1245 83
996 565 83
1001 1094 79
1011 552 79
1015 470 79
1021 801 79
1022 1021 83
1036 825 83
1061 1304 79
1083 402 79
1086 1021 79
1097 1013 79
1099 426 83
1109 738 79
1112 703 79
1114 656 89
1115 1209 79
1126 521 83
1131 745 79
1131 964 79
1134 1172 79
1134 489 79
1141 1236 83
1143 1274 79
1150 1051 79
1228 501 83
1233 392 89
1234 493 79
1236 668 79
1239 806 79
1258 1251 83
1265 623 83
1271 489 79
1279 433 79
1286 1338 89
1292 1333 79
1295 1010 83
1296 594 83
1309 1299 79
1313 651 79
1319 812 79
1334 913 79
1339 552 83
324 1259 80
328 1115 80
330 564 84
331 508 89
333 978 93
334 438 98
350 364 75
351 1324 89
358 1153 89
362 705 89
372 1211 93
384 375 75
387 467 93
394 510 89
398 388 80
403 1340 89
404 455 84
405 1126 93
406 640 93
406 656 89
408 904 89
410 583 85
410 567 93
410 607 93
412 683 93
415 554 95
419 1010 84
420 356 84
421 1036 93
421 1243 84
421 543 93
429 619 89
429 1166 85
430 855 90
436 902 88
438 518 93
440 938 88
445 1146 84
445 854 80
446 1256 80
448 1203 84
451 540 93
451 597 93
452 384 84
455 1089 84
457 537 85
458 1131 93
458 1010 84
463 723 93
465 408 89
466 1175 80
469 906 85
469 1038 93
470 750 88
490 900 88
492 697 84
493 1264 89
494 1125 80
496 1250 84
496 1295 88
499 695 88
503 1301 84
506 1328 80
513 353 75
513 1251 93
521 1007 88
527 481 93
530 1199 89
531 802 89
531 1031 84
535 1307 88
536 952 93
544 731 93
545 419 89
549 690 89
550 869 89
551 689 93
554 1316 93
555 843 93
555 863 80
556 709 80
558 659 89
559 1126 88
562 1062 88
567 1071 93
574 469 89
575 668 89
584 981 79
614 652 75
629 1332 79
630 636 83
640 1086 84
642 1306 99
646 972 85
647 1337 88
648 928 93
651 950 93
652 1022 89
657 1120 80
658 424 80
659 939 93
659 382 88
661 1081 88
669 437 84
669 1047 80
674 374 80
679 1337 88
691 520 93
694 984 93
695 711 84
698 1306 84
701 1059 80
702 635 93
703 1059 93
706 758 93
712 799 89
714 969 89
715 843 85
720 1144 84
721 736 93
726 1120 88
726 824 84
726 554 94
726 831 80
731 700 93
734 702 93
735 885 84
740 969 84
747 1140 85
751 1126 84
761 356 75
761 1113 93
771 674 93
775 560 89
776 540 80
781 766 80
786 828 93
787 1069 88
790 740 88
791 647 84
798 1225 89
798 510 89
802 954 94
820 756 93
821 992 84
821 382 75
826 659 85
835 408 89
852 470 89
853 1228 93
853 390 103
860 1047 84
862 563 84
869 428 80
871 931 84
871 1307 88
872 477 88
873 876 84
873 950 89
873 1309 89
874 824 93
878 455 93
880 540 93
881 1216 89
890 1226 89
895 628 95
900 871 93
903 1023 93
907 747 103
915 663 80
917 519 90
919 1122 85
919 493 88
921 358 75
933 658 93
934 709 84
938 372 75
942 697 80
943 588 93
945 1109 93
949 985 88
956 509 84
957 489 84
958 1236 80
969 432 84
971 798 88
980 720 88
984 1305 85
984 1071 84
990 892 99
1001 571 93
1001 1214 84
1006 1036 84
1013 700 89
1014 702 95
1015 621 89
1022 1044 93
1023 859 88
1024 690 93
1025 1170 85
1025 1078 94
1027 1020 84
1031 1060 80
1033 1104 84
1033 1098 88
1036 1001 84
1041 1109 89
1042 653 84
1042 942 89
1044 940 93
1049 405 93
1050 953 80
1050 375 75
1051 595 89
1059 832 89
1059 668 88
1061 865 93
1064 535 85
1065 1095 89
1066 1038 79
1068 506 79
1071 753 89
1071 940 89
1071 749 85
1072 1207 80
1080 1259 84
1081 1292 85
1081 1119 88
1084 1228 98
1085 607 89
1086 430 89
1091 404 80
1091 1303 89
1098 1134 84
1106 1247 93
1107 998 84
1109 417 89
1109 691 89
1109 701 103
1110 921 93
1110 1202 84
1112 1049 89
1112 437 89
1113 1024 84
1114 993 84
1114 606 93
1120 1036 84
1122 455 84
1128 621 85
1129 989 89
1132 702 93
1137 486 98
1140 980 88
1140 567 80
1150 779 80
1150 1164 89
1150 1206 93
1153 323 84
1153 1288 75
1153 662 89
1156 1339 85
1157 533 80
1159 545 80
1159 826 84
1163 701 88
1163 1114 84
1167 425 80
1167 1156 89
1167 895 89
1171 780 85
1175 445 83
1183 671 85
1191 432 75
1192 1183 89
1199 1099 89
1202 524 84
1204 864 88
1204 1244 80
1205 1149 95
1209 538 89
1212 571 89
1212 973 89
1220 1325 103
1221 993 89
1224 575 80
1242 1343 89
1243 1186 103
1245 502 98
1245 1245 88
1247 364 75
1255 1305 85
1258 1142 80
1259 368 85
1266 903 98
1275 945 93
1275 847 94
1277 767 89
1283 726 89
1284 663 88
1288 496 84
1288 485 84
1289 1149 84
1290 419 84
1298 926 84
1299 1329 93
1299 519 93
1300 367 75
1302 1276 80
1304 474 89
1308 789 89
1309 939 103
1309 831 93
1313 514 93
1319 831 89
1322 975 85
1324 1236 89
1327 566 84
1330 1152 93
1332 958 98
1334 566 84
1334 667 80
1337 1264 80
1339 1200 93
1339 706 93
1340 884 88
1340 909 84
1340 1329 99
1341 790 84
323 43 73
326 49 73
331 40 87
331 53 73
331 27 73
338 56 73
340 23 83
352 32 83
358 31 77
362 57 73
366 9 83
371 3 73
374 2 73
374 62 87
384 35 87
397 6 73
408 24 73
412 24 73
415 4 73
416 45 77
421 4 73
428 31 73
429 61 73
430 16 73
430 6 77
431 48 73
440 8 73
440 31 73
442 34 73
459 63 87
486 1 73
492 2 73
492 37 87
502 46 73
509 27 73
514 43 83
519 33 73
519 15 77
523 60 77
530 58 73
531 27 73
533 10 73
538 2 83
538 61 77
548 0 77
549 29 73
553 10 73
556 59 73
558 8 73
560 4 77
561 25 73
564 6 73
567 30 73
570 33 73
574 5 77
574 21 73
575 4 83
575 59 73
646 19 83
657 0 77
658 4 73
659 26 73
668 53 77
688 40 73
691 49 73
691 15 73
695 23 73
697 53 77
706 31 77
706 28 73
707 55 73
714 10 73
716 24 73
726 28 87
729 32 77
731 63 73
743 48 73
743 17 73
743 28 73
746 55 77
748 34 73
751 24 83
760 33 73
760 55 73
769 49 77
772 45 83
773 25 83
779 47 73
780 60 73
782 45 77
783 5 73
786 40 73
798 7 77
800 42 73
801 52 73
802 57 73
805 13 73
821 56 77
832 57 77
843 23 73
853 37 73
859 12 73
863 11 73
865 12 77
872 34 77
872 51 83
882 32 73
888 11 73
889 28 73
898 41 77
904 58 73
908 43 73
909 59 73
912 8 73
918 13 77
921 6 73
924 14 73
930 23 73
931 21 73
935 16 77
937 6 73
941 48 83
950 49 77
952 9 73
954 53 73
976 33 73
992 33 73
1002 9 77
1002 44 77
1007 3 83
1007 61 73
1011 50 83
1012 7 73
1015 53 77
1018 0 77
1021 23 73
1021 26 73
1022 54 73
1025 32 73
1037 11 73
1040 29 73
1051 53 73
1051 33 73
1052 42 73
1053 56 77
1059 20 73
1059 29 73
1062 43 83
1078 42 83
1083 27 73
1086 31 73
1086 46 73
1087 62 77
1088 42 73
1094 15 73
1111 33 83
1126 0 73
1131 54 77
1139 2 77
1142 49 73
1143 46 73
1144 48 73
1147 41 73
1226 2 77
1233 55 77
1234 46 73
1236 1 73
1247 0 73
1248 9 73
1252 62 77
1258 62 73
1264 49 73
1264 54 73
1265 31 73
1271 23 77
1275 6 73
1276 54 73
1277 11 73
1286 59 73
1290 8 77
1292 27 73
1292 61 83
1298 34 87
1302 30 73
1304 26 73
1306 0 73
1317 28 73
1317 6 87
1333 13 77
321 375 90
323 612 84
325 1198 90
330 1073 94
330 1172 94
331 375 94
348 1096 90
350 740 86
351 362 90
364 440 94
366 821 94
367 1197 94
371 1342 100
372 362 90
374 825 90
375 608 80
377 980 104
378 765 94
397 325 75
398 1157 90
405 774 90
408 1152 94
428 1199 104
429 531 94
432 623 84
434 691 90
449 1033 86
457 1340 94
465 368 89
465 827 94
466 446 86
469 518 90
472 1152 76
477 1153 84
479 1238 94
482 463 94
489 576 76
502 1018 96
514 520 90
521 377 89
523 694 94
527 888 94
528 1255 100
536 335 100
555 1313 100
560 1295 94
561 1030 94
576 889 94
576 1238 85
579 749 80
586 553 90
587 549 93
593 474 88
597 681 84
599 838 76
606 973 81
606 1011 95
607 406 93
608 1336 93
616 1241 79
616 791 75
618 993 79
626 1276 85
629 1100 85
630 564 93
634 768 84
635 429 85
638 1307 81
644 1144 90
644 958 94
646 325 94
646 1247 94
651 684 90
652 928 90
652 471 90
664 977 104
672 452 94
688 854 94
688 889 90
695 724 86
700 1226 90
704 724 94
717 416 94
723 390 94
724 990 90
740 426 90
745 379 100
758 1226 94
761 688 94
762 448 94
762 1181 90
770 780 86
774 345 85
781 556 94
781 670 94
792 1305 94
804 574 90
835 1164 90
850 380 85
869 1043 94
880 351 89
881 467 94
888 1306 90
888 1037 86
890 468 90
890 1290 94
891 694 94
902 538 94
917 953 100
923 1076 90
931 1194 90
943 1091 94
951 782 94
954 680 94
957 1330 90
959 1134 86
962 374 85
965 1228 94
972 1005 94
973 1140 94
975 607 76
978 1327 90
979 742 90
979 695 94
990 746 94
1001 939 94
1008 354 90
1011 371 85
1012 328 81
1013 979 86
1018 938 94
1020 744 94
1024 472 90
1029 698 86
1030 999 90
1032 734 90
1034 710 94
1035 537 94
1038 876 90
1040 850 100
1041 951 90
1045 1254 86
1047 1226 94
1049 1075 94
1053 629 84
1064 918 84
1065 1109 90
1065 749 80
1069 679 94
1074 762 94
1082 764 90
1088 1198 90
1099 1002 86
1106 1196 90
1119 701 94
1128 825 94
1132 451 96
1159 354 71
1167 325 90
1171 1117 90
1172 847 90
1181 1289 83
1183 1185 86
1183 684 75
1191 1065 90
1196 1255 84
1198 931 79
1199 532 83
1199 1175 86
1199 751 75
1231 571 90
1237 468 86
1243 1329 90
1243 1297 94
1247 1011 100
1269 998 86
1272 985 90
1276 1143 94
1285 900 94
1292 453 94
1304 913 90
1305 364 85
1306 1342 90
1310 1264 104
1310 458 94
1325 553 104
1330 1208 90
1331 1258 86
1332 721 90
1337 646 94
1338 1128 94
1338 369 89
326 56 83
328 13 78
333 53 83
334 59 87
335 1 87
338 43 82
343 41 74
345 57 74
346 27 83
347 21 87
350 13 87
350 5 82
352 59 79
352 11 78
352 52 78
366 13 78
367 25 78
368 34 82
370 9 78
371 22 83
371 7 93
372 5 82
373 38 78
375 22 78
379 22 83
383 62 78
387 30 78
388 18 82
392 52 78
392 36 87
402 46 74
403 42 88
407 24 78
409 4 87
412 40 87
420 57 87
424 63 79
424 15 78
425 9 74
425 58 87
431 11 87
431 22 88
431 38 78
432 30 83
435 1 78
435 12 97
436 2 87
439 16 82
441 59 74
442 11 74
451 13 83
453 7 92
460 11 87
467 35 82
470 2 79
471 58 83
474 10 78
479 14 87
498 16 87
500 42 87
501 10 93
515 20 74
515 23 74
517 46 87
519 60 82
524 20 82
525 17 83
534 31 78
537 24 74
543 1 87
543 49 78
544 11 82
547 3 78
549 2 83
551 61 78
552 7 78
556 60 78
560 47 87
561 40 78
563 2 83
565 17 78
566 10 87
566 47 87
570 57 82
574 53 74
575 51 74
576 31 73
580 48 73
594 48 73
609 30 77
611 29 69
611 14 73
612 61 73
634 61 73
635 48 69
636 33 77
638 29 73
646 57 78
648 18 83
648 21 83
649 35 87
649 36 87
649 21 83
656 33 88
656 38 83
656 46 87
659 30 87
664 16 87
664 58 84
665 12 83
667 10 74
669 7 82
671 26 87
675 55 87
676 11 78
678 57 83
680 41 88
681 40 87
681 15 78
684 35 78
686 56 79
688 11 83
688 52 83
694 33 87
701 59 82
704 26 92
704 19 79
706 39 78
710 52 83
714 0 87
714 49 78
714 30 87
715 4 74
716 3 79
728 57 83
730 54 87
731 49 87
734 54 97
738 24 83
738 61 83
740 49 83
742 55 87
745 20 82
751 0 82
753 11 93
756 51 83
759 49 83
760 45 87
761 52 82
765 23 78
766 44 83
771 26 93
772 57 74
773 36 87
781 8 87
784 34 87
785 26 83
786 27 78
787 11 83
789 49 87
791 58 82
792 30 82
792 15 93
793 54 83
796 13 93
812 40 88
820 1 87
821 40 87
824 59 74
827 29 78
828 3 78
830 57 97
831 48 87
834 10 87
837 26 78
837 50 74
840 0 74
840 11 87
842 37 87
843 2 82
844 5 83
846 32 78
855 15 78
860 28 78
864 10 78
865 24 92
871 47 78
871 57 78
871 62 74
872 11 78
873 46 82
880 4 82
888 43 89
890 32 83
898 33 78
901 6 97
902 26 78
902 36 87
903 26 74
905 59 78
906 44 79
907 48 87
907 27 87
907 11 87
911 10 78
912 41 78
912 38 84
913 26 87
917 0 87
924 52 78
926 6 83
930 8 83
933 12 79
937 21 87
940 58 82
946 49 82
949 27 83
950 27 83
953 49 78
953 58 87
955 62 87
962 29 87
965 50 74
969 6 74
971 33 88
971 7 82
972 56 87
975 12 92
978 27 74
983 46 84
985 31 78
991 35 87
993 55 87
999 44 87
999 38 78
1010 48 88
1012 19 74
1013 4 87
1014 28 97
1015 3 87
1022 50 83
1024 35 83
1025 36 74
1025 8 79
1025 16 82
1029 49 82
1030 14 88
1032 62 74
1034 5 74
1041 43 78
1041 15 87
1043 33 87
1044 10 83
1046 2 78
1049 36 79
1049 53 78
1058 35 78
1058 3 87
1059 30 74
1064 18 73
1066 40 83
1066 37 83
1073 43 78
1074 18 82
1084 12 79
1086 17 74
1091 17 74
1091 21 78
1091 60 82
1092 40 82
1092 16 74
1092 28 74
1092 31 83
1094 61 82
1095 41 87
1096 1 82
1096 39 78
1097 4 83
1099 9 74
1104 37 78
1107 0 87
1110 36 82
1111 32 83
1112 27 83
1113 27 78
1114 2 87
1119 13 87
1123 10 87
1123 15 83
1124 24 78
1124 9 74
1125 55 87
1126 62 88
1128 34 87
1128 46 83
1128 54 78
1140 53 83
1140 46 82
1141 56 82
1141 25 88
1143 4 83
1143 13 84
1145 24 78
1152 40 78
1152 45 69
1153 37 87
1153 43 69
1153 44 74
1153 23 74
1156 58 78
1159 28 78
1161 21 77
1163 9 69
1163 58 74
1164 61 78
1164 37 83
1166 38 83
1168 32 82
1168 33 83
1168 60 74
1168 14 73
1170 20 79
1171 6 77
1171 51 83
1172 54 69
1175 60 78
1175 52 73
1176 60 83
1177 1 83
1179 53 87
1185 5 83
1186 16 74
1189 41 78
1192 2 93
1194 48 83
1197 44 87
1200 28 88
1202 51 69
1203 27 83
1204 39 83
1204 55 74
1205 8 78
1205 60 83
1205 21 79
1206 23 78
1208 58 78
1209 44 83
1211 4 82
1211 13 69
1212 24 69
1214 33 74
1214 34 73
1214 55 77
1218 44 74
1218 47 83
1221 52 74
1221 34 78
1221 45 87
1226 43 82
1228 7 92
1234 19 79
1234 38 74
1236 4 74
1239 55 82
1242 61 87
1245 45 82
1247 7 78
1254 57 74
1254 35 74
1259 49 82
1261 34 82
1264 21 82
1266 25 84
1271 25 74
1274 56 78
1275 46 82
1276 2 82
1276 9 87
1277 45 83
1278 27 74
1282 48 79
1283 46 78
1284 17 87
1286 34 87
1297 45 83
1301 26 78
1301 62 79
1306 31 87
1307 8 97
1307 11 82
1310 39 83
1314 49 78
1314 20 74
1316 49 78
1317 31 82
1319 32 82
1319 35 79
1323 21 78
1324 25 74
1324 38 78
1325 48 82
1325 7 87
1326 9 78
1334 33 78
1336 62 74
1337 57 78
1337 61 87
324 338 85
480 604 92
521 622 86
549 634 84
562 632 88
588 391 94
589 1040 94
594 1337 82
600 988 82
603 1281 76
604 685 84
612 428 94
619 556 93
623 1082 77
624 1326 86
675 576 86
736 606 90
743 618 90
938 634 90
971 632 96
1021 339 81
1195 346 67
1250 606 82
1289 638 90
323 17 88
326 19 84
327 28 80
340 31 84
343 4 88
343 45 98
348 26 88
351 30 84
354 8 84
356 48 84
365 43 98
369 55 88
374 5 88
379 38 84
384 26 80
384 42 84
412 52 88
415 43 88
416 24 98
423 13 84
429 25 84
442 46 84
443 29 88
452 41 88
452 47 88
453 15 84
457 55 90
466 53 84
484 3 88
485 11 88
500 11 88
503 38 84
509 38 84
510 49 84
515 30 88
517 9 88
517 7 88
532 62 94
533 13 80
535 32 84
538 35 88
545 52 88
548 6 88
555 60 84
565 19 84
566 7 84
575 40 88
575 9 88
575 47 88
579 58 79
583 8 80
583 54 74
588 0 87
589 15 82
592 17 87
597 53 79
599 29 79
600 3 85
602 43 87
603 0 73
603 35 73
606 4 85
606 61 75
607 28 69
607 37 73
609 32 87
609 11 78
611 48 70
612 45 70
618 35 69
619 56 73
622 49 73
623 5 77
624 17 70
624 61 79
626 3 79
629 16 82
629 17 87
630 0 87
632 56 79
636 50 79
638 3 84
642 29 88
653 13 88
654 30 88
656 23 84
665 28 84
665 30 80
674 50 88
676 0 88
679 61 88
681 45 80
685 17 84
686 22 84
694 8 88
702 17 88
711 35 88
717 57 84
723 18 84
729 26 80
747 11 98
753 23 88
767 15 88
768 5 80
773 34 84
775 59 84
776 25 88
785 54 88
791 51 88
793 32 84
800 19 84
802 37 80
810 52 88
812 58 88
820 48 88
821 19 80
825 3 84
852 42 84
858 19 88
873 50 88
884 37 88
889 20 84
890 23 84
890 56 80
892 37 98
895 40 88
895 25 88
895 43 90
906 2 94
909 11 84
913 5 88
921 8 88
931 30 88
940 41 84
940 14 84
942 32 80
946 54 88
955 50 88
957 57 88
961 63 90
976 61 94
980 26 84
986 41 88
996 8 98
999 26 88
1021 8 84
1023 22 84
1029 1 80
1033 3 84
1033 39 88
1036 55 88
1037 22 80
1040 39 84
1050 50 84
1051 27 84
1059 23 88
1060 12 98
1061 6 84
1062 6 84
1065 38 80
1068 56 84
1068 11 88
1068 21 88
1070 32 74
1073 26 80
1078 26 84
1079 54 84
1080 22 88
1091 59 88
1092 52 84
1096 2 84
1097 39 84
1097 45 88
1099 2 88
1100 2 88
1100 42 94
1106 29 80
1113 53 94
1122 51 88
1144 20 88
1144 30 88
1149 45 84
1150 1 84
1150 6 84
1169 26 84
1171 25 84
1176 5 88
1176 46 65
1177 18 69
1177 54 74
1177 55 74
1179 26 98
1179 12 78
1180 63 65
1181 13 84
1182 34 80
1182 3 74
1186 44 84
1192 10 82
1195 60 80
1195 30 78
1196 8 84
1196 42 74
1196 21 74
1196 61 92
1197 0 74
1197 55 80
1204 18 84
1209 55 84
1215 1 84
1218 43 98
1220 41 84
1226 10 94
1239 6 84
1241 22 88
1248 35 88
1252 38 88
1255 25 84
1269 46 80
1271 56 84
1277 31 88
1281 23 88
1294 37 88
1295 46 84
1296 23 84
1298 23 84
1300 53 88
1308 31 88
1313 47 88
1316 3 84
1322 56 80
1326 35 84
1326 47 98
1337 2 88
1340 49 88
380 628 92
619 403 82
621 1179 86
623 552 94
836 614 86
884 588 86
1046 611 82
1300 586 82
584 57 80
584 27 80
586 53 88
587 21 88
591 24 80
592 24 80
600 19 74
600 63 88
602 42 88
604 41 88
607 32 66
613 52 80
616 13 75
619 59 87
626 36 88
627 14 88
628 21 80
632 37 80
635 23 76
639 51 88
616 21 88
618 7 88
619 36 72
619 48 80
619 53 80
621 26 88
621 13 88
622 63 88
