321 821 177
323 1142 214
331 1217 162
335 366 185
338 884 137
339 1265 199
340 942 172
349 681 199
351 804 162
354 512 209
354 611 167
354 937 204
369 519 152
373 1009 199
398 397 187
407 711 164
409 898 162
409 694 164
410 860 162
412 379 220
420 1236 147
425 515 189
429 973 177
429 1205 184
439 842 152
448 1156 179
455 768 177
455 349 220
458 642 177
469 1221 199
486 1016 182
486 775 199
489 568 177
493 1157 204
496 1243 162
498 936 149
501 988 197
502 520 179
512 652 187
516 727 194
518 785 162
519 1109 164
520 651 142
524 1332 174
528 668 177
567 1282 194
570 1338 202
574 1271 209
584 988 187
588 769 189
588 978 137
588 1309 174
591 377 142
597 985 204
606 1328 177
606 918 174
621 419 167
621 630 154
638 1194 162
639 351 185
642 1146 177
642 770 224
652 905 177
654 1226 194
656 1274 197
662 1181 164
669 532 152
670 933 204
671 568 182
671 934 184
675 832 147
676 745 179
685 720 192
688 644 184
690 406 172
697 1131 179
702 436 167
707 672 174
712 451 157
712 366 195
713 1110 172
717 1014 154
745 555 212
758 674 159
761 1196 142
764 517 204
770 524 152
775 1018 204
781 1143 152
785 971 224
787 374 172
789 1161 174
794 1098 137
805 1322 169
805 1253 167
811 924 179
828 1093 147
832 702 189
833 1156 137
843 1264 174
847 1169 162
849 522 224
856 745 157
856 702 199
858 1264 162
859 1253 169
873 1088 167
885 1196 214
900 793 177
908 1153 179
908 549 147
911 514 219
912 892 192
913 1008 234
917 760 152
921 616 189
928 909 157
933 439 199
935 996 162
943 1131 199
945 690 202
947 961 174
972 1264 212
972 1191 189
974 1290 172
989 1168 194
989 890 152
989 1002 169
1001 1278 167
1005 1018 189
1007 1200 172
1010 500 139
1012 410 127
1013 1132 184
1016 833 137
1018 642 209
1020 694 197
1023 1289 169
1088 599 192
1104 423 179
1113 547 162
1113 1113 209
1120 353 172
1124 971 214
1128 859 177
1134 380 155
1137 1097 177
1140 545 174
1141 697 177
1145 1256 204
1147 568 192
1149 387 164
1160 1016 197
1160 1018 160
1163 1010 147
1202 993 165
1204 519 167
1215 624 190
1221 1226 182
1225 826 174
1256 374 142
1257 1018 224
1259 494 197
1259 919 159
1265 594 177
1277 919 219
1285 1339 192
1292 784 189
1302 1007 177
1309 1258 189
1319 543 187
1328 1007 169
1334 934 152
1334 712 184
1338 736 162
1339 429 179
1341 593 167
1342 869 149
375 1045 183
485 1039 164
506 1043 148
565 1041 199
607 1082 178
751 1061 164
780 1051 168
850 1049 199
871 323 218
923 1044 151
1012 1040 158
1030 1175 199
1031 970 198
1035 482 184
1038 890 158
1040 544 149
1042 608 193
1048 486 199
1062 1216 168
1062 723 149
1083 1099 183
1182 767 151
1218 1048 178
1237 1085 199
321 50 186
323 46 153
327 7 206
334 46 168
343 55 171
348 11 168
352 45 181
353 5 193
354 45 146
359 27 178
365 18 136
373 25 193
382 12 161
383 44 188
383 12 136
390 39 183
410 32 171
412 9 173
415 52 121
415 14 218
419 33 191
420 54 183
426 10 176
430 12 193
432 29 171
441 18 173
441 7 166
448 13 168
453 36 201
462 4 173
463 19 161
463 22 133
466 17 171
484 60 163
485 0 146
492 36 188
500 55 191
502 59 198
503 45 146
512 12 173
512 10 166
516 51 148
525 4 161
532 18 178
537 7 131
544 16 178
546 14 146
550 36 178
551 29 161
556 44 218
560 57 231
563 48 173
565 62 206
566 54 183
567 0 136
575 25 153
585 22 156
592 5 183
594 46 156
595 6 188
600 48 131
604 4 163
608 57 141
608 52 143
611 23 166
612 12 168
629 51 166
631 13 168
644 49 156
644 36 178
651 54 171
654 60 168
665 60 136
668 22 168
669 57 156
674 52 143
674 31 146
677 55 148
685 15 181
695 16 153
695 52 176
702 24 163
706 50 176
715 17 213
727 1 176
730 38 183
736 14 146
739 49 193
740 11 151
745 34 198
747 13 146
750 9 193
751 56 161
755 22 178
762 30 161
764 25 173
765 28 121
769 50 133
769 52 186
776 13 173
782 42 201
786 36 188
789 29 131
796 34 183
806 22 166
821 35 168
824 56 176
824 47 228
826 17 186
828 39 173
830 21 191
832 58 193
837 48 176
842 42 203
852 24 156
856 42 183
859 31 166
862 16 193
867 3 146
884 40 193
886 33 146
888 6 173
891 28 131
892 11 168
897 41 191
897 34 183
900 59 196
900 53 143
913 6 201
915 59 188
921 46 141
926 40 173
935 4 121
937 38 173
941 49 161
943 46 173
945 6 171
946 29 198
952 30 196
958 36 193
970 26 151
977 40 173
990 13 171
992 59 178
1002 58 176
1009 58 193
1021 21 141
1022 23 178
1023 15 161
1092 59 198
1093 19 146
1095 30 183
1100 29 171
1104 36 183
1113 54 176
1115 19 193
1117 18 156
1117 54 183
1119 12 181
1125 48 158
1137 63 136
1139 29 178
1143 14 136
1144 38 133
1146 17 151
1147 3 198
1152 44 166
1163 6 174
1163 17 176
1167 59 169
1170 45 181
1171 46 179
1172 56 146
1190 28 179
1191 6 171
1194 1 189
1196 26 151
1197 58 199
1207 54 141
1209 13 199
1212 17 166
1216 1 173
1226 35 156
1226 58 163
1228 0 146
1234 24 183
1242 58 156
1245 47 158
1263 24 181
1264 57 213
1266 47 171
1266 39 213
1269 42 181
1274 57 163
1275 8 171
1276 39 198
1276 56 156
1276 26 158
1278 20 176
1279 51 133
1283 27 146
1286 58 178
1288 34 181
1288 11 173
1290 61 141
1303 13 208
1306 46 131
1310 25 168
1313 35 131
1317 34 168
1324 32 171
1069 1113 174
1185 1079 194
1326 1072 169
1027 59 152
1029 59 193
1036 23 152
1040 41 168
1048 62 137
1051 41 168
1053 47 202
1076 42 183
1080 36 152
1080 14 183
1084 13 172
1176 45 200
1182 45 192
1183 33 154
321 375 125
324 338 134
325 1198 120
330 1172 119
331 375 155
331 508 128
333 978 85
335 867 108
335 881 100
347 446 108
348 1096 115
348 858 124
350 364 110
350 740 119
351 362 90
351 1324 114
353 789 104
356 1282 109
358 1153 109
358 1212 99
361 619 104
362 689 99
362 705 144
364 440 94
366 821 105
367 1197 144
368 700 100
371 1342 94
372 362 135
372 1211 133
374 825 140
377 980 109
377 1119 85
378 952 118
378 765 105
380 523 104
380 628 130
382 978 93
384 375 95
387 467 93
394 510 120
398 1157 129
403 1340 109
405 1126 124
405 774 175
406 640 113
406 656 125
408 904 103
408 1152 160
410 583 144
410 712 109
410 567 109
410 607 124
412 683 144
415 554 99
419 1328 109
421 543 124
428 1199 159
429 619 140
429 1166 113
429 531 115
434 691 119
438 518 105
451 540 113
451 597 110
457 537 138
457 1340 135
458 1131 124
460 648 109
463 723 144
465 408 89
465 368 134
465 827 125
466 446 154
468 667 104
469 906 99
469 518 125
479 1238 134
480 604 135
482 463 94
493 1264 124
499 616 89
499 844 104
500 837 114
502 1018 100
506 1226 93
513 353 95
513 1251 118
514 520 150
514 844 109
516 898 79
520 694 89
521 377 120
521 622 144
523 694 115
527 888 119
527 481 110
528 635 93
528 1255 160
530 1199 99
531 802 119
533 508 94
535 915 139
536 952 144
536 335 125
537 1303 93
538 824 85
544 731 93
545 419 130
549 690 103
550 869 105
551 689 123
554 1316 85
554 1150 113
555 1313 125
555 843 109
556 565 114
558 659 124
559 384 99
560 1309 109
560 1295 135
566 1021 108
574 469 120
575 668 138
576 1238 140
584 981 108
587 549 120
588 391 114
594 1337 90
600 988 114
606 973 99
606 1011 109
607 406 134
608 1336 114
612 428 120
614 652 83
616 1241 90
616 791 113
618 993 90
619 556 103
619 403 145
621 1179 144
623 552 115
624 1326 134
626 1276 120
629 1100 113
629 1332 85
630 564 128
630 636 85
635 429 148
638 1307 140
640 622 113
642 1306 115
644 1144 164
644 421 134
644 958 139
646 972 130
646 325 149
646 1247 115
648 928 138
651 684 135
651 950 134
652 928 150
652 1022 128
652 471 115
659 939 89
664 977 150
667 615 93
672 452 110
675 576 114
686 1212 110
688 854 119
688 889 90
691 520 113
693 407 75
694 984 128
695 724 130
695 1016 109
700 1226 150
702 635 148
704 724 90
706 758 144
712 470 109
712 799 109
713 954 114
714 969 134
715 843 89
717 416 124
720 476 90
721 736 113
721 856 95
723 390 129
723 1014 89
724 990 114
731 1098 105
731 700 113
734 702 110
736 606 119
738 724 114
739 661 79
740 426 125
742 694 128
743 618 115
745 379 104
747 1140 130
749 1123 98
750 832 110
758 1226 104
761 688 115
761 356 99
761 1113 105
762 448 119
762 1181 125
765 600 108
765 676 79
766 419 134
769 549 75
770 780 129
771 425 89
771 674 109
774 345 125
775 560 120
775 530 83
779 1290 95
779 973 103
780 469 89
781 556 105
781 670 94
786 828 119
786 415 114
792 1305 135
794 697 113
798 1225 95
798 510 115
801 1338 103
803 1286 108
804 574 125
806 1306 124
810 607 98
820 756 130
821 382 114
826 659 140
827 1197 99
831 627 99
835 408 109
835 1164 144
836 614 130
838 820 114
843 764 89
850 380 109
852 470 154
853 1228 119
853 390 89
867 555 124
872 473 99
872 956 110
873 950 113
873 1309 124
874 824 129
878 455 144
880 540 99
880 351 109
881 1216 109
881 467 144
884 588 115
885 409 104
886 593 99
888 1306 134
890 1226 130
890 468 94
890 1290 125
891 694 129
895 628 119
900 871 130
902 538 129
903 1263 123
903 1023 130
907 747 128
917 953 134
919 1122 85
919 684 89
921 358 124
928 876 104
928 758 104
931 1194 115
933 658 118
938 634 125
938 372 89
943 1091 90
943 588 113
943 1221 75
945 1109 148
951 782 115
954 680 139
957 1330 109
959 913 90
959 1134 160
962 374 124
965 1228 115
970 729 114
971 632 90
972 775 128
972 1005 140
973 1140 110
978 917 104
978 1327 129
979 742 115
979 695 164
980 770 104
980 1245 119
984 1305 114
990 746 129
990 892 105
996 565 98
1001 939 105
1001 571 113
1001 1094 95
1008 354 144
1011 552 95
1011 371 114
1012 328 115
1013 979 104
1013 700 144
1014 702 119
1015 470 99
1015 621 144
1018 938 115
1020 744 134
1021 801 105
1021 339 114
1022 1021 79
1088 1198 144
1091 1303 130
1097 1013 100
1099 1002 119
1099 426 128
1106 1196 105
1106 1247 103
1109 417 115
1109 738 118
1109 691 115
1109 701 130
1110 921 113
1112 437 105
1112 703 113
1114 656 110
1114 606 128
1115 1209 113
1119 701 164
1126 521 100
1128 621 158
1128 825 115
1129 989 109
1131 745 99
1131 964 85
1132 451 120
1132 702 134
1134 1172 113
1134 489 134
1141 1236 124
1143 1274 99
1150 1164 89
1150 1206 130
1153 1288 114
1153 662 99
1156 1339 135
1159 354 95
1167 1156 120
1167 325 105
1167 895 119
1171 780 120
1171 1117 125
1172 847 145
1175 445 114
1183 1076 160
1191 432 124
1192 1183 120
1195 346 105
1198 931 90
1199 532 99
1199 1099 120
1199 1175 130
1199 751 134
1205 1149 130
1209 538 130
1212 571 110
1212 973 119
1220 1325 93
1221 993 144
1228 501 124
1231 571 129
1233 392 124
1234 493 75
1236 668 113
1237 468 150
1239 806 85
1242 1343 148
1243 1329 119
1243 1186 120
1243 1297 104
1247 1011 105
1247 364 99
1250 606 154
1255 1305 105
1258 1251 114
1259 368 114
1265 623 99
1269 998 144
1271 489 94
1272 985 130
1275 945 89
1276 1143 115
1277 767 144
1279 433 118
1283 726 99
1285 900 140
1286 1338 124
1289 638 119
1292 1333 130
1292 453 129
1295 1010 99
1296 594 114
1299 1329 93
1299 519 105
1300 586 110
1300 367 99
1304 913 135
1304 474 150
1305 364 99
1306 1342 154
1308 789 130
1309 1299 105
1309 939 138
1309 831 158
1310 1264 150
1310 458 144
1313 514 95
1313 651 105
1319 812 108
1319 831 113
1322 975 105
1324 1236 123
1325 553 125
1330 1208 119
1330 1152 115
1331 1258 114
1332 721 130
1334 913 83
1337 646 135
1338 1128 114
1338 369 105
1339 552 98
1339 1200 95
1339 706 134
1340 1329 148
1069 4 187
1069 38 163
1070 43 185
1071 31 208
323 612 90
324 1259 91
328 1115 86
330 1073 160
330 564 99
334 438 91
346 1064 93
375 608 115
397 325 95
398 388 86
404 455 136
419 1010 104
420 356 119
421 1036 95
421 1243 116
430 855 95
432 623 116
436 902 119
440 938 105
445 1146 91
445 854 134
446 1256 104
448 1203 126
448 1039 136
449 1033 135
452 384 121
455 1089 99
458 1010 105
466 1175 95
469 1038 119
470 750 115
472 1152 94
477 1153 101
489 576 91
490 900 116
492 697 114
494 1125 99
496 1250 95
496 1295 95
499 695 94
503 1301 86
506 1328 109
521 1007 111
524 1055 71
535 1307 131
549 634 99
555 863 84
556 709 91
559 1126 84
561 1082 113
561 1030 86
562 632 86
567 1071 140
572 1049 94
576 889 115
579 749 91
586 553 94
589 1040 125
593 474 86
597 681 114
599 838 106
603 1281 110
604 685 126
623 1082 133
634 768 119
640 1032 81
647 1337 105
657 1120 134
658 424 116
659 382 105
669 437 80
674 374 80
679 1337 91
691 1048 95
695 711 126
698 1306 119
703 1059 136
720 1144 114
726 1120 105
726 824 125
726 554 114
726 831 121
735 885 126
740 1087 118
740 969 91
751 1126 84
776 540 96
781 766 109
790 740 126
791 647 84
802 954 111
821 992 84
828 1070 96
862 563 99
869 1043 125
869 428 76
871 931 76
871 1307 124
872 477 105
873 876 100
873 1037 128
888 1037 121
915 663 105
917 519 101
919 493 151
923 1076 145
934 709 104
939 1037 94
942 697 105
949 985 110
956 509 120
957 489 110
958 1236 130
969 432 114
971 798 101
975 607 111
980 720 76
1001 1214 114
1022 1044 81
1023 859 119
1024 472 129
1024 690 95
1025 1170 114
1029 698 94
1030 999 111
1032 734 156
1034 710 139
1035 537 131
1036 825 96
1038 876 119
1040 850 104
1041 951 86
1041 1109 138
1042 942 130
1044 940 144
1045 1254 101
1046 611 109
1047 1226 86
1049 405 138
1050 375 79
1051 595 95
1059 832 109
1061 1304 85
1061 865 85
1074 762 111
1081 1292 134
1082 764 139
1083 402 106
1085 607 116
1086 430 113
1086 1021 111
1091 404 80
1098 1134 130
1107 998 115
1110 1202 90
1112 1049 101
1114 993 86
1122 455 144
1137 486 134
1140 980 90
1140 567 116
1150 779 100
1150 1051 108
1153 323 120
1157 533 111
1159 545 116
1159 826 116
1163 701 110
1163 1114 101
1167 425 110
1181 1289 105
1183 1185 121
1183 684 91
1183 671 134
1191 1065 86
1196 1255 101
1202 524 115
1204 864 106
1204 1244 100
1224 575 111
1245 502 91
1245 1245 99
1258 1142 115
1266 903 104
1275 847 106
1284 663 121
1288 496 106
1288 485 84
1289 1149 109
1290 419 115
1298 926 111
1302 1276 114
1327 566 119
1332 958 125
1334 566 115
1334 667 86
1337 1264 99
1340 884 126
1340 909 119
1341 790 111
323 17 108
323 43 118
326 56 128
326 49 83
326 19 109
327 28 113
331 40 83
331 53 108
331 27 89
333 53 142
334 59 99
335 1 122
338 56 94
340 31 158
340 23 104
343 4 113
343 45 113
346 27 103
347 21 87
348 26 98
350 13 79
351 30 84
352 32 99
352 59 107
354 8 128
356 48 113
358 31 104
362 57 118
365 43 118
366 9 112
369 55 109
371 3 114
371 22 109
371 7 87
374 2 94
374 5 108
374 62 104
379 38 138
379 22 122
384 26 94
384 35 69
384 42 123
392 36 87
397 6 79
408 24 104
409 4 112
412 40 119
412 52 128
412 24 97
415 43 133
415 4 109
416 24 94
416 45 109
420 57 122
421 4 94
423 13 113
424 63 124
425 58 127
428 31 94
429 25 128
429 61 89
430 16 87
430 6 97
431 48 114
431 11 134
432 30 132
435 12 99
436 2 127
440 8 97
440 31 117
442 34 89
442 46 104
443 29 104
451 13 117
452 41 103
452 47 119
453 15 119
457 55 123
459 63 79
460 11 117
466 53 134
470 2 132
471 58 87
479 14 114
484 3 124
485 11 123
486 1 102
492 2 118
492 37 112
498 16 109
500 42 107
500 11 109
501 10 144
502 46 93
503 38 129
509 27 77
509 38 128
510 49 124
514 43 79
515 30 113
517 9 109
517 46 87
517 7 124
519 33 87
519 15 122
523 60 114
525 17 138
530 58 94
531 27 79
532 62 113
533 10 84
533 13 88
535 32 124
538 2 102
538 35 134
538 61 107
543 1 144
545 52 113
548 0 107
548 6 108
549 29 88
549 2 114
553 10 77
555 60 99
556 59 77
558 8 69
560 47 144
560 4 117
561 25 87
563 2 114
564 6 69
565 19 123
566 10 114
566 47 97
566 7 94
567 30 122
570 33 98
574 5 99
574 21 79
575 4 77
575 40 154
575 9 113
575 47 144
575 59 112
576 31 89
579 58 87
580 48 94
584 57 113
584 27 94
586 53 123
587 21 114
588 0 117
591 24 94
592 24 138
592 17 89
594 48 107
597 53 99
599 29 132
600 3 122
600 63 139
602 42 113
602 43 79
603 0 89
603 35 102
606 4 114
606 61 97
607 28 114
607 37 122
609 32 107
609 30 94
611 29 89
611 14 107
612 61 94
613 52 123
616 21 124
616 13 112
618 35 112
618 7 138
619 36 94
619 48 133
619 53 99
619 56 69
619 59 109
621 26 158
621 13 129
622 49 112
622 63 84
623 5 97
624 61 124
626 3 117
626 36 124
627 14 103
628 21 144
629 17 97
630 0 124
632 56 132
632 37 138
634 61 69
635 48 89
635 23 153
636 33 77
636 50 124
638 29 89
639 51 123
642 29 84
646 19 92
648 18 134
648 21 97
649 35 89
649 36 142
649 21 97
653 13 98
654 30 84
656 38 89
656 46 87
656 23 128
657 0 89
658 4 89
659 26 89
659 30 142
664 16 89
665 12 132
665 28 94
665 30 133
668 53 112
671 26 103
674 50 109
675 55 87
676 0 139
678 57 113
679 61 104
681 40 108
681 45 144
685 17 98
686 56 124
686 22 133
688 40 89
688 11 112
688 52 124
691 49 107
691 15 79
694 33 107
694 8 109
695 23 77
697 53 99
702 17 138
704 19 79
706 31 122
706 28 89
707 55 122
710 52 124
711 35 88
714 0 99
714 10 97
714 30 134
716 24 122
716 3 89
717 57 123
723 18 103
726 28 83
728 57 104
729 32 92
729 26 134
730 54 132
731 49 79
731 63 87
734 54 99
738 24 97
738 61 99
740 49 122
742 55 107
743 48 104
743 17 99
743 28 107
746 55 77
747 11 104
748 34 87
751 24 114
753 11 99
753 23 113
756 51 89
759 49 122
760 33 114
760 45 107
760 55 104
766 44 122
767 15 104
768 5 113
769 49 89
771 26 132
772 45 87
773 25 124
773 34 119
773 36 87
775 59 109
776 25 113
779 47 124
780 60 122
781 8 89
782 45 102
783 5 69
784 34 87
785 26 99
785 54 108
786 40 94
787 11 132
789 49 89
791 51 133
792 15 124
793 32 103
793 54 99
796 13 117
798 7 94
800 42 102
800 19 129
801 52 112
802 57 89
802 37 88
805 13 104
810 52 138
812 58 144
820 48 133
820 1 109
821 40 132
821 19 84
821 56 107
825 3 109
830 57 122
831 48 142
832 57 89
834 10 142
840 11 89
842 37 114
843 23 87
844 5 97
852 42 119
853 37 94
858 19 123
859 12 89
863 11 102
865 12 79
872 34 77
872 51 117
873 50 94
882 32 132
884 37 124
888 43 134
888 11 87
889 28 89
889 20 138
890 32 132
890 23 128
890 56 124
892 37 149
895 40 129
895 25 128
895 43 148
898 41 69
901 6 104
902 36 132
904 58 94
906 2 128
906 44 99
907 48 127
907 27 99
907 11 122
908 43 124
909 11 103
909 59 114
912 8 107
913 26 109
913 5 113
917 0 144
918 13 132
921 8 99
921 6 112
924 14 94
926 6 107
930 8 124
930 23 112
931 21 79
931 30 148
933 12 99
935 16 97
937 6 99
937 21 122
940 41 154
940 14 133
941 48 89
942 32 113
946 54 119
949 27 117
950 49 84
950 27 117
952 9 94
953 58 132
954 53 114
955 50 138
955 62 79
957 57 138
961 63 124
962 29 117
972 56 114
976 33 87
976 61 109
980 26 113
986 41 109
991 35 97
992 33 104
993 55 112
996 8 109
999 26 88
999 44 99
1002 9 112
1002 44 89
1007 3 107
1007 61 79
1011 50 97
1012 7 99
1013 4 122
1014 28 79
1015 3 142
1015 53 89
1018 0 87
1021 8 144
1021 23 102
1021 26 89
1022 50 127
1022 54 114
1023 22 138
1088 42 104
1091 59 133
1092 52 109
1092 31 132
1094 15 114
1095 41 112
1096 2 104
1097 39 138
1097 4 124
1097 45 103
1099 2 104
1100 2 148
1100 42 129
1106 29 98
1107 0 124
1111 32 107
1111 33 79
1112 27 142
1113 53 139
1114 2 107
1119 13 99
1122 51 88
1123 10 124
1123 15 117
1125 55 134
1126 0 112
1128 34 89
1128 46 97
1131 54 94
1139 2 107
1140 53 109
1142 49 122
1143 4 79
1143 46 132
1144 48 94
1144 20 103
1144 30 104
1147 41 107
1149 45 134
1150 1 133
1150 6 134
1152 45 93
1153 37 129
1153 43 93
1161 21 79
1163 9 93
1164 37 89
1166 38 93
1168 33 99
1168 14 93
1169 26 104
1170 20 93
1171 6 104
1171 51 128
1171 25 104
1172 54 83
1175 52 69
1185 5 108
1186 44 119
1192 2 118
1194 48 99
1195 60 84
1196 8 134
1197 44 138
1197 55 84
1202 51 83
1203 27 104
1204 39 113
1204 18 124
1205 60 93
1205 21 99
1209 44 128
1209 55 119
1211 13 93
1212 24 89
1214 34 69
1214 55 99
1215 1 124
1218 43 129
1218 47 87
1220 41 109
1221 45 97
1226 2 114
1226 10 148
1233 55 99
1234 19 122
1234 46 79
1236 1 77
1239 6 84
1241 22 128
1242 61 109
1247 0 102
1248 9 129
1248 35 128
1252 62 79
1252 38 98
1255 25 109
1258 62 107
1264 49 89
1264 54 102
1265 31 104
1269 46 123
1271 56 119
1271 23 92
1275 6 114
1276 9 107
1276 54 89
1277 31 88
1277 11 94
1277 45 112
1281 23 124
1282 48 97
1284 17 134
1286 59 97
1286 34 99
1290 8 97
1292 27 129
1292 61 92
1294 37 119
1295 46 113
1296 23 129
1297 45 117
1298 34 94
1298 23 123
1300 53 134
1301 62 122
1302 30 114
1304 26 97
1306 0 104
1306 31 132
1307 8 124
1308 31 123
1310 39 89
1313 47 113
1316 3 134
1317 28 102
1317 6 94
1319 35 122
1322 56 104
1325 7 142
1326 35 84
1326 47 103
1333 13 114
1337 2 138
1337 61 89
1340 49 128
531 1031 112
640 1086 101
661 1081 112
669 1047 76
787 1069 92
860 1047 111
984 1071 102
1006 1036 116
1027 1020 122
1033 1104 125
1033 1098 107
1036 1001 119
1042 653 92
1049 1075 125
1050 953 107
1053 629 124
1059 668 117
1064 535 138
1065 1109 142
1065 1095 113
1068 506 102
1069 679 134
1071 753 107
1071 940 123
1071 749 97
1072 1207 114
1080 1259 112
1081 1119 109
1084 1228 87
1113 1024 105
1120 1036 97
328 13 78
338 43 80
343 41 78
345 57 95
350 5 119
352 11 120
352 52 93
366 13 85
367 25 108
368 34 85
370 9 113
372 5 105
373 38 88
375 22 115
383 62 128
387 30 80
388 18 123
392 52 100
402 46 93
403 42 110
407 24 108
424 15 105
425 9 78
431 22 130
431 38 93
435 1 120
439 16 118
441 59 80
442 11 118
453 7 100
467 35 88
474 10 95
515 20 118
515 23 105
519 60 103
524 20 70
534 31 128
537 24 100
543 49 88
544 11 85
547 3 113
551 61 90
552 7 78
556 60 130
561 40 128
565 17 100
570 57 118
574 53 115
575 51 93
583 8 100
583 54 93
589 15 85
600 19 138
604 41 105
607 32 93
609 11 95
611 48 108
612 45 100
624 17 128
629 16 115
638 3 118
646 57 90
656 33 123
664 58 85
667 10 78
669 7 120
676 11 103
680 41 85
681 15 88
684 35 100
701 59 78
704 26 105
706 39 113
714 49 120
715 4 103
745 20 90
751 0 93
761 52 80
765 23 128
772 57 85
786 27 103
791 58 105
792 30 128
812 40 85
824 59 88
827 29 95
828 3 88
837 26 130
837 50 103
840 0 80
843 2 93
846 32 95
855 15 118
860 28 95
864 10 113
865 24 90
871 47 98
871 57 100
871 62 113
872 11 130
873 46 108
880 4 90
898 33 123
902 26 120
903 26 118
905 59 100
911 10 108
912 41 100
912 38 113
924 52 85
940 58 78
946 49 100
953 49 128
965 50 80
969 6 78
971 33 100
971 7 108
975 12 70
978 27 78
983 46 90
985 31 103
999 38 100
1010 48 98
1012 19 105
1024 35 142
1025 32 100
1025 8 122
1029 1 140
1033 3 158
1033 39 125
1036 55 98
1037 11 110
1037 22 133
1040 29 90
1040 39 113
1041 15 110
1043 33 132
1044 10 105
1049 36 117
1050 50 115
1051 27 88
1051 53 90
1051 33 112
1052 42 95
1053 56 87
1058 3 110
1059 20 122
1059 23 105
1059 29 112
1060 12 105
1061 6 128
1062 43 65
1062 6 143
1073 26 115
1078 42 92
1078 26 115
1079 54 113
1080 22 130
1083 27 112
1084 12 85
1086 31 122
1086 46 85
1087 62 112
1091 17 80
1091 21 74
1091 60 100
1092 40 124
1092 16 95
1092 28 78
1094 61 120
1096 1 103
1096 39 135
1099 9 108
1104 37 110
1110 36 108
1113 27 110
1124 24 113
1124 9 85
1126 62 138
1128 54 120
1140 46 93
1141 56 80
1141 25 123
1143 13 105
1145 24 103
1152 40 110
1153 44 99
1153 23 85
1156 58 99
1159 28 100
1163 58 99
1164 61 95
1168 32 89
1168 60 90
1175 60 104
1176 60 100
1176 5 95
1176 46 120
1177 1 113
1177 18 110
1179 26 109
1179 53 130
1180 63 108
1182 34 90
1186 16 70
1189 41 95
1192 10 85
1195 30 110
1196 42 114
1196 21 70
1196 61 114
1197 0 90
1200 28 99
1204 55 100
1205 8 104
1206 23 85
1208 58 109
1211 4 95
1214 33 114
1218 44 70
1221 52 98
1221 34 85
1226 43 93
1228 7 120
1234 38 93
1236 4 100
1239 55 88
1245 45 70
1247 7 98
1254 57 115
1254 35 93
1259 49 100
1261 34 113
1264 21 105
1266 25 108
1271 25 85
1274 56 103
1275 46 95
1276 2 93
1278 27 115
1283 46 98
1301 26 95
1307 11 138
1314 49 95
1314 20 103
1316 49 85
1317 31 93
1319 32 70
1323 21 108
1324 25 70
1324 38 98
1325 48 110
1326 9 93
1334 33 90
1336 62 103
1337 57 70
562 1062 116
701 1059 108
1025 1078 95
1064 918 83
1065 749 104
1066 1038 73
1025 36 99
1025 16 81
1029 49 78
1030 14 91
1032 62 113
1034 5 86
1041 43 113
1046 2 86
1049 53 118
1058 35 91
1059 30 93
1064 18 91
1065 38 158
1066 40 116
1066 37 87
1068 56 121
1068 11 123
1068 21 126
1073 43 89
1074 18 91
1086 17 94
1177 54 96
1177 55 116
1179 12 91
1181 13 104
1182 3 101
1031 1060 93
1070 32 102
