321 821 152
323 1142 141
331 1217 195
335 366 162
338 884 156
339 1265 155
340 942 137
349 681 166
351 804 145
354 512 147
354 611 166
354 937 145
369 519 127
373 1009 141
375 1045 145
398 397 162
407 711 151
409 898 135
409 694 167
410 860 156
412 379 185
420 1236 127
425 515 141
429 973 170
439 842 127
455 768 156
455 349 170
458 642 147
469 1221 151
485 1039 185
486 1016 137
486 775 156
489 568 160
496 1243 142
498 936 131
501 988 150
502 520 137
506 1043 156
512 652 155
516 727 127
518 785 156
519 1109 145
520 651 172
524 1332 146
528 668 145
565 1041 137
567 1282 141
570 1338 165
574 1271 162
584 988 156
588 769 170
588 978 127
588 1309 191
591 377 135
597 985 162
606 1328 166
606 918 160
607 1082 127
621 419 131
621 630 175
639 351 167
642 1146 146
642 770 145
652 905 152
654 1226 141
656 1274 170
669 532 152
670 933 156
671 568 160
671 934 137
675 832 146
676 745 150
685 720 152
688 644 166
690 406 150
697 1131 152
702 436 156
707 672 160
712 451 162
712 366 131
713 1110 170
717 1014 142
745 555 161
751 1061 170
758 674 147
764 517 161
770 524 185
775 1018 142
780 1051 181
781 1143 180
785 971 137
787 374 151
794 1098 200
805 1322 187
805 1253 151
811 924 150
828 1093 142
832 702 131
843 1264 145
849 522 137
850 1049 141
856 745 185
856 702 162
858 1264 141
859 1253 160
871 323 127
873 1088 196
900 793 145
908 549 142
911 514 171
912 892 170
913 1008 137
917 760 131
921 616 160
923 1044 137
928 909 166
933 439 145
935 996 152
943 1131 156
945 690 175
947 961 152
972 1264 131
974 1290 165
989 890 142
989 1002 156
1001 1278 160
1005 1018 152
1010 500 131
1012 1040 155
1012 410 142
1013 1132 146
1016 833 185
1018 642 162
1020 694 141
1023 1289 170
1031 970 162
1035 482 156
1038 890 151
1040 544 137
1042 608 206
1048 486 156
1062 1216 162
1062 723 171
1083 1099 141
1088 599 142
1104 423 131
1113 547 135
1113 1113 177
1120 353 131
1124 971 150
1128 859 162
1134 380 176
1137 1097 145
1140 545 162
1141 697 166
1145 1256 160
1147 568 162
1149 387 191
1218 1048 145
1221 1226 152
1225 826 166
1237 1085 160
1256 374 127
1257 1018 131
1259 494 135
1259 919 152
1265 594 166
1277 919 135
1285 1339 152
1292 784 131
1302 1007 145
1309 1258 162
1319 543 141
1326 1072 150
1328 1007 152
1334 934 156
1334 712 135
1338 736 162
1339 429 161
1341 593 160
1342 869 137
448 1156 162
493 1157 131
638 1194 138
662 1181 147
761 1196 146
789 1161 133
833 1156 177
847 1169 141
885 1196 158
908 1153 127
972 1191 151
989 1168 133
1030 1175 187
1069 1113 131
1160 1016 158
1160 1018 127
1163 1010 145
1185 1079 163
1202 993 152
1204 519 160
1215 624 148
321 50 135
323 46 174
327 7 136
334 46 135
343 55 164
348 11 146
352 45 140
353 5 139
354 45 121
359 27 140
365 18 144
373 25 141
382 12 145
383 44 174
383 12 146
390 39 190
410 32 144
412 9 146
415 52 150
415 14 139
419 33 156
420 54 165
426 10 144
430 12 146
432 29 140
441 18 129
441 7 121
448 13 135
453 36 169
462 4 131
463 19 170
463 22 154
466 17 146
484 60 135
485 0 129
492 36 131
500 55 165
502 59 174
503 45 156
512 12 150
512 10 164
516 51 131
525 4 160
532 18 169
537 7 171
544 16 145
546 14 154
550 36 156
551 29 140
556 44 144
560 57 121
563 48 150
565 62 154
566 54 131
567 0 140
575 25 149
585 22 151
592 5 125
594 46 179
595 6 146
600 48 140
604 4 139
608 57 156
608 52 135
611 23 179
612 12 166
629 51 135
631 13 179
644 49 121
644 36 145
651 54 164
654 60 176
665 60 150
668 22 154
669 57 141
674 52 125
674 31 139
677 55 121
685 15 165
695 16 154
695 52 131
702 24 125
706 50 139
715 17 121
727 1 125
730 38 154
736 14 146
739 49 125
740 11 144
745 34 131
747 13 165
750 9 129
751 56 131
755 22 160
762 30 139
764 25 141
765 28 185
769 50 129
769 52 156
776 13 125
782 42 154
786 36 121
789 29 150
796 34 159
806 22 166
821 35 140
824 56 154
824 47 141
826 17 150
828 39 189
830 21 156
832 58 125
837 48 144
842 42 121
852 24 150
856 42 129
859 31 151
862 16 160
867 3 129
884 40 141
886 33 145
888 6 179
891 28 146
892 11 135
897 41 154
897 34 171
900 59 125
900 53 164
913 6 186
915 59 170
921 46 129
926 40 196
935 4 125
937 38 139
941 49 141
943 46 170
945 6 139
946 29 146
952 30 125
958 36 179
970 26 131
977 40 140
990 13 129
992 59 131
1002 58 165
1009 58 169
1021 21 186
1022 23 175
1023 15 129
1027 59 166
1029 59 135
1036 23 150
1040 41 166
1048 62 140
1051 41 125
1053 47 121
1076 42 160
1080 36 145
1080 14 181
1084 13 140
1092 59 155
1093 19 131
1095 30 175
1100 29 174
1104 36 161
1113 54 175
1115 19 149
1117 18 121
1117 54 125
1119 12 179
1125 48 141
1137 63 150
1139 29 149
1143 14 161
1144 38 155
1146 17 164
1147 3 171
1216 1 125
1226 35 179
1226 58 156
1228 0 125
1234 24 129
1242 58 131
1245 47 135
1263 24 154
1264 57 161
1266 47 155
1266 39 144
1269 42 161
1274 57 140
1275 8 139
1276 39 146
1276 56 145
1276 26 149
1278 20 151
1279 51 140
1283 27 154
1286 58 131
1288 34 125
1288 11 139
1290 61 146
1303 13 125
1306 46 144
1310 25 161
1313 35 160
1317 34 179
1324 32 121
429 1205 177
1007 1200 171
1182 767 134
1183 1076 192
1069 4 121
1069 38 167
1070 43 150
1071 31 160
1152 44 132
1163 6 171
1163 17 159
1167 59 167
1170 45 156
1171 46 144
1172 56 162
1190 28 161
1191 6 169
1207 54 117
1209 13 166
1212 17 149
323 612 90
324 338 105
324 1259 104
328 1115 90
330 564 90
331 508 114
333 978 85
334 438 90
335 867 99
335 881 85
346 1064 85
347 446 99
348 858 95
350 364 75
351 1324 109
353 789 85
356 1282 75
361 619 109
362 689 100
362 705 95
368 700 89
375 608 120
377 1119 75
378 952 94
380 523 85
382 978 100
384 375 89
387 467 95
394 510 95
397 325 109
398 388 105
403 1340 95
404 455 94
405 1126 110
406 640 95
406 656 124
408 904 85
410 583 95
410 712 79
410 567 110
410 607 85
412 683 89
415 554 110
419 1328 75
419 1010 84
420 356 90
421 1036 120
421 1243 104
421 543 130
429 619 105
430 855 104
432 623 90
436 902 100
438 518 99
440 938 80
445 1146 80
445 854 104
446 1256 90
448 1039 90
451 540 89
451 597 95
452 384 95
455 1089 104
457 537 85
458 1131 110
458 1010 94
460 648 85
463 723 85
465 408 114
465 368 95
468 667 75
469 906 124
469 1038 85
470 750 95
489 576 84
490 900 90
492 697 80
493 1264 89
494 1125 105
496 1250 90
496 1295 99
499 616 90
499 844 75
499 695 94
500 837 85
503 1301 100
506 1328 124
506 1226 100
513 353 85
513 1251 134
514 844 85
516 898 95
520 694 79
521 377 95
521 1007 80
524 1055 79
527 481 85
528 635 85
531 802 109
531 1031 80
533 508 100
535 1307 94
535 915 85
536 952 105
537 1303 89
538 824 95
544 731 95
545 419 99
549 634 95
549 690 85
550 869 99
551 689 95
554 1316 95
554 1150 99
555 843 115
555 863 105
556 709 84
556 565 75
558 659 95
559 384 114
559 1126 95
560 1309 85
561 1082 89
562 632 90
562 1062 80
566 1021 79
567 1071 95
572 1049 85
574 469 99
575 668 115
576 889 80
576 1238 109
579 749 90
584 981 75
586 553 84
587 549 95
593 474 90
597 681 84
599 838 105
603 1281 90
604 685 94
606 973 85
606 1011 130
607 406 114
608 1336 85
614 652 85
616 1241 79
616 791 110
618 993 110
619 556 109
623 1082 110
626 1276 95
629 1100 99
629 1332 90
630 564 95
630 636 79
634 768 95
635 429 85
638 1307 99
640 1032 100
640 1086 80
640 622 89
642 1306 85
644 421 100
646 972 99
647 1337 80
648 928 95
651 950 99
652 1022 115
657 1120 105
658 424 109
659 939 120
659 382 115
661 1081 94
667 615 75
669 437 95
669 1047 99
674 374 90
679 1337 80
691 520 99
691 1048 95
693 407 95
694 984 114
695 711 110
695 1016 95
698 1306 99
701 1059 105
702 635 85
703 1059 114
706 758 105
712 470 75
712 799 89
713 954 85
714 969 95
715 843 89
720 1144 95
720 476 85
721 736 114
721 856 75
723 1014 100
726 1120 94
726 824 100
726 554 80
726 831 94
731 1098 90
731 700 85
734 702 89
735 885 90
738 724 75
739 661 104
740 1087 85
740 969 130
742 694 104
747 1140 120
749 1123 90
750 832 114
751 1126 100
761 356 85
761 1113 89
765 600 95
765 676 95
766 419 109
769 549 90
771 425 90
771 674 124
774 345 95
775 560 85
775 530 89
776 540 105
779 1290 95
779 973 79
780 469 90
781 766 80
786 828 89
786 415 75
787 1069 95
790 740 94
791 647 90
794 697 85
798 1225 99
798 510 95
801 1338 85
802 954 104
803 1286 85
806 1306 90
810 607 79
820 756 120
821 992 80
821 382 79
826 659 120
828 1070 95
831 627 99
835 408 120
838 820 85
843 764 79
850 380 95
852 470 95
853 1228 89
853 390 95
860 1047 90
862 563 84
867 555 85
869 428 95
871 931 99
871 1307 120
872 473 85
872 956 89
872 477 80
873 876 90
873 1037 94
873 950 95
873 1309 85
874 824 99
878 455 120
880 540 85
880 351 89
881 1216 120
885 409 85
886 593 79
890 1226 95
895 628 85
900 871 134
903 1263 75
903 1023 95
907 747 124
915 663 95
917 519 105
919 1122 99
919 684 85
919 493 80
921 358 89
928 876 90
928 758 75
933 658 89
934 709 90
938 372 105
939 1037 99
942 697 95
943 588 95
943 1221 89
945 1109 110
949 985 90
956 509 84
957 489 95
958 1236 80
959 913 99
962 374 120
969 432 120
970 729 79
971 798 105
972 775 75
975 607 84
978 917 90
980 720 90
980 770 114
980 1245 85
984 1305 85
984 1071 84
990 892 105
996 565 100
1001 571 124
1001 1094 90
1006 1036 80
1011 552 79
1011 371 120
1012 328 85
1013 700 99
1014 702 85
1015 470 75
1015 621 109
1021 801 75
1021 339 85
1022 1044 99
1022 1021 95
1023 859 80
1024 690 120
1025 1078 95
1027 1020 100
1031 1060 95
1033 1104 105
1033 1098 105
1036 825 75
1036 1001 90
1041 1109 95
1042 653 105
1042 942 95
1044 940 105
1049 405 110
1050 953 110
1050 375 85
1051 595 85
1053 629 90
1059 832 140
1059 668 95
1061 1304 85
1061 865 95
1080 1259 115
1081 1292 85
1081 1119 105
1083 402 100
1084 1228 100
1085 607 95
1086 430 95
1086 1021 75
1091 404 90
1091 1303 95
1097 1013 75
1098 1134 80
1099 426 94
1106 1247 105
1107 998 100
1109 417 124
1109 738 95
1109 691 95
1109 701 114
1110 921 85
1112 1049 110
1112 437 124
1112 703 100
1113 1024 80
1114 656 104
1114 993 120
1114 606 95
1120 1036 84
1122 455 90
1126 521 85
1128 621 89
1129 989 95
1131 745 100
1131 964 109
1132 702 85
1134 489 75
1137 486 84
1140 980 105
1140 567 80
1141 1236 89
1143 1274 95
1150 779 80
1150 1051 104
1220 1325 130
1221 993 95
1224 575 109
1228 501 85
1233 392 95
1234 493 99
1236 668 85
1239 806 90
1242 1343 114
1245 502 95
1245 1245 105
1247 364 89
1255 1305 95
1258 1251 90
1258 1142 99
1259 368 85
1265 623 110
1266 903 94
1271 489 75
1275 945 105
1275 847 94
1277 767 85
1279 433 85
1283 726 124
1284 663 95
1286 1338 75
1288 496 84
1288 485 80
1289 1149 110
1290 419 119
1292 1333 105
1295 1010 85
1296 594 89
1298 926 80
1299 1329 140
1299 519 119
1300 367 85
1302 1276 100
1304 474 109
1305 364 95
1308 789 95
1309 1299 104
1309 939 120
1309 831 110
1313 514 109
1313 651 85
1319 812 85
1319 831 99
1322 975 105
1324 1236 95
1327 566 99
1332 958 95
1334 913 85
1334 566 94
1334 667 95
1337 1264 90
1338 369 99
1339 552 95
1339 706 110
1340 884 94
1340 909 80
1340 1329 95
1341 790 94
1176 45 157
1182 45 121
1183 33 145
1194 1 142
1196 26 151
1197 58 125
321 375 90
330 1073 105
331 375 100
348 1096 115
350 740 90
351 362 100
358 1153 106
364 440 100
366 821 129
371 1342 111
372 362 115
374 825 134
377 980 96
378 765 125
380 628 114
405 774 111
429 1166 116
429 531 104
434 691 100
448 1203 111
449 1033 104
457 1340 115
465 827 96
466 446 119
466 1175 111
469 518 90
472 1152 80
477 1153 86
479 1238 96
480 604 94
482 463 110
502 1018 96
514 520 104
521 622 140
523 694 121
527 888 104
528 1255 100
530 1199 126
536 335 100
555 1313 100
560 1295 105
561 1030 90
588 391 90
589 1040 90
594 1337 100
600 988 105
612 428 140
619 403 135
623 552 115
624 1326 100
644 1144 115
644 958 100
646 325 100
646 1247 105
651 684 90
652 928 100
652 471 90
664 977 90
672 452 90
675 576 125
688 854 90
688 889 90
695 724 105
700 1226 110
704 724 115
717 416 115
723 390 135
724 990 100
736 606 125
740 426 115
743 618 115
745 379 100
758 1226 125
761 688 90
762 448 96
770 780 100
781 556 104
781 670 140
792 1305 100
804 574 140
827 1197 95
836 614 111
869 1043 125
881 467 104
884 588 111
888 1306 105
888 1037 144
890 468 86
890 1290 115
891 694 104
902 538 101
917 953 130
923 1076 104
938 634 86
943 1091 100
951 782 94
954 680 96
957 1330 105
959 1134 104
965 1228 96
971 632 90
972 1005 144
973 1140 86
978 1327 115
979 742 114
979 695 86
990 746 104
1001 939 115
1001 1214 76
1008 354 100
1013 979 104
1018 938 121
1020 744 90
1024 472 140
1025 1170 81
1029 698 96
1030 999 125
1032 734 110
1034 710 136
1035 537 100
1038 876 115
1040 850 86
1041 951 90
1045 1254 100
1046 611 86
1047 1226 105
1049 1075 105
1064 918 80
1064 535 95
1065 749 76
1065 1095 85
1066 1038 90
1068 506 81
1071 753 120
1071 940 105
1071 749 81
1072 1207 106
1074 762 86
1082 764 110
1099 1002 140
1110 1202 76
1119 701 100
1128 825 115
1132 451 115
1134 1172 106
1150 1164 91
1153 323 84
1153 1288 81
1153 662 91
1156 1339 89
1157 533 76
1159 545 126
1159 354 94
1159 826 86
1163 701 86
1163 1114 84
1167 425 91
1167 895 106
1171 780 109
1175 445 71
1191 432 71
1202 524 104
1204 864 116
1204 1244 109
1205 1149 106
1209 538 106
1212 571 91
1212 973 89
1231 571 100
1237 468 96
1243 1329 109
1243 1186 101
1243 1297 90
1247 1011 90
1250 606 125
1269 998 119
1272 985 86
1276 1143 100
1285 900 150
1289 638 96
1292 453 125
1300 586 129
1304 913 110
1306 1342 115
1310 1264 90
1310 458 125
1325 553 90
1330 1152 126
1331 1258 104
1332 721 96
1337 646 125
1338 1128 111
323 43 79
326 56 93
326 49 83
328 13 89
331 40 83
331 53 79
331 27 79
333 53 79
334 59 103
335 1 89
338 56 69
338 43 78
340 23 69
343 41 89
345 57 89
346 27 104
347 21 103
350 13 79
350 5 99
352 32 73
352 59 83
352 11 109
352 52 104
358 31 73
362 57 79
366 9 89
366 13 103
367 25 99
368 34 99
370 9 88
371 3 94
371 22 89
371 7 103
372 5 89
373 38 84
374 2 73
374 62 89
375 22 89
379 22 83
383 62 84
384 35 69
387 30 93
388 18 74
392 52 99
392 36 93
397 6 79
402 46 84
403 42 89
407 24 78
408 24 94
409 4 83
412 40 124
412 24 104
415 4 73
416 45 104
420 57 93
421 4 79
424 63 89
424 15 74
425 9 78
425 58 89
428 31 79
429 61 98
430 16 94
430 6 84
431 48 73
431 11 89
431 22 74
431 38 78
432 30 124
435 1 84
435 12 103
436 2 89
439 16 74
440 8 73
440 31 79
441 59 74
442 34 73
442 11 74
451 13 89
453 7 88
459 63 89
460 11 134
467 35 78
470 2 79
471 58 89
474 10 88
479 14 99
486 1 79
492 2 93
492 37 104
498 16 89
500 42 89
501 10 114
502 46 73
509 27 83
514 43 89
515 20 99
515 23 78
517 46 79
519 33 69
519 60 84
519 15 79
523 60 83
524 20 78
525 17 114
530 58 83
531 27 79
533 10 89
534 31 89
537 24 93
538 2 69
538 61 84
543 1 93
543 49 109
544 11 89
547 3 84
548 0 79
549 29 83
549 2 83
551 61 74
552 7 89
553 10 73
556 59 69
556 60 74
558 8 73
560 47 79
560 4 94
561 40 103
561 25 79
563 2 128
564 6 89
565 17 94
566 10 93
566 47 79
567 30 84
570 57 74
570 33 93
574 5 79
574 21 79
574 53 84
575 4 69
575 51 78
575 59 73
576 31 94
579 58 79
580 48 93
583 8 74
583 54 84
588 0 103
589 15 99
592 17 89
594 48 98
597 53 109
599 29 89
600 3 138
600 19 99
602 43 89
603 0 83
603 35 89
604 41 84
606 4 128
606 61 104
607 32 93
607 28 69
607 37 79
609 32 79
609 11 88
609 30 79
611 48 84
611 29 79
611 14 98
612 45 114
612 61 83
616 13 104
618 35 114
619 56 79
619 59 89
622 49 73
623 5 98
624 17 74
624 61 79
626 3 83
629 16 89
629 17 114
630 0 99
632 56 99
634 61 83
635 48 84
636 33 79
636 50 113
638 3 103
638 29 73
646 57 99
646 19 79
648 18 99
648 21 108
649 35 99
649 36 89
649 21 89
656 33 88
656 38 89
656 46 118
657 0 79
658 4 79
659 26 79
659 30 83
664 16 89
664 58 89
665 12 83
667 10 104
668 53 69
669 7 74
671 26 89
675 55 103
676 11 98
678 57 99
680 41 88
681 40 89
681 15 88
684 35 89
686 56 79
688 40 79
688 11 89
688 52 93
691 49 79
691 15 79
694 33 138
695 23 79
697 53 94
701 59 114
704 26 88
704 19 79
706 31 73
706 28 69
706 39 89
707 55 94
710 52 79
714 0 89
714 49 78
714 10 98
714 30 79
715 4 78
716 24 79
716 3 99
726 28 73
728 57 89
729 32 69
730 54 83
731 49 89
731 63 69
734 54 93
738 24 89
738 61 99
740 49 114
742 55 99
743 48 108
743 17 79
743 28 79
745 20 88
746 55 79
748 34 94
751 0 128
751 24 98
753 11 114
756 51 114
759 49 93
760 33 69
760 45 104
760 55 69
761 52 94
765 23 88
766 44 108
769 49 103
771 26 89
772 57 109
772 45 69
773 25 79
773 36 89
779 47 69
780 60 83
781 8 93
782 45 79
783 5 79
784 34 79
785 26 79
786 40 93
786 27 98
787 11 124
789 49 93
791 58 89
792 30 74
792 15 89
793 54 79
796 13 104
798 7 83
800 42 98
801 52 93
802 57 84
805 13 69
812 40 74
820 1 93
821 40 114
821 56 114
824 59 99
827 29 88
828 3 94
830 57 93
831 48 114
832 57 89
834 10 79
837 26 78
837 50 74
840 0 89
840 11 89
842 37 83
843 2 74
843 23 69
844 5 114
846 32 88
853 37 69
855 15 84
859 12 108
860 28 94
863 11 94
864 10 93
865 24 84
865 12 108
871 47 104
871 57 88
871 62 74
872 34 98
872 11 99
872 51 79
873 46 109
880 4 89
882 32 69
888 43 93
888 11 93
889 28 104
890 32 104
898 33 108
898 41 79
901 6 99
902 26 84
902 36 124
903 26 88
904 58 83
905 59 84
906 44 89
907 48 128
907 27 99
907 11 99
908 43 69
909 59 89
911 10 88
912 8 88
912 41 88
912 38 84
913 26 104
917 0 79
918 13 69
921 6 84
924 52 74
924 14 83
926 6 83
930 8 89
930 23 69
931 21 83
933 12 89
935 16 79
937 6 69
937 21 99
940 58 103
941 48 94
946 49 93
949 27 114
950 49 104
950 27 89
952 9 83
953 49 84
953 58 108
954 53 69
955 62 103
962 29 104
965 50 74
969 6 93
971 33 84
971 7 84
972 56 89
975 12 84
976 33 88
978 27 84
983 46 99
985 31 78
991 35 83
992 33 104
993 55 79
999 44 79
999 38 99
1002 9 73
1002 44 89
1007 3 79
1007 61 98
1010 48 88
1011 50 79
1012 19 89
1012 7 89
1013 4 114
1014 28 99
1015 3 83
1015 53 89
1018 0 88
1021 23 88
1021 26 84
1022 50 83
1022 54 69
1024 35 114
1025 32 79
1025 36 89
1025 8 89
1025 16 84
1029 49 84
1030 14 89
1032 62 84
1034 5 89
1037 11 84
1040 29 79
1041 43 89
1041 15 89
1043 33 89
1044 10 79
1046 2 99
1049 36 79
1049 53 74
1051 53 69
1051 33 69
1052 42 84
1053 56 69
1058 35 84
1058 3 79
1059 20 69
1059 29 94
1059 30 89
1062 43 89
1073 43 114
1074 18 89
1078 42 79
1083 27 94
1084 12 89
1086 17 89
1086 31 69
1086 46 69
1087 62 69
1088 42 83
1091 17 84
1091 21 84
1091 60 84
1092 40 78
1092 16 84
1092 28 99
1092 31 89
1094 61 109
1094 15 83
1095 41 118
1096 1 74
1096 39 78
1097 4 79
1099 9 94
1104 37 74
1107 0 114
1110 36 108
1111 32 114
1111 33 69
1112 27 83
1113 27 74
1114 2 104
1119 13 124
1123 10 83
1123 15 83
1124 24 74
1124 9 78
1125 55 104
1126 0 79
1126 62 74
1128 34 114
1128 46 103
1128 54 84
1131 54 98
1139 2 69
1140 53 114
1140 46 93
1141 56 89
1141 25 74
1142 49 104
1143 4 118
1143 13 78
1143 46 89
1144 48 79
1145 24 78
1147 41 89
1218 44 109
1218 47 79
1221 52 84
1221 34 93
1221 45 89
1226 2 79
1226 43 78
1228 7 74
1233 55 99
1234 19 108
1234 46 83
1234 38 84
1236 1 104
1236 4 99
1239 55 74
1242 61 103
1245 45 74
1247 0 69
1247 7 103
1248 9 98
1252 62 69
1254 57 84
1254 35 104
1258 62 79
1259 49 103
1261 34 99
1264 49 93
1264 21 74
1264 54 79
1265 31 69
1266 25 78
1271 25 88
1271 23 69
1274 56 93
1275 46 94
1275 6 89
1276 2 88
1276 9 99
1276 54 69
1277 11 89
1277 45 79
1278 27 74
1282 48 83
1283 46 103
1284 17 104
1286 59 99
1286 34 104
1290 8 69
1292 27 98
1292 61 98
1297 45 114
1298 34 69
1301 26 103
1301 62 79
1302 30 69
1304 26 84
1306 0 94
1306 31 113
1307 8 114
1307 11 84
1310 39 118
1314 49 74
1314 20 113
1316 49 88
1317 28 84
1317 6 79
1317 31 99
1319 32 99
1319 35 79
1323 21 84
1324 25 113
1324 38 74
1325 48 89
1325 7 108
1326 9 88
1333 13 94
1334 33 78
1336 62 89
1337 57 84
1337 61 89
325 1198 107
330 1172 86
358 1212 82
367 1197 92
372 1211 91
398 1157 100
408 1152 131
428 1199 111
621 1179 90
686 1212 77
762 1181 92
931 1194 92
1065 1109 106
1069 679 100
1088 1198 82
1106 1196 96
1115 1209 77
1150 1206 81
1167 1156 77
1167 325 94
1171 1117 104
1172 847 92
1181 1289 91
1183 684 87
1183 671 102
1191 1065 96
1195 346 67
1196 1255 119
1198 931 82
1199 532 89
1199 1099 87
1199 751 86
1330 1208 100
1339 1200 87
323 17 94
326 19 109
327 28 105
340 31 109
343 4 88
343 45 88
348 26 100
351 30 80
354 8 88
356 48 84
365 43 98
369 55 95
374 5 124
379 38 109
384 26 80
384 42 138
412 52 84
415 43 115
416 24 98
423 13 109
429 25 98
442 46 80
443 29 109
452 41 80
452 47 124
453 15 113
457 55 95
466 53 109
484 3 88
485 11 80
500 11 98
503 38 123
509 38 80
510 49 134
515 30 88
517 9 105
517 7 84
532 62 99
533 13 104
535 32 134
538 35 109
545 52 95
548 6 84
555 60 98
565 19 80
566 7 84
575 40 108
575 9 148
575 47 105
584 57 94
584 27 113
586 53 95
587 21 99
591 24 98
592 24 90
600 63 103
602 42 80
613 52 99
616 21 84
618 7 80
619 36 88
619 48 123
619 53 94
621 26 80
621 13 99
622 63 100
626 36 138
627 14 90
628 21 80
632 37 84
635 23 94
639 51 98
642 29 119
653 13 98
654 30 115
656 23 84
665 28 113
665 30 90
674 50 123
676 0 119
679 61 133
681 45 84
685 17 80
686 22 119
694 8 134
702 17 103
711 35 80
717 57 109
723 18 109
729 26 115
747 11 103
753 23 88
767 15 90
768 5 99
773 34 119
775 59 100
776 25 113
785 54 80
791 51 95
793 32 84
800 19 94
802 37 88
810 52 98
812 58 104
820 48 98
821 19 80
825 3 84
852 42 120
858 19 119
873 50 88
884 37 95
889 20 133
890 23 109
890 56 84
892 37 90
895 40 80
895 25 103
895 43 94
906 2 115
909 11 84
913 5 99
921 8 88
931 30 125
940 41 103
940 14 90
942 32 100
946 54 94
955 50 88
957 57 94
961 63 88
976 61 109
980 26 105
986 41 88
996 8 128
999 26 84
1021 8 84
1023 22 128
1029 1 84
1033 3 99
1033 39 90
1036 55 80
1037 22 109
1040 39 94
1050 50 84
1051 27 99
1059 23 119
1060 12 94
1061 6 95
1062 6 94
1064 18 94
1066 40 99
1066 37 104
1070 32 80
1073 26 100
1078 26 80
1079 54 115
1080 22 84
1091 59 90
1092 52 94
1096 2 113
1097 39 80
1097 45 94
1099 2 119
1100 2 108
1100 42 109
1106 29 99
1113 53 125
1122 51 128
1144 20 84
1144 30 104
1149 45 105
1150 1 84
1150 6 88
1152 40 95
1152 45 73
1153 37 118
1153 43 75
1153 44 80
1153 23 88
1156 58 105
1159 28 85
1161 21 95
1163 9 80
1163 58 88
1164 61 90
1164 37 75
1166 38 93
1168 32 80
1168 33 110
1168 60 80
1168 14 83
1170 20 85
1171 6 90
1171 51 118
1172 54 100
1175 60 95
1175 52 83
1185 5 85
1186 16 80
1189 41 78
1200 28 80
1202 51 103
1203 27 103
1204 39 75
1204 55 95
1205 8 70
1205 60 85
1205 21 100
1206 23 88
1208 58 80
1209 44 75
1211 4 103
1211 13 65
1212 24 75
1214 33 110
1214 34 98
1214 55 80
1218 43 113
1220 41 95
1226 10 84
1239 6 128
1241 22 115
1248 35 88
1252 38 80
1255 25 105
1269 46 109
1271 56 128
1277 31 94
1281 23 109
1294 37 98
1295 46 103
1296 23 134
1298 23 84
1300 53 115
1308 31 133
1313 47 108
1316 3 84
1322 56 95
1326 35 88
1326 47 115
1337 2 104
1340 49 109
835 1164 78
1192 1183 83
1065 38 90
1068 56 101
1068 11 101
1068 21 86
1169 26 95
1171 25 125
1176 60 71
1176 46 71
1177 1 110
1177 18 71
1177 54 98
1177 55 70
1179 12 81
1179 53 110
1180 63 65
1181 13 88
1182 3 93
1186 44 105
1192 10 66
1192 2 83
1194 48 85
1195 30 103
1196 42 81
1196 21 85
1196 61 78
1197 0 91
1197 44 95
1204 18 91
1209 55 96
1215 1 80
1183 1185 90
1199 1175 99
1176 5 88
1179 26 72
1182 34 82
1195 60 123
1196 8 91
1197 55 82
