321 821 135
323 1142 135
331 1217 149
338 884 143
339 1265 143
340 942 135
349 681 135
351 804 139
354 512 143
354 611 143
354 937 135
369 519 135
373 1009 139
375 1045 143
398 397 143
407 711 135
409 898 135
409 694 139
410 860 143
420 1236 143
425 515 135
429 973 135
429 1205 139
439 842 143
448 1156 143
455 768 135
458 642 145
469 1221 139
485 1039 153
486 1016 143
486 775 135
489 568 135
493 1157 139
496 1243 143
498 936 153
501 988 135
502 520 145
506 1043 139
512 652 143
516 727 143
518 785 135
519 1109 135
520 651 139
524 1332 143
528 668 143
565 1041 135
567 1282 145
570 1338 139
574 1271 153
642 1146 143
642 770 135
652 905 145
654 1226 139
656 1274 153
662 1181 153
669 532 135
670 933 135
671 568 139
671 934 143
675 832 143
676 745 145
685 720 145
688 644 139
690 406 143
697 1131 143
702 436 135
707 672 135
712 451 149
713 1110 153
717 1014 143
745 555 145
751 1061 135
758 674 139
761 1196 143
764 517 143
770 524 145
775 1018 135
780 1051 139
781 1143 143
785 971 143
789 1161 135
794 1098 135
805 1322 139
805 1253 153
811 924 143
828 1093 145
832 702 135
833 1156 139
843 1264 153
847 1169 143
849 522 135
850 1049 135
856 745 139
856 702 143
858 1264 143
859 1253 135
873 1088 135
885 1196 139
900 793 143
908 1153 143
908 549 145
911 514 135
912 892 139
913 1008 153
917 760 143
921 616 135
923 1044 135
928 909 139
933 439 143
935 996 143
943 1131 135
945 690 135
947 961 139
972 1264 143
972 1191 143
974 1290 135
989 1168 135
989 890 139
989 1002 153
1001 1278 143
1005 1018 135
1007 1200 145
1010 500 139
1012 1040 143
1012 410 143
1013 1132 135
1016 833 135
1018 642 149
1020 694 143
1023 1289 143
1030 1175 135
1031 970 135
1035 482 135
1038 890 143
1040 544 143
1042 608 135
1048 486 145
1062 1216 145
1062 723 143
1083 1099 143
1088 599 145
1104 423 135
1113 547 139
1113 1113 143
1124 971 143
1128 859 145
1137 1097 145
1140 545 139
1141 697 153
1145 1256 153
1147 568 145
1149 387 135
1160 1016 135
1160 1018 139
1163 1010 143
1185 1079 135
1202 993 135
1204 519 135
1215 624 149
1218 1048 143
1221 1226 135
1225 826 135
1237 1085 149
1257 1018 143
1259 494 143
1259 919 135
1265 594 135
1277 919 149
1285 1339 143
1292 784 153
1302 1007 135
1309 1258 135
1319 543 139
1326 1072 143
1328 1007 153
1334 934 135
1334 712 135
1338 736 139
1339 429 143
1341 593 153
1342 869 135
335 366 131
412 379 145
455 349 139
584 988 143
588 769 131
588 978 131
588 1309 139
597 985 143
621 419 143
621 630 131
638 1194 131
712 366 135
787 374 149
1069 1113 143
1120 353 131
1134 380 131
1182 767 131
1183 1076 149
1256 374 139
321 50 139
323 46 129
327 7 133
334 46 137
343 55 137
348 11 129
352 45 139
353 5 133
354 45 137
359 27 147
365 18 129
373 25 139
382 12 143
383 44 137
383 12 137
390 39 129
410 32 129
412 9 133
415 52 137
415 14 137
419 33 139
420 54 129
426 10 133
430 12 137
432 29 137
441 18 129
441 7 139
448 13 143
453 36 137
462 4 137
463 19 139
463 22 129
466 17 133
484 60 137
485 0 137
492 36 129
500 55 129
502 59 143
503 45 137
512 12 147
512 10 129
516 51 129
525 4 133
532 18 137
537 7 137
544 16 129
546 14 129
550 36 133
551 29 147
556 44 147
560 57 139
563 48 129
565 62 133
566 54 137
567 0 137
575 25 129
644 49 129
644 36 143
651 54 147
654 60 137
665 60 139
668 22 139
669 57 133
674 52 137
674 31 147
677 55 129
685 15 129
695 16 133
695 52 147
702 24 137
706 50 129
715 17 129
727 1 143
730 38 137
736 14 137
739 49 129
740 11 129
745 34 133
747 13 137
750 9 137
751 56 139
755 22 129
762 30 133
764 25 137
765 28 137
769 50 129
769 52 129
776 13 133
782 42 147
786 36 137
789 29 129
796 34 129
806 22 143
821 35 137
824 56 137
824 47 129
826 17 129
828 39 133
830 21 137
832 58 137
837 48 129
842 42 129
852 24 133
856 42 137
859 31 137
862 16 129
867 3 129
884 40 133
886 33 137
888 6 137
891 28 129
892 11 129
897 41 133
897 34 137
900 59 137
900 53 129
913 6 129
915 59 143
921 46 147
926 40 137
935 4 139
937 38 129
941 49 143
943 46 137
945 6 137
946 29 129
952 30 139
958 36 133
970 26 137
977 40 137
990 13 139
992 59 129
1002 58 133
1009 58 137
1021 21 137
1022 23 129
1023 15 129
1027 59 139
1029 59 137
1036 23 137
1040 41 129
1048 62 139
1051 41 129
1053 47 147
1076 42 147
1080 36 129
1080 14 139
1084 13 129
1092 59 137
1093 19 137
1095 30 129
1100 29 139
1104 36 133
1113 54 137
1115 19 147
1117 18 129
1117 54 129
1119 12 133
1125 48 137
1137 63 137
1139 29 139
1143 14 129
1144 38 143
1146 17 147
1147 3 147
1152 44 129
1163 6 139
1163 17 139
1167 59 133
1170 45 137
1171 46 129
1172 56 139
1190 28 129
1191 6 133
1207 54 147
1209 13 129
1212 17 129
1216 1 129
1226 35 143
1226 58 137
1228 0 139
1234 24 129
1242 58 133
1245 47 137
1263 24 147
1264 57 129
1266 47 129
1266 39 133
1269 42 137
1274 57 137
1275 8 129
1276 39 129
1276 56 143
1276 26 137
1278 20 137
1279 51 129
1283 27 129
1286 58 133
1288 34 147
1288 11 137
1290 61 129
1303 13 139
1306 46 133
1310 25 137
1313 35 137
1317 34 129
1324 32 129
591 377 135
606 1328 143
606 918 143
607 1082 127
639 351 127
871 323 135
585 22 137
592 5 137
594 46 125
595 6 125
608 57 133
608 52 137
611 23 147
612 12 125
629 51 135
631 13 133
1069 4 147
1069 38 137
1070 43 135
1071 31 129
1176 45 125
1182 45 143
1183 33 133
1194 1 135
1196 26 129
1197 58 129
600 48 125
604 4 137
331 508 89
333 978 99
335 867 79
335 881 79
346 1064 83
347 446 79
348 858 79
351 1324 103
353 789 79
356 1282 79
358 1153 89
358 1212 79
361 619 83
362 689 83
362 705 93
368 700 79
372 1211 89
377 1119 79
378 952 79
380 523 83
382 978 79
387 467 89
394 510 93
403 1340 103
405 1126 93
406 640 99
406 656 89
408 904 103
410 583 93
410 712 79
410 567 89
410 607 99
412 683 93
415 554 93
419 1328 79
421 1036 89
421 543 89
429 619 93
429 1166 103
438 518 93
448 1039 89
451 540 89
451 597 93
457 537 93
458 1131 93
460 648 79
463 723 89
465 408 93
468 667 93
469 906 103
469 1038 89
493 1264 89
499 616 79
499 844 79
500 837 83
506 1226 79
513 1251 89
514 844 83
516 898 79
520 694 79
524 1055 79
527 481 89
528 635 83
530 1199 93
531 802 93
533 508 79
535 915 79
536 952 93
537 1303 79
538 824 79
544 731 89
545 419 89
549 690 93
550 869 103
551 689 93
554 1316 99
554 1150 79
555 843 93
556 565 83
558 659 93
559 384 79
560 1309 79
561 1082 79
566 1021 79
567 1071 93
572 1049 79
574 469 89
575 668 93
640 1032 79
640 622 79
642 1306 99
644 421 79
646 972 93
648 928 93
651 950 103
652 1022 89
659 939 89
667 615 83
686 1212 83
691 520 93
691 1048 79
693 407 79
694 984 103
695 1016 89
702 635 93
703 1059 99
706 758 89
712 470 79
712 799 93
713 954 83
714 969 89
715 843 99
720 476 89
721 736 93
721 856 79
723 1014 89
731 1098 79
731 700 93
734 702 93
738 724 83
739 661 79
740 1087 79
742 694 79
747 1140 93
749 1123 89
750 832 79
761 1113 89
765 600 79
765 676 79
766 419 83
769 549 79
771 425 79
771 674 93
775 560 93
775 530 89
779 1290 79
779 973 89
780 469 79
786 828 93
786 415 93
794 697 89
798 1225 89
798 510 93
801 1338 79
803 1286 79
806 1306 79
810 607 89
820 756 93
826 659 93
827 1197 89
828 1070 79
831 627 79
835 408 93
838 820 79
843 764 83
852 470 89
853 1228 89
853 390 93
867 555 79
872 473 79
872 956 79
873 1037 89
873 950 93
873 1309 93
874 824 93
878 455 89
880 540 89
881 1216 93
885 409 83
886 593 79
890 1226 89
895 628 89
900 871 93
903 1263 79
903 1023 93
907 747 99
919 1122 89
919 684 83
928 876 83
928 758 83
933 658 89
939 1037 79
943 588 93
943 1221 79
945 1109 93
959 913 89
970 729 79
972 775 79
978 917 79
980 770 93
980 1245 79
984 1305 89
990 892 93
996 565 79
1001 571 93
1001 1094 79
1011 552 79
1013 700 93
1014 702 93
1015 470 79
1015 621 89
1021 801 89
1022 1044 93
1022 1021 89
1024 690 103
1025 1170 99
1036 825 89
1041 1109 89
1042 942 93
1044 940 103
1049 405 89
1051 595 99
1059 832 89
1061 1304 89
1061 865 93
1081 1292 89
1083 402 79
1085 607 89
1086 430 93
1086 1021 79
1091 1303 89
1097 1013 79
1099 426 83
1106 1247 93
1109 417 93
1109 738 89
1109 691 99
1109 701 103
1110 921 93
1112 1049 93
1112 437 99
1112 703 79
1114 656 79
1114 606 93
1115 1209 79
1126 521 79
1128 621 99
1129 989 103
1131 745 79
1131 964 89
1132 702 89
1134 1172 89
1134 489 93
1141 1236 83
1143 1274 79
1150 1164 89
1150 1206 89
1150 1051 79
1153 662 89
1167 1156 103
1167 895 89
1171 780 99
1205 1149 99
1209 538 89
1212 571 103
1212 973 99
1220 1325 89
1221 993 89
1228 501 83
1233 392 83
1234 493 79
1236 668 79
1239 806 79
1242 1343 93
1243 1186 93
1255 1305 99
1258 1251 79
1265 623 79
1271 489 83
1275 945 93
1277 767 89
1279 433 79
1283 726 93
1286 1338 79
1292 1333 79
1295 1010 79
1296 594 79
1299 1329 93
1299 519 93
1304 474 93
1308 789 89
1309 1299 79
1309 939 93
1309 831 93
1313 514 93
1313 651 79
1319 812 79
1319 831 93
1322 975 93
1324 1236 93
1330 1152 89
1334 913 79
1339 552 79
1339 1200 89
1339 706 93
1340 1329 99
321 375 90
324 1259 84
325 1198 94
328 1115 84
330 1073 90
330 1172 100
330 564 84
331 375 104
334 438 98
348 1096 90
350 364 75
350 740 90
351 362 94
364 440 94
366 821 90
367 1197 90
371 1342 94
372 362 94
374 825 104
377 980 90
378 765 90
384 375 75
398 388 84
398 1157 94
404 455 90
405 774 90
408 1152 94
419 1010 94
420 356 88
421 1243 80
428 1199 90
429 531 104
430 855 84
434 691 94
436 902 80
440 938 84
445 1146 98
445 854 84
446 1256 84
448 1203 80
449 1033 90
452 384 88
455 1089 88
457 1340 94
458 1010 80
465 368 85
465 827 94
466 446 94
466 1175 84
469 518 90
470 750 80
479 1238 94
482 463 94
490 900 98
492 697 84
494 1125 80
496 1250 94
496 1295 84
499 695 88
502 1018 90
503 1301 84
506 1328 84
513 353 75
514 520 94
521 377 95
521 1007 90
523 694 94
527 888 94
528 1255 94
531 1031 80
535 1307 84
536 335 94
555 1313 94
555 863 84
556 709 80
559 1126 80
560 1295 104
561 1030 94
562 1062 88
576 1238 95
584 981 79
587 549 95
608 1336 93
614 652 79
616 1241 85
616 791 85
618 993 89
619 556 93
623 1082 93
626 1276 85
629 1100 95
629 1332 83
630 564 93
630 636 79
635 429 85
638 1307 85
640 1086 84
644 1144 94
644 958 94
646 325 90
646 1247 90
647 1337 84
651 684 94
652 928 94
652 471 90
657 1120 80
658 424 88
659 382 84
661 1081 94
664 977 90
669 437 80
669 1047 88
672 452 94
674 374 88
679 1337 80
688 854 100
688 889 104
695 711 84
695 724 94
698 1306 80
700 1226 100
701 1059 88
704 724 104
717 416 94
720 1144 94
723 390 100
724 990 94
726 1120 84
726 824 94
726 554 80
726 831 84
735 885 88
740 426 94
740 969 84
745 379 90
751 1126 80
758 1226 94
761 688 104
761 356 85
762 448 90
762 1181 90
770 780 104
774 345 99
776 540 94
781 556 90
781 670 90
781 766 88
787 1069 84
790 740 84
791 647 80
792 1305 90
802 954 88
804 574 94
821 992 88
821 382 75
835 1164 90
850 380 89
860 1047 84
862 563 84
869 1043 100
869 428 94
871 931 98
871 1307 94
872 477 84
873 876 80
880 351 85
881 467 94
888 1306 104
888 1037 104
890 468 90
890 1290 90
891 694 94
902 538 94
915 663 88
917 953 90
917 519 84
919 493 84
921 358 75
923 1076 94
931 1194 90
934 709 90
938 372 75
942 697 94
943 1091 94
949 985 80
951 782 90
954 680 104
956 509 84
957 489 84
957 1330 90
958 1236 84
959 1134 94
962 374 99
965 1228 104
969 432 94
971 798 80
972 1005 94
973 1140 104
978 1327 104
979 742 90
979 695 90
980 720 84
984 1071 84
990 746 94
1001 939 90
1001 1214 80
1006 1036 98
1008 354 94
1011 371 89
1013 979 100
1018 938 100
1020 744 104
1023 859 84
1024 472 104
1025 1078 80
1027 1020 80
1029 698 90
1030 999 94
1031 1060 88
1032 734 90
1033 1104 84
1033 1098 80
1034 710 104
1035 537 94
1036 1001 80
1038 876 100
1040 850 90
1041 951 94
1042 653 94
1045 1254 90
1047 1226 90
1049 1075 100
1050 953 88
1050 375 75
1059 668 80
1064 535 89
1065 1095 79
1066 1038 79
1068 506 79
1071 753 85
1071 940 89
1071 749 89
1072 1207 84
1074 762 94
1080 1259 80
1081 1119 80
1082 764 90
1084 1228 84
1088 1198 104
1091 404 94
1098 1134 84
1099 1002 94
1106 1196 94
1107 998 94
1110 1202 80
1113 1024 90
1114 993 88
1119 701 94
1120 1036 88
1122 455 80
1128 825 90
1132 451 104
1137 486 84
1140 980 84
1140 567 84
1150 779 94
1153 323 80
1153 1288 85
1156 1339 83
1157 533 80
1159 545 94
1159 826 80
1163 701 80
1163 1114 84
1167 425 84
1167 325 90
1171 1117 90
1172 847 90
1175 445 83
1183 671 85
1191 432 85
1191 1065 90
1192 1183 89
1199 1099 93
1202 524 80
1204 864 90
1204 1244 80
1224 575 84
1231 571 94
1237 468 90
1243 1329 100
1243 1297 94
1245 502 84
1245 1245 84
1247 1011 90
1247 364 85
1258 1142 88
1259 368 75
1266 903 84
1269 998 90
1272 985 90
1275 847 94
1276 1143 104
1284 663 84
1285 900 90
1288 496 94
1288 485 88
1289 1149 94
1290 419 94
1292 453 90
1298 926 90
1300 367 75
1302 1276 88
1304 913 94
1305 364 85
1306 1342 90
1310 1264 94
1310 458 104
1325 553 94
1327 566 80
1330 1208 100
1331 1258 94
1332 721 104
1332 958 94
1334 566 80
1334 667 94
1337 1264 88
1337 646 104
1338 1128 94
1338 369 95
1340 884 80
1340 909 84
1341 790 84
323 43 83
326 56 83
326 49 73
331 40 73
331 53 73
331 27 77
333 53 83
334 59 83
335 1 87
338 56 73
340 23 77
346 27 83
347 21 83
350 13 87
352 32 83
352 59 87
358 31 83
362 57 83
366 9 73
371 3 87
371 22 87
371 7 83
374 2 73
374 62 73
379 22 97
384 35 73
392 36 93
397 6 73
408 24 77
409 4 97
412 40 97
412 24 83
415 4 83
416 45 73
420 57 97
421 4 83
424 63 93
425 58 83
428 31 77
429 61 83
430 16 73
430 6 73
431 48 73
431 11 87
432 30 87
435 12 87
436 2 83
440 8 73
440 31 73
442 34 73
451 13 87
459 63 83
460 11 83
470 2 87
471 58 87
479 14 87
486 1 73
492 2 73
492 37 73
498 16 87
500 42 87
501 10 83
502 46 73
509 27 83
514 43 77
517 46 87
519 33 73
519 15 73
523 60 73
525 17 87
530 58 73
531 27 73
533 10 73
538 2 83
538 61 73
543 1 87
548 0 73
549 29 73
549 2 87
553 10 77
556 59 83
558 8 73
560 47 93
560 4 73
561 25 77
563 2 97
564 6 73
566 10 83
566 47 97
567 30 73
570 33 73
574 5 83
574 21 83
575 4 77
575 59 83
646 19 73
648 18 83
648 21 83
649 35 97
649 36 87
649 21 87
656 38 93
656 46 93
657 0 77
658 4 77
659 26 87
659 30 83
664 16 93
665 12 87
668 53 73
671 26 87
675 55 93
678 57 93
681 40 87
686 56 87
688 40 73
688 11 93
688 52 93
691 49 77
691 15 87
694 33 87
695 23 83
697 53 73
704 19 87
706 31 73
706 28 83
707 55 73
710 52 83
714 0 87
714 10 77
714 30 87
716 24 73
716 3 83
726 28 83
728 57 87
729 32 83
730 54 93
731 49 83
731 63 77
734 54 87
738 24 87
738 61 93
740 49 83
742 55 87
743 48 77
743 17 73
743 28 73
746 55 73
748 34 73
751 24 77
753 11 87
756 51 83
759 49 83
760 33 83
760 45 87
760 55 73
766 44 83
769 49 83
771 26 87
772 45 87
773 25 87
773 36 83
779 47 73
780 60 73
781 8 87
782 45 73
783 5 73
784 34 83
785 26 87
786 40 87
787 11 87
789 49 83
792 15 83
793 54 87
796 13 87
798 7 73
800 42 83
801 52 73
802 57 83
805 13 87
820 1 87
821 40 83
821 56 73
830 57 87
831 48 87
832 57 73
834 10 83
840 11 83
842 37 87
843 23 73
844 5 87
853 37 73
859 12 83
863 11 73
865 12 73
872 34 77
872 51 83
882 32 83
888 43 87
888 11 83
889 28 83
890 32 83
898 41 73
901 6 87
902 36 87
904 58 77
906 44 83
907 48 83
907 27 87
907 11 87
908 43 87
909 59 73
912 8 83
913 26 87
917 0 97
918 13 83
921 6 73
924 14 73
926 6 93
930 8 87
930 23 73
931 21 73
933 12 83
935 16 73
937 6 77
937 21 87
941 48 73
949 27 83
950 49 83
950 27 87
952 9 83
953 58 83
954 53 73
955 62 87
962 29 87
972 56 87
976 33 73
991 35 83
992 33 77
993 55 87
999 44 97
1002 9 83
1002 44 73
1007 3 83
1007 61 83
1011 50 77
1012 7 73
1013 4 93
1014 28 87
1015 3 97
1015 53 73
1018 0 73
1021 23 83
1021 26 73
1022 50 87
1022 54 73
1024 35 83
1025 32 73
1025 8 83
1037 11 73
1040 29 77
1041 15 83
1043 33 83
1044 10 93
1049 36 87
1051 53 77
1051 33 73
1052 42 73
1053 56 73
1058 3 87
1059 20 73
1059 29 73
1062 43 73
1078 42 73
1083 27 83
1084 12 87
1086 31 83
1086 46 73
1087 62 83
1088 42 83
1092 31 87
1094 15 73
1095 41 83
1097 4 97
1107 0 97
1111 32 97
1111 33 73
1112 27 83
1114 2 93
1119 13 97
1123 10 97
1123 15 83
1125 55 83
1126 0 73
1128 34 87
1128 46 87
1131 54 73
1139 2 83
1140 53 97
1142 49 73
1143 4 87
1143 46 73
1144 48 83
1147 41 73
1153 37 83
1164 37 97
1166 38 93
1168 33 83
1170 20 83
1171 51 83
1185 5 87
1203 27 83
1204 39 93
1205 60 83
1205 21 83
1209 44 87
1218 47 83
1221 45 83
1226 2 73
1233 55 83
1234 19 97
1234 46 83
1236 1 83
1242 61 87
1247 0 83
1248 9 73
1252 62 73
1258 62 83
1264 49 77
1264 54 73
1265 31 73
1271 23 73
1275 6 73
1276 9 87
1276 54 77
1277 11 83
1277 45 93
1282 48 93
1284 17 87
1286 59 73
1286 34 87
1290 8 73
1292 27 73
1292 61 87
1297 45 87
1298 34 83
1301 62 83
1302 30 73
1304 26 73
1306 0 77
1306 31 97
1307 8 83
1310 39 83
1317 28 77
1317 6 73
1319 35 97
1325 7 83
1333 13 73
1337 61 87
323 612 80
324 338 85
375 608 76
380 628 86
397 325 71
432 623 90
472 1152 80
477 1153 76
480 604 86
489 576 80
576 889 84
579 749 84
586 553 86
588 391 86
589 1040 104
593 474 94
594 1337 94
597 681 80
599 838 80
606 973 93
606 1011 93
607 406 93
612 428 86
619 403 86
621 1179 94
623 552 94
624 1326 94
634 768 86
675 576 96
736 606 100
884 588 100
938 634 90
971 632 96
975 607 76
1012 328 71
1021 339 85
1064 918 84
1065 1109 86
1065 749 84
1069 679 100
1159 354 81
1181 1289 75
1183 1185 96
1183 684 79
1196 1255 80
1198 931 79
1199 532 93
1199 1175 96
1199 751 75
1250 606 86
1289 638 86
1300 586 90
323 17 84
326 19 84
327 28 88
328 13 78
338 43 88
340 31 94
343 41 78
343 4 88
343 45 88
345 57 88
348 26 84
350 5 74
351 30 88
352 11 78
352 52 92
354 8 84
356 48 84
365 43 88
366 13 82
367 25 78
368 34 74
369 55 84
370 9 78
372 5 82
373 38 92
374 5 84
375 22 84
379 38 88
383 62 88
384 26 98
384 42 84
387 30 84
388 18 82
392 52 82
402 46 88
403 42 84
407 24 84
412 52 88
415 43 88
416 24 88
423 13 84
424 15 92
425 9 78
429 25 88
431 22 78
431 38 84
435 1 74
439 16 82
441 59 82
442 11 78
442 46 84
443 29 84
452 41 88
452 47 88
453 7 78
453 15 84
457 55 84
466 53 88
467 35 78
474 10 82
484 3 84
485 11 94
500 11 88
503 38 88
509 38 88
510 49 84
515 20 78
515 30 88
515 23 88
517 9 98
517 7 84
519 60 74
524 20 78
532 62 88
533 13 88
534 31 88
535 32 84
537 24 82
538 35 88
543 49 78
544 11 84
545 52 84
547 3 78
548 6 98
551 61 92
552 7 78
555 60 84
556 60 78
561 40 88
565 19 88
565 17 74
566 7 84
570 57 82
574 53 82
575 40 88
575 9 84
575 47 84
575 51 78
576 31 83
579 58 87
580 48 69
588 0 79
592 17 87
594 48 73
597 53 87
599 29 79
609 32 89
609 30 77
611 29 73
611 14 83
612 61 69
616 13 79
618 35 77
619 56 77
619 59 87
622 49 79
623 5 79
624 61 87
626 3 97
629 17 87
630 0 79
632 56 79
634 61 73
635 48 73
636 33 77
636 50 79
638 29 69
642 29 88
646 57 78
653 13 98
654 30 84
656 33 74
656 23 88
664 58 82
665 28 98
665 30 84
667 10 78
669 7 88
674 50 98
676 0 98
676 11 84
679 61 84
680 41 78
681 45 88
681 15 82
684 35 88
685 17 84
686 22 88
694 8 98
701 59 78
702 17 94
704 26 74
706 39 78
711 35 88
714 49 82
715 4 78
717 57 94
723 18 88
729 26 88
745 20 78
747 11 94
751 0 74
753 23 98
761 52 78
765 23 92
767 15 84
768 5 84
772 57 82
773 34 88
775 59 88
776 25 84
785 54 94
786 27 78
791 58 78
791 51 98
792 30 74
793 32 84
800 19 88
802 37 88
810 52 84
812 40 78
812 58 88
820 48 88
821 19 88
824 59 82
825 3 84
827 29 84
828 3 88
837 26 78
837 50 82
840 0 78
843 2 78
846 32 74
852 42 88
855 15 78
858 19 84
860 28 88
864 10 92
865 24 88
871 47 78
871 57 74
871 62 78
872 11 82
873 46 78
873 50 88
880 4 74
884 37 94
889 20 88
890 23 88
890 56 98
892 37 84
895 40 84
895 25 88
895 43 98
898 33 78
902 26 78
903 26 78
905 59 78
906 2 88
909 11 88
911 10 74
912 41 74
912 38 82
913 5 88
921 8 98
924 52 88
931 30 84
940 41 88
940 58 78
940 14 98
942 32 94
946 49 74
946 54 98
953 49 78
955 50 98
957 57 84
961 63 84
965 50 92
969 6 92
971 33 78
971 7 74
975 12 74
976 61 98
978 27 82
980 26 88
983 46 78
985 31 74
986 41 88
996 8 88
999 26 88
999 38 74
1010 48 78
1012 19 78
1021 8 88
1023 22 88
1025 36 78
1025 16 74
1029 1 84
1029 49 78
1030 14 78
1032 62 88
1033 3 84
1033 39 98
1034 5 78
1036 55 98
1037 22 84
1040 39 84
1041 43 74
1046 2 78
1049 53 78
1050 50 84
1051 27 94
1058 35 78
1059 23 88
1059 30 82
1060 12 84
1061 6 94
1062 6 84
1064 18 73
1066 40 97
1066 37 79
1073 26 94
1073 43 74
1074 18 78
1078 26 88
1079 54 84
1080 22 84
1086 17 74
1091 17 82
1091 21 78
1091 59 84
1091 60 84
1092 40 78
1092 16 82
1092 52 88
1092 28 78
1094 61 74
1096 1 78
1096 2 88
1096 39 78
1097 39 84
1097 45 84
1099 9 82
1099 2 98
1100 2 88
1100 42 84
1104 37 78
1106 29 88
1110 36 78
1113 53 88
1113 27 74
1122 51 84
1124 24 88
1124 9 82
1126 62 82
1128 54 84
1140 46 74
1141 56 78
1141 25 82
1143 13 82
1144 20 88
1144 30 84
1145 24 74
1149 45 98
1150 1 98
1150 6 84
1152 40 74
1152 45 69
1153 43 73
1153 44 82
1153 23 74
1156 58 84
1159 28 84
1161 21 77
1163 9 77
1163 58 74
1164 61 74
1168 32 74
1168 60 78
1168 14 87
1169 26 84
1171 6 69
1171 25 84
1172 54 73
1175 60 78
1175 52 69
1176 60 83
1177 1 83
1179 53 83
1186 16 78
1186 44 94
1189 41 74
1192 2 83
1194 48 83
1197 44 87
1200 28 74
1202 51 79
1204 18 84
1204 55 74
1205 8 82
1206 23 74
1208 58 74
1209 55 84
1211 4 74
1211 13 77
1212 24 79
1214 33 74
1214 34 73
1214 55 77
1215 1 84
1218 43 84
1218 44 78
1220 41 84
1221 52 82
1221 34 88
1226 10 84
1226 43 74
1228 7 88
1234 38 82
1236 4 82
1239 6 84
1239 55 74
1241 22 98
1245 45 78
1247 7 78
1248 35 84
1252 38 84
1254 57 82
1254 35 82
1255 25 98
1259 49 74
1261 34 74
1264 21 88
1266 25 82
1269 46 84
1271 56 84
1271 25 82
1274 56 78
1275 46 78
1276 2 88
1277 31 94
1278 27 78
1281 23 88
1283 46 92
1294 37 98
1295 46 84
1296 23 94
1298 23 88
1300 53 88
1301 26 74
1307 11 74
1308 31 88
1313 47 88
1314 49 78
1314 20 92
1316 49 78
1316 3 98
1317 31 74
1319 32 78
1322 56 98
1323 21 74
1324 25 78
1324 38 82
1325 48 78
1326 9 78
1326 35 84
1326 47 84
1334 33 88
1336 62 74
1337 57 92
1337 2 94
1340 49 88
521 622 86
549 634 76
562 632 86
600 988 82
603 1281 88
604 685 98
743 618 82
836 614 90
1046 611 82
1053 629 84
1195 346 71
583 8 70
583 54 70
584 57 88
584 27 80
586 53 88
587 21 88
589 15 78
591 24 80
592 24 80
600 3 87
602 43 87
603 0 73
603 35 75
606 4 75
606 61 87
607 28 73
607 37 65
609 11 70
611 48 78
612 45 78
613 52 88
616 21 88
618 7 90
619 36 90
619 48 98
619 53 88
621 26 88
621 13 80
622 63 80
624 17 78
626 36 88
627 14 88
628 21 80
629 16 74
632 37 88
635 23 88
638 3 92
639 51 80
1065 38 80
1068 56 94
1068 11 88
1068 21 80
1070 32 78
1176 5 90
1176 46 69
1177 18 79
1177 54 84
1177 55 74
1179 26 90
1179 12 74
1180 63 73
1181 13 78
1182 34 90
1182 3 74
1192 10 88
1195 60 84
1195 30 82
1196 8 80
1196 42 84
1196 21 74
1196 61 78
1197 0 78
1197 55 80
600 19 70
600 63 76
602 42 88
604 41 78
607 32 66
