321 821 123
323 1142 131
331 1217 135
335 366 139
338 884 123
339 1265 141
340 942 135
349 681 149
351 804 123
354 512 131
354 611 141
354 937 149
369 519 133
373 1009 131
375 1045 160
398 397 149
407 711 123
409 898 131
409 694 145
410 860 139
412 379 123
420 1236 131
425 515 145
429 973 139
439 842 123
455 768 141
455 349 135
458 642 139
469 1221 123
485 1039 131
486 1016 145
486 775 149
489 568 123
496 1243 141
498 936 135
501 988 139
502 520 133
506 1043 131
512 652 135
516 727 139
518 785 133
519 1109 141
520 651 145
524 1332 149
528 668 123
565 1041 131
567 1282 135
570 1338 139
574 1271 133
584 988 127
588 769 135
588 978 139
588 1309 123
591 377 141
597 985 145
621 419 139
621 630 133
639 351 131
642 1146 145
642 770 139
652 905 133
654 1226 131
656 1274 145
669 532 139
670 933 123
671 568 131
671 934 135
675 832 139
676 745 123
685 720 141
688 644 145
690 406 149
697 1131 123
702 436 141
707 672 145
712 451 139
712 366 133
713 1110 141
717 1014 135
745 555 139
751 1061 133
758 674 131
764 517 135
770 524 149
775 1018 133
780 1051 131
781 1143 145
785 971 139
787 374 123
794 1098 131
805 1322 145
805 1253 149
811 924 133
828 1093 131
832 702 135
843 1264 139
849 522 123
850 1049 131
856 745 145
856 702 139
858 1264 123
859 1253 131
871 323 145
873 1088 139
900 793 123
908 549 131
911 514 145
912 892 149
913 1008 123
917 760 131
921 616 131
923 1044 139
928 909 123
933 439 141
935 996 145
943 1131 139
945 690 123
947 961 131
972 1264 145
974 1290 139
989 890 143
989 1002 131
1001 1278 135
1005 1018 139
1010 500 123
1012 1040 131
1012 410 145
1013 1132 154
1016 833 133
1018 642 131
1020 694 150
1023 1289 139
1031 970 133
1035 482 141
1038 890 135
1040 544 145
1042 608 133
1048 486 131
1062 1216 145
1062 723 135
1083 1099 123
1088 599 127
1104 423 145
1113 547 135
1113 1113 133
1120 353 131
1124 971 145
1128 859 149
1134 380 133
1137 1097 141
1140 545 135
1141 697 139
1145 1256 123
1147 568 131
1149 387 145
1218 1048 139
1221 1226 123
1225 826 141
1237 1085 135
1256 374 139
1257 1018 123
1259 494 141
1259 919 145
1265 594 135
1277 919 133
1285 1339 141
1292 784 135
1302 1007 139
1309 1258 123
1319 543 141
1326 1072 145
1328 1007 139
1334 934 123
1334 712 131
1338 736 135
1339 429 139
1341 593 133
1342 869 131
429 1205 135
448 1156 139
493 1157 129
606 1328 133
606 918 135
607 1082 139
638 1194 119
662 1181 131
761 1196 135
789 1161 139
833 1156 119
847 1169 141
885 1196 135
908 1153 139
972 1191 129
989 1168 131
1007 1200 150
1030 1175 135
1069 1113 119
1160 1016 127
1160 1018 141
1163 1010 135
1185 1079 119
1202 993 127
1204 519 135
1215 624 145
321 50 127
323 46 125
327 7 129
334 46 143
343 55 117
348 11 135
352 45 139
353 5 133
354 45 117
359 27 135
365 18 139
373 25 143
382 12 117
383 44 135
383 12 139
390 39 143
410 32 117
412 9 125
415 52 129
415 14 133
419 33 117
420 54 125
426 10 154
430 12 133
432 29 117
441 18 125
441 7 129
448 13 143
453 36 117
462 4 125
463 19 129
463 22 133
466 17 117
484 60 125
485 0 139
492 36 133
500 55 117
502 59 135
503 45 129
512 12 143
512 10 117
516 51 125
525 4 129
532 18 143
537 7 127
544 16 125
546 14 139
550 36 158
551 29 127
556 44 125
560 57 129
563 48 143
565 62 127
566 54 135
567 0 139
575 25 143
585 22 117
592 5 125
594 46 139
595 6 143
608 57 117
608 52 135
611 23 129
612 12 143
629 51 117
631 13 125
644 49 139
644 36 143
651 54 127
654 60 125
665 60 139
668 22 143
669 57 117
674 52 125
674 31 139
677 55 148
685 15 127
695 16 135
695 52 129
702 24 133
706 50 117
715 17 125
727 1 129
730 38 143
736 14 127
739 49 135
740 11 139
745 34 143
747 13 127
750 9 135
751 56 129
755 22 133
762 30 127
764 25 125
765 28 129
769 50 133
769 52 117
776 13 135
782 42 129
786 36 133
789 29 117
796 34 135
806 22 139
821 35 133
824 56 127
824 47 135
826 17 139
828 39 133
830 21 117
832 58 135
837 48 129
842 42 143
852 24 117
856 42 135
859 31 129
862 16 143
867 3 127
884 40 135
886 33 139
888 6 143
891 28 127
892 11 135
897 41 139
897 34 133
900 59 117
900 53 125
913 6 129
915 59 143
921 46 117
926 40 135
935 4 129
937 38 133
941 49 117
943 46 125
945 6 139
946 29 133
952 30 127
958 36 125
970 26 129
977 40 133
990 13 117
992 59 125
1002 58 129
1009 58 133
1021 21 117
1022 23 125
1023 15 139
1027 59 129
1029 59 117
1036 23 135
1040 41 129
1048 62 129
1051 41 117
1053 47 125
1076 42 129
1080 36 129
1080 14 127
1084 13 125
1092 59 144
1093 19 129
1095 30 127
1100 29 135
1104 36 139
1113 54 143
1115 19 117
1117 18 135
1117 54 129
1119 12 143
1125 48 127
1137 63 125
1139 29 129
1143 14 143
1144 38 142
1146 17 125
1147 3 129
1216 1 133
1226 35 127
1226 58 135
1228 0 139
1234 24 133
1242 58 117
1245 47 135
1263 24 129
1264 57 133
1266 47 127
1266 39 135
1269 42 129
1274 57 143
1275 8 127
1276 39 135
1276 56 129
1276 26 143
1278 20 127
1279 51 125
1283 27 144
1286 58 143
1288 34 117
1288 11 140
1290 61 139
1303 13 143
1306 46 117
1310 25 135
1313 35 129
1317 34 133
1324 32 117
1182 767 137
1183 1076 135
600 48 133
604 4 113
1069 4 131
1069 38 129
1070 43 129
1071 31 123
1152 44 121
1163 6 125
1163 17 129
1167 59 113
1170 45 131
1171 46 129
1172 56 133
1190 28 113
1191 6 131
1207 54 129
1209 13 143
1212 17 113
321 375 90
323 612 86
324 338 93
324 1259 80
328 1115 90
330 1073 104
330 564 90
331 375 90
331 508 99
333 978 99
334 438 90
335 867 81
335 881 79
346 1064 83
347 446 83
348 1096 96
348 858 71
350 364 83
350 740 100
351 362 100
351 1324 99
353 789 83
356 1282 75
358 1153 89
361 619 85
362 689 108
362 705 91
364 440 96
366 821 90
368 700 85
371 1342 104
372 362 90
374 825 86
375 608 76
377 980 94
377 1119 89
378 952 79
378 765 94
380 523 75
380 628 86
382 978 79
384 375 93
387 467 91
394 510 85
397 325 79
398 388 80
403 1340 93
404 455 80
405 1126 81
405 774 90
406 640 89
406 656 99
408 904 81
410 712 79
410 567 99
412 683 99
415 554 99
419 1328 93
419 1010 80
420 356 80
421 1036 81
421 1243 80
421 543 89
429 1166 89
429 531 90
430 855 94
432 623 90
434 691 90
436 902 90
438 518 99
440 938 84
445 1146 80
445 854 91
446 1256 94
448 1039 85
449 1033 86
451 540 89
452 384 84
455 1089 105
457 537 81
457 1340 100
458 1131 99
458 1010 90
460 648 71
463 723 89
465 408 91
465 368 93
465 827 96
466 446 100
468 667 89
469 906 91
469 518 100
469 1038 99
470 750 80
479 1238 100
480 604 100
482 463 90
489 576 101
490 900 94
492 697 95
493 1264 99
494 1125 99
496 1250 90
496 1295 80
499 616 71
499 844 83
499 695 94
500 837 89
502 1018 90
503 1301 84
506 1328 80
506 1226 79
513 353 81
513 1251 81
514 520 94
514 844 79
516 898 79
520 694 85
521 377 103
521 622 90
521 1007 76
523 694 100
524 1055 93
527 888 90
527 481 89
528 635 75
528 1255 94
530 1199 91
531 802 89
531 1031 86
533 508 93
535 1307 90
535 915 81
536 952 103
536 335 94
537 1303 89
538 824 79
544 731 81
545 419 89
549 634 90
549 690 99
550 869 103
551 689 81
554 1316 85
554 1150 79
555 1313 90
555 843 103
555 863 86
556 709 90
556 565 85
558 659 91
559 384 79
559 1126 80
560 1309 83
560 1295 90
561 1082 71
561 1030 100
562 632 80
562 1062 84
566 1021 89
567 1071 99
572 1049 83
574 469 81
575 668 95
576 889 86
579 749 90
584 981 83
586 553 90
588 391 100
589 1040 86
593 474 90
594 1337 86
597 681 80
599 838 80
612 428 94
614 652 89
616 1241 81
616 791 79
618 993 93
619 403 100
623 552 90
624 1326 96
629 1332 93
630 636 71
634 768 76
640 1032 93
640 1086 94
640 622 75
642 1306 89
644 1144 104
644 421 85
644 958 96
646 972 81
646 325 90
646 1247 94
647 1337 86
648 928 99
651 684 100
651 950 103
652 928 90
652 1022 85
652 471 90
657 1120 84
658 424 86
659 939 99
659 382 94
661 1081 94
664 977 90
667 615 85
669 437 80
669 1047 94
672 452 90
674 374 80
675 576 90
679 1337 84
688 854 100
688 889 90
691 520 93
691 1048 85
693 407 79
694 984 81
695 711 86
695 724 100
695 1016 79
698 1306 80
700 1226 94
701 1059 80
703 1059 85
704 724 96
706 758 81
712 470 83
712 799 89
713 954 71
714 969 93
715 843 81
717 416 100
720 1144 80
720 476 83
721 736 99
721 856 79
723 390 96
723 1014 83
724 990 90
726 1120 76
726 824 90
726 554 84
726 831 84
731 1098 89
731 700 85
734 702 103
735 885 90
736 606 100
738 724 79
739 661 83
740 426 90
740 1087 81
740 969 86
742 694 83
743 618 104
745 379 100
747 1140 99
749 1123 83
750 832 85
751 1126 76
758 1226 96
761 688 100
761 356 83
761 1113 89
762 448 90
765 600 79
765 676 85
766 419 79
769 549 89
770 780 100
771 425 93
771 674 95
774 345 99
775 560 93
775 530 93
776 540 76
779 1290 86
779 973 83
780 469 83
781 556 90
781 670 90
781 766 86
786 828 103
786 415 71
787 1069 80
790 740 84
791 647 84
792 1305 86
794 697 79
798 1225 81
798 510 93
801 1338 71
802 954 76
803 1286 83
804 574 94
806 1306 89
810 607 75
820 756 99
821 992 84
821 382 89
826 659 91
828 1070 79
831 627 75
835 408 89
836 614 86
838 820 83
843 764 83
850 380 85
852 470 81
853 1228 99
853 390 103
860 1047 90
862 563 80
867 555 85
869 1043 104
869 428 76
871 931 80
871 1307 84
872 473 83
872 956 79
872 477 90
873 876 94
873 1037 83
873 950 91
873 1309 85
874 824 99
878 455 93
880 540 81
880 351 95
881 1216 99
881 467 94
884 588 90
885 409 89
886 593 71
888 1306 94
888 1037 96
890 1226 99
890 468 100
890 1290 94
891 694 90
900 871 99
902 538 90
903 1263 93
903 1023 85
907 747 89
915 663 80
917 953 104
917 519 80
919 1122 81
919 684 89
919 493 84
921 358 71
923 1076 90
928 876 83
928 758 83
933 658 99
934 709 80
938 634 94
938 372 75
939 1037 79
942 697 76
943 1091 90
943 1221 83
945 1109 99
949 985 90
951 782 104
954 680 90
956 509 76
957 489 90
957 1330 90
958 1236 94
959 913 81
959 1134 100
962 374 93
965 1228 94
969 432 76
970 729 89
971 632 90
971 798 84
972 775 79
972 1005 90
973 1140 94
975 607 80
978 917 71
978 1327 96
979 742 90
979 695 104
980 720 90
980 770 79
980 1245 83
984 1305 93
984 1071 80
990 746 90
990 892 91
996 565 75
1001 939 90
1001 571 89
1001 1094 93
1006 1036 90
1008 354 86
1011 552 71
1011 371 91
1012 328 93
1013 979 90
1013 700 89
1014 702 89
1015 470 83
1018 938 90
1020 744 96
1021 801 79
1021 339 93
1022 1044 95
1022 1021 94
1023 859 84
1024 472 90
1024 690 99
1025 1170 89
1025 1078 86
1027 1020 80
1029 698 86
1030 999 90
1031 1060 90
1032 734 96
1033 1104 90
1033 1098 86
1034 710 90
1035 537 94
1036 825 71
1036 1001 101
1038 876 90
1040 850 90
1041 951 86
1041 1109 89
1042 653 80
1042 942 81
1044 940 99
1045 1254 100
1046 611 90
1047 1226 100
1049 1075 100
1049 405 85
1050 953 76
1050 375 83
1053 629 80
1059 832 89
1059 668 80
1061 1304 93
1061 865 91
1064 535 81
1071 753 89
1071 940 89
1071 749 81
1074 762 90
1080 1259 76
1081 1292 89
1081 1119 90
1082 764 86
1083 402 79
1084 1228 90
1086 430 91
1086 1021 81
1091 404 80
1091 1303 89
1097 1013 89
1098 1134 90
1099 1002 100
1099 426 93
1106 1247 85
1107 998 80
1109 417 91
1109 738 83
1109 691 89
1109 701 85
1110 921 93
1112 1049 91
1112 437 89
1112 703 81
1113 1024 80
1114 656 83
1114 993 90
1119 701 96
1120 1036 80
1122 455 84
1126 521 79
1128 825 90
1129 989 81
1131 745 85
1131 964 79
1132 451 96
1132 702 93
1134 489 93
1137 486 90
1140 980 90
1140 567 80
1141 1236 75
1143 1274 89
1150 779 90
1150 1164 93
1150 1206 91
1150 1051 71
1153 662 95
1167 895 103
1171 780 103
1205 1149 91
1209 538 91
1212 571 95
1212 973 93
1220 1325 81
1221 993 95
1224 575 76
1228 501 93
1231 571 90
1233 392 89
1234 493 85
1236 668 83
1237 468 100
1239 806 89
1242 1343 81
1243 1329 90
1243 1186 91
1243 1297 100
1245 502 94
1245 1245 80
1247 1011 96
1247 364 79
1250 606 90
1255 1305 103
1258 1251 79
1258 1142 80
1259 368 85
1265 623 104
1266 903 76
1269 998 90
1271 489 83
1272 985 100
1275 945 99
1275 847 86
1276 1143 104
1277 767 89
1279 433 89
1283 726 81
1284 663 80
1285 900 104
1286 1338 89
1288 496 76
1288 485 94
1289 1149 84
1289 638 90
1290 419 80
1292 1333 75
1292 453 104
1295 1010 89
1296 594 85
1298 926 84
1299 1329 91
1299 519 85
1300 586 90
1300 367 83
1302 1276 90
1304 913 90
1304 474 81
1305 364 89
1306 1342 100
1308 789 85
1309 1299 79
1309 939 91
1309 831 103
1310 1264 90
1310 458 100
1313 514 81
1313 651 85
1319 812 79
1319 831 89
1322 975 99
1324 1236 93
1325 553 90
1327 566 86
1330 1152 89
1331 1258 100
1332 721 90
1332 958 80
1334 913 83
1334 566 80
1334 667 95
1337 1264 80
1337 646 90
1338 1128 90
1338 369 85
1339 552 79
1339 1200 93
1339 706 81
1340 884 76
1340 909 90
1340 1329 89
1341 790 94
1176 45 117
1182 45 121
1183 33 139
1194 1 125
1196 26 117
1197 58 131
325 1198 96
330 1172 86
367 1197 82
372 1211 89
398 1157 86
408 1152 100
410 607 85
428 1199 86
429 619 87
448 1203 76
451 597 95
466 1175 86
472 1152 95
477 1153 80
576 1238 99
587 549 85
600 988 92
603 1281 80
604 685 86
608 1336 99
619 556 89
621 1179 90
623 1082 87
626 1276 85
629 1100 89
630 564 93
635 429 77
638 1307 85
702 635 95
762 1181 96
827 1197 79
895 628 87
931 1194 96
943 588 89
1001 1214 82
1015 621 85
1051 595 77
1064 918 76
1065 1109 82
1065 749 80
1065 1095 79
1066 1038 85
1068 506 85
1069 679 100
1072 1207 72
1085 607 99
1088 1198 92
1106 1196 86
1110 1202 72
1114 606 99
1128 621 85
1134 1172 79
1153 323 90
1153 1288 93
1156 1339 85
1157 533 72
1159 545 84
1159 354 75
1159 826 76
1163 701 76
1163 1114 90
1167 425 84
1167 1156 81
1167 325 86
1171 1117 86
1172 847 90
1175 445 75
1183 671 91
1191 432 77
1191 1065 94
1199 1099 81
1202 524 72
1204 864 94
1204 1244 84
1330 1208 96
323 17 94
323 43 73
326 56 87
326 49 75
326 19 84
327 28 84
328 13 84
331 40 83
331 53 73
331 27 87
333 53 85
334 59 89
335 1 93
338 56 87
338 43 88
340 31 84
340 23 75
343 41 74
343 4 94
343 45 84
345 57 84
346 27 107
347 21 97
348 26 90
350 13 75
350 5 84
351 30 88
352 32 65
352 59 93
352 11 74
352 52 84
354 8 80
356 48 84
358 31 73
362 57 77
365 43 84
366 9 75
366 13 74
367 25 88
368 34 84
369 55 84
370 9 74
371 3 87
371 22 75
371 7 93
372 5 74
373 38 88
374 2 75
374 5 84
374 62 87
375 22 88
379 38 84
379 22 75
383 62 70
384 26 98
384 35 73
384 42 80
387 30 88
388 18 88
392 52 80
392 36 89
397 6 87
402 46 88
403 42 74
407 24 70
408 24 87
409 4 85
412 40 89
412 52 94
412 24 87
415 43 94
415 4 73
416 24 84
416 45 73
420 57 83
421 4 73
423 13 94
424 63 87
424 15 88
425 9 84
425 58 75
428 31 75
429 25 98
429 61 73
430 16 73
430 6 77
431 48 79
431 11 93
431 22 95
431 38 78
432 30 87
435 1 74
435 12 75
436 2 79
439 16 74
440 8 83
440 31 73
441 59 88
442 34 102
442 11 84
442 46 90
443 29 88
451 13 85
452 41 94
452 47 84
453 7 78
453 15 98
457 55 84
459 63 75
460 11 83
466 53 88
467 35 80
470 2 83
471 58 75
474 10 88
479 14 79
484 3 84
485 11 98
486 1 77
492 2 83
492 37 80
498 16 75
500 42 87
500 11 80
501 10 93
502 46 73
503 38 94
509 27 83
509 38 94
510 49 88
514 43 87
515 20 80
515 30 80
515 23 88
517 9 94
517 46 83
517 7 80
519 33 69
519 60 78
519 15 83
523 60 83
524 20 78
525 17 87
530 58 65
531 27 73
532 62 94
533 10 87
533 13 80
534 31 74
535 32 88
537 24 88
538 2 83
538 35 84
538 61 69
543 1 85
543 49 70
544 11 74
545 52 88
547 3 84
548 0 83
548 6 80
549 29 77
549 2 93
551 61 74
552 7 84
553 10 87
555 60 84
556 59 73
556 60 74
558 8 77
560 47 83
560 4 83
561 40 84
561 25 77
563 2 87
564 6 65
565 19 84
565 17 74
566 10 85
566 47 83
566 7 80
567 30 77
570 57 78
570 33 75
574 5 73
574 21 77
574 53 88
575 4 83
575 40 84
575 9 94
575 47 98
575 51 80
575 59 65
576 31 73
580 48 77
583 8 70
583 54 74
584 57 84
584 27 98
586 53 90
587 21 84
589 15 74
591 24 88
592 24 90
594 48 73
609 11 70
609 30 65
611 48 74
611 29 83
611 14 77
612 45 78
612 61 88
613 52 80
616 21 90
618 35 84
618 7 94
619 36 84
619 48 90
619 53 98
619 56 83
621 26 84
621 13 84
622 49 87
622 63 80
623 5 73
624 17 80
626 36 98
627 14 94
628 21 80
629 16 70
632 37 88
634 61 65
635 48 73
635 23 94
636 33 87
638 3 70
638 29 73
639 51 80
642 29 88
646 57 74
646 19 65
648 18 93
648 21 87
649 35 83
649 36 89
649 21 85
653 13 94
654 30 94
656 33 70
656 38 97
656 46 85
656 23 94
657 0 83
658 4 83
659 26 77
659 30 83
664 16 89
664 58 74
665 12 75
665 28 90
665 30 84
667 10 88
668 53 77
669 7 70
671 26 83
674 50 84
675 55 93
676 0 84
676 11 84
678 57 87
679 61 84
680 41 74
681 40 83
681 45 88
681 15 88
684 35 70
685 17 90
686 56 75
686 22 88
688 40 75
688 11 83
688 52 107
691 49 87
691 15 69
694 33 83
694 8 94
695 23 87
697 53 93
701 59 84
702 17 88
704 26 103
704 19 79
706 31 93
706 28 87
706 39 78
707 55 83
710 52 85
711 35 90
714 0 83
714 49 70
714 10 73
714 30 87
715 4 78
716 24 65
716 3 75
717 57 94
723 18 94
726 28 73
728 57 83
729 32 69
729 26 88
730 54 85
731 49 93
731 63 73
734 54 83
738 24 85
738 61 83
740 49 93
742 55 93
743 48 83
743 17 83
743 28 87
745 20 78
746 55 65
747 11 84
748 34 73
751 0 74
751 24 83
753 11 83
753 23 84
756 51 93
759 49 75
760 33 73
760 45 83
760 55 69
761 52 74
765 23 84
766 44 97
767 15 84
768 5 94
769 49 73
771 26 83
772 57 74
772 45 75
773 25 73
773 34 88
773 36 87
775 59 80
776 25 84
779 47 83
780 60 79
781 8 83
782 45 83
783 5 77
784 34 83
785 26 75
785 54 84
786 40 83
786 27 74
787 11 93
789 49 89
791 58 74
791 51 90
792 30 78
792 15 75
793 32 94
793 54 87
796 13 85
798 7 65
800 42 83
800 19 84
801 52 83
802 57 73
802 37 88
805 13 65
810 52 94
812 40 74
812 58 84
820 48 88
820 1 83
821 40 93
821 19 84
821 56 87
824 59 74
825 3 80
827 29 78
828 3 74
830 57 79
831 48 83
832 57 87
834 10 75
837 26 74
837 50 74
840 0 74
840 11 83
842 37 83
843 2 74
843 23 77
844 5 87
846 32 84
852 42 90
853 37 69
855 15 74
858 19 84
859 12 73
860 28 88
863 11 83
864 10 80
865 24 88
865 12 73
871 47 70
871 57 78
871 62 84
872 34 79
872 11 80
872 51 83
873 46 88
873 50 98
880 4 88
882 32 73
884 37 98
888 43 93
888 11 69
889 28 83
889 20 94
890 32 87
890 23 98
890 56 80
892 37 94
895 40 94
895 25 88
895 43 80
898 33 74
898 41 87
901 6 75
902 26 70
902 36 79
903 26 78
904 58 77
905 59 80
906 2 88
906 44 85
907 48 89
907 27 83
907 11 93
908 43 77
909 11 84
909 59 65
911 10 84
912 8 77
912 41 84
912 38 74
913 26 97
913 5 88
917 0 83
918 13 65
921 8 84
921 6 77
924 52 80
924 14 83
926 6 87
930 8 79
930 23 77
931 21 83
931 30 80
933 12 75
935 16 69
937 6 73
937 21 87
940 41 84
940 58 88
940 14 90
941 48 73
942 32 84
946 49 74
946 54 84
949 27 99
950 49 77
950 27 87
952 9 87
953 49 70
953 58 75
954 53 75
955 50 80
955 62 83
957 57 88
961 63 88
962 29 75
965 50 70
969 6 74
971 33 80
971 7 74
972 56 83
975 12 88
976 33 65
976 61 98
978 27 74
980 26 84
983 46 84
985 31 74
986 41 94
991 35 87
992 33 77
993 55 87
996 8 94
999 26 80
999 44 93
999 38 85
1002 9 93
1002 44 87
1007 3 79
1007 61 73
1010 48 84
1011 50 87
1012 19 88
1012 7 73
1013 4 83
1014 28 75
1015 3 93
1015 53 83
1018 0 69
1021 8 80
1021 23 102
1021 26 73
1022 50 83
1022 54 69
1023 22 88
1024 35 75
1025 32 73
1025 36 84
1025 8 85
1025 16 70
1029 1 90
1029 49 80
1030 14 84
1032 62 74
1033 3 90
1033 39 88
1034 5 80
1036 55 84
1037 11 65
1037 22 94
1040 29 77
1040 39 84
1041 43 74
1041 15 75
1043 33 83
1044 10 79
1046 2 80
1049 36 75
1049 53 70
1050 50 80
1051 27 98
1051 53 83
1051 33 83
1052 42 65
1053 56 73
1058 35 88
1058 3 93
1059 20 73
1059 23 80
1059 29 65
1059 30 74
1060 12 84
1061 6 84
1062 43 83
1062 6 94
1066 40 75
1066 37 93
1073 26 84
1073 43 78
1074 18 80
1078 42 65
1078 26 90
1079 54 80
1080 22 84
1083 27 83
1084 12 83
1086 17 70
1086 31 83
1086 46 75
1087 62 77
1088 42 75
1091 17 80
1091 21 88
1091 59 88
1091 60 88
1092 40 74
1092 16 80
1092 52 94
1092 28 78
1092 31 93
1094 61 74
1094 15 77
1095 41 85
1096 1 70
1096 2 84
1096 39 70
1097 39 84
1097 4 83
1097 45 88
1099 9 88
1099 2 88
1100 2 90
1100 42 84
1104 37 70
1106 29 80
1107 0 83
1110 36 70
1111 32 85
1111 33 79
1112 27 83
1113 53 88
1113 27 78
1114 2 95
1119 13 79
1122 51 84
1123 10 87
1123 15 87
1124 24 74
1124 9 70
1125 55 75
1126 0 65
1126 62 74
1128 34 87
1128 46 87
1128 54 78
1131 54 83
1139 2 65
1140 53 87
1140 46 74
1141 56 74
1141 25 84
1142 49 77
1143 4 85
1143 13 74
1143 46 69
1144 48 73
1144 20 94
1144 30 98
1145 24 80
1147 41 65
1149 45 98
1150 1 80
1150 6 94
1153 37 75
1164 37 97
1166 38 79
1168 33 89
1170 20 97
1171 51 97
1185 5 75
1203 27 79
1204 39 75
1205 60 79
1205 21 79
1209 44 97
1218 43 88
1218 44 88
1218 47 83
1220 41 94
1221 52 80
1221 34 78
1221 45 79
1226 2 77
1226 10 84
1226 43 80
1228 7 84
1233 55 77
1234 19 75
1234 46 69
1234 38 74
1236 1 87
1236 4 74
1239 6 84
1239 55 84
1241 22 94
1242 61 87
1245 45 88
1247 0 77
1247 7 70
1248 9 65
1248 35 95
1252 62 73
1252 38 94
1254 57 88
1254 35 70
1255 25 84
1258 62 77
1259 49 78
1261 34 84
1264 49 83
1264 21 74
1264 54 79
1265 31 87
1266 25 70
1269 46 94
1271 56 88
1271 25 80
1271 23 98
1274 56 88
1275 46 78
1275 6 75
1276 2 84
1276 9 75
1276 54 77
1277 31 84
1277 11 73
1277 45 93
1278 27 78
1281 23 88
1282 48 85
1283 46 89
1284 17 79
1286 59 87
1286 34 93
1290 8 65
1292 27 65
1292 61 87
1294 37 80
1295 46 94
1296 23 90
1297 45 75
1298 34 73
1298 23 88
1300 53 88
1301 26 70
1301 62 83
1302 30 77
1304 26 77
1306 0 75
1306 31 83
1307 8 87
1307 11 74
1308 31 88
1310 39 85
1313 47 80
1314 49 74
1314 20 70
1316 49 84
1316 3 88
1317 28 69
1317 6 87
1317 31 74
1319 32 80
1319 35 85
1322 56 80
1323 21 80
1324 25 88
1324 38 78
1325 48 88
1325 7 83
1326 9 84
1326 35 98
1326 47 94
1333 13 75
1334 33 78
1336 62 74
1337 57 84
1337 2 94
1337 61 83
1340 49 94
358 1212 93
410 583 83
606 973 89
606 1011 89
607 406 73
686 1212 79
835 1164 78
1115 1209 63
1181 1289 93
1183 684 75
1192 1183 93
1195 346 81
1196 1255 90
1198 931 81
1199 532 75
1199 751 83
579 58 71
588 0 79
592 17 83
597 53 83
599 29 93
600 19 74
600 63 80
602 42 80
603 0 87
603 35 69
604 41 74
607 32 70
607 28 87
607 37 61
609 32 93
616 13 83
619 59 97
624 61 81
626 3 79
629 17 87
630 0 83
632 56 81
636 50 79
1064 18 69
1065 38 76
1068 56 94
1068 11 84
1068 21 84
1070 32 76
1152 40 66
1152 45 69
1153 43 61
1153 44 66
1153 23 70
1156 58 78
1159 28 88
1161 21 61
1163 9 69
1163 58 78
1164 61 93
1168 32 88
1168 60 76
1168 14 87
1169 26 94
1171 6 71
1171 25 80
1172 54 69
1175 60 78
1175 52 92
1176 60 75
1177 1 87
1179 53 89
1186 16 88
1186 44 90
1189 41 66
1192 2 75
1194 48 71
1197 44 97
1200 28 78
1202 51 79
1204 18 86
1204 55 80
1205 8 74
1206 23 88
1208 58 66
1209 55 84
1211 4 66
1211 13 79
1212 24 71
1214 33 78
1214 34 79
1214 55 77
1215 1 84
1183 1185 100
1199 1175 96
600 3 67
602 43 83
606 4 83
606 61 93
1176 5 84
1176 46 79
1177 18 75
1177 54 70
1177 55 74
1179 26 98
1179 12 80
1180 63 69
1181 13 88
1182 34 72
1182 3 62
1192 10 76
1195 60 88
1195 30 78
1196 8 76
1196 42 70
1196 21 84
1196 61 78
1197 0 80
1197 55 86
