535 68 307 1000
537 39 258 1000
530 825 236 1000
826 38 300 1000
534 529 235 1000
530 49 238 1000
752 38 212 1000
520 40 206 1000
208 39 180 1000
537 6 219 1000
541 636 193 1000
173 821 183 1000
515 68 180 1000
208 520 196 1000
637 510 249 1000
185 38 195 1000
529 191 188 1000
533 18 244 1000
177 49 179 1000
635 37 194 1000
513 61 233 1000
790 534 157 1000
837 4 193 1000
188 69 156 1000
531 62 190 1000
752 6 152 1000
687 39 204 1000
567 68 174 1000
542 6 163 1000
823 43 188 1000
499 68 151 1000
824 34 276 1000
828 62 178 1000
545 4 190 1000
535 804 195 1000
465 68 190 1000
820 28 189 1000
631 694 264 1000
540 3 164 1000
265 822 156 1000
144 533 161 1000
305 39 166 1000
572 69 217 1000
602 39 149 1000
304 821 194 1000
825 66 179 1000
439 530 173 1000
704 68 183 1000
821 24 173 1000
528 36 168 1000
488 68 173 1000
825 19 147 1000
521 18 172 1000
256 38 252 1000
715 68 187 1000
527 13 196 1000
210 68 176 1000
145 68 205 1000
751 44 217 1000
143 68 180 1000
792 49 160 1000
737 49 154 1000
636 59 129 1000
224 824 179 1000
557 38 149 1000
513 5 190 1000
253 49 203 1000
492 836 197 1000
837 492 172 1000
228 68 137 1000
318 49 202 1000
817 836 147 1000
163 831 238 1000
687 836 141 1000
627 833 176 1000
207 3 161 1000
285 38 161 1000
481 38 165 1000
826 26 199 1000
828 26 164 1000
825 22 159 1000
833 55 124 1000
837 19 224 1000
520 16 144 1000
193 6 169 1000
197 6 169 1000
628 69 169 1000
744 38 189 1000
747 38 199 1000
529 52 184 1000
712 69 219 1000
702 638 143 1000
631 21 233 1000
264 49 153 1000
709 754 250 1000
598 38 157 1000
802 49 172 1000
808 49 162 1000
283 49 142 1000
754 628 142 1000
564 40 156 1000
644 49 136 1000
636 64 196 1000
652 753 196 1000
173 37 148 1000
632 24 131 1000
521 347 171 1000
154 630 186 1000
764 61 181 1000
247 638 150 1000
335 49 175 1000
815 61 180 1000
761 61 155 1000
638 52 155 1000
713 49 175 1000
636 51 140 1000
502 61 145 1000
323 548 185 1000
768 40 169 1000
541 59 174 1000
525 21 164 1000
408 38 164 1000
638 45 159 1000
832 166 158 1000
546 27 158 1000
306 40 193 1000
606 49 180 1000
399 38 133 1000
718 836 148 1000
245 61 208 1000
540 28 137 1000
648 69 149 1000
481 69 157 1000
487 69 162 1000
548 1 201 1000
605 40 171 1000
607 40 173 1000
838 141 146 1000
650 69 151 1000
305 69 171 1000
573 186 212 1000
540 358 185 1000
298 754 137 1000
518 565 224 1000
835 45 134 1000
804 548 159 1000
184 736 205 1000
211 751 163 1000
642 61 178 1000
758 2 177 1000
541 667 147 1000
546 748 152 1000
672 751 151 1000
220 69 201 1000
549 24 166 1000
332 40 195 1000
544 63 185 1000
770 40 140 1000
578 5 210 1000
545 16 130 1000
741 40 155 1000
587 5 175 1000
834 9 150 1000
722 40 165 1000
195 417 219 1000
563 6 179 1000
565 6 159 1000
329 3 208 1000
158 40 138 1000
201 385 200 1000
457 40 127 1000
430 61 147 1000
208 749 192 1000
322 202 147 1000
373 40 146 1000
762 6 131 1000
340 61 146 1000
201 27 140 1000
200 32 115 1000
756 25 145 1000
541 21 125 1000
200 7 207 1000
544 22 114 1000
178 490 114 1000
805 4 199 1000
499 518 151 1000
548 9 168 1000
513 462 117 1000
518 467 112 1000
197 644 189 1000
795 3 167 1000
325 177 127 1000
708 37 202 1000
814 195 112 1000
382 3 187 1000
325 4 126 1000
196 685 111 1000
518 33 161 1000
151 4 221 1000
153 4 162 1000
510 60 170 1000
512 57 197 1000
172 7 155 1000
350 6 167 1000
331 204 124 1000
283 6 124 1000
410 5 114 1000
512 53 204 1000
191 18 138 1000
257 203 105 1000
208 24 108 1000
185 805 148 1000
197 13 120 1000
389 6 108 1000
203 596 158 1000
242 200 127 1000
654 6 122 1000
250 6 126 1000
189 667 156 1000
781 518 120 1000
182 15 95 1000
264 191 130 1000
184 24 120 1000
283 37 129 1000
447 6 149 1000
305 4 149 1000
586 42 174 1000
662 176 114 1000
225 5 196 1000
177 56 124 1000
477 564 169 1000
208 345 149 1000
262 5 133 1000
383 37 138 1000
242 510 123 1000
198 66 123 1000
517 51 103 1000
596 4 122 1000
285 5 117 1000
172 16 117 1000
789 5 137 1000
172 11 157 1000
707 5 137 1000
340 6 132 1000
731 815 192 1000
818 44 173 1000
445 173 126 1000
578 33 181 1000
194 19 98 1000
198 19 96 1000
188 30 148 1000
462 795 176 1000
233 6 126 1000
377 515 111 1000
198 16 123 1000
328 43 195 1000
502 320 177 1000
420 505 180 1000
182 8 89 1000
366 170 131 1000
605 5 124 1000
474 33 154 1000
797 18 166 1000
818 32 184 1000
348 4 146 1000
367 4 98 1000
577 567 133 1000
395 177 103 1000
574 573 143 1000
533 68 287 300
442 5 113 1000
563 42 129 1000
370 5 122 1000
178 9 146 1000
513 9 131 1000
576 813 106 1000
737 573 161 1000
801 791 185 1000
796 42 95 1000
799 42 105 1000
645 42 192 1000
494 797 104 1000
504 42 114 1000
813 43 139 1000
795 44 114 1000
577 55 138 1000
562 27 118 1000
500 388 183 1000
571 246 195 1000
568 32 108 1000
505 338 138 1000
470 736 118 1000
325 792 133 1000
286 67 160 1000
423 43 112 1000
584 32 122 1000
264 32 192 1000
324 812 157 1000
160 461 177 1000
465 731 92 1000
768 50 199 1000
325 811 117 1000
695 324 127 1000
660 410 207 1000
168 35 187 1000
812 65 82 1000
476 35 112 1000
275 503 167 1000
697 65 122 1000
508 65 123 1000
280 32 166 1000
687 64 143 1000
696 62 136 1000
795 54 91 1000
795 27 123 1000
478 67 96 1000
814 141 181 1000
382 54 136 1000
477 24 178 1000
761 54 111 1000
597 44 183 1000
573 552 101 1000
418 62 101 1000
507 36 136 1000
475 59 101 1000
739 33 103 1000
730 48 96 1000
420 56 198 1000
490 11 161 1000
429 64 187 1000
481 28 195 1000
475 60 182 1000
500 58 170 1000
329 59 125 1000
738 18 87 1000
427 33 115 1000
495 53 140 1000
508 13 145 1000
497 556 129 1000
240 35 131 1000
592 67 164 1000
575 41 104 1000
695 557 109 1000
671 55 194 1000
741 13 191 1000
326 18 114 1000
791 31 199 1000
379 44 139 1000
278 18 143 1000
417 1 208 1000
373 620 155 1000
728 556 153 1000
421 53 180 1000
823 40 243 300
699 30 149 1000
265 12 182 1000
493 232 134 1000
561 252 112 1000
576 66 137 1000
393 762 162 1000
480 801 172 1000
697 41 119 1000
489 42 91 1000
565 24 101 1000
557 57 176 1000
228 59 128 1000
338 42 116 1000
262 56 161 1000
799 12 101 1000
165 704 141 1000
196 39 221 300
762 12 141 1000
652 285 132 1000
583 24 105 1000
417 8 170 1000
464 803 117 1000
805 322 85 1000
788 777 150 1000
667 42 130 1000
579 2 90 1000
335 388 162 1000
815 12 95 1000
781 410 85 1000
424 29 137 1000
332 44 95 1000
322 802 140 1000
805 64 132 1000
360 33 140 1000
289 35 82 1000
490 14 105 1000
646 465 150 1000
416 388 105 1000
579 247 110 1000
294 426 135 1000
488 66 200 1000
654 764 95 1000
557 53 166 1000
646 214 149 1000
648 212 131 1000
578 58 104 1000
761 56 114 1000
388 462 114 1000
462 22 151 1000
643 272 114 1000
250 43 109 1000
653 44 79 1000
476 749 129 1000
296 59 149 1000
167 711 124 1000
503 14 106 1000
787 67 104 1000
429 164 94 1000
773 742 144 1000
311 42 84 1000
821 6 182 300
563 45 139 1000
383 62 110 1000
654 463 148 1000
332 56 188 1000
642 36 113 1000
788 36 105 1000
567 10 108 1000
500 24 103 1000
777 273 138 1000
159 43 128 1000
643 33 108 1000
324 66 148 1000
286 18 138 1000
474 64 108 1000
811 679 93 1000
761 246 118 1000
604 499 103 1000
164 313 183 1000
654 429 93 1000
215 466 88 1000
699 19 118 1000
749 65 118 1000
719 35 103 1000
464 250 128 1000
288 18 113 1000
789 32 123 1000
294 32 108 1000
279 14 108 1000
645 60 115 1000
652 65 73 1000
694 2 93 1000
696 2 140 1000
384 27 103 1000
588 45 78 1000
509 2 105 1000
246 697 93 1000
578 371 108 1000
463 34 132 1000
741 67 112 1000
502 16 137 1000
422 15 97 1000
748 59 127 1000
444 42 147 1000
687 63 107 1000
734 60 127 1000
784 7 152 1000
252 270 127 1000
275 254 102 1000
160 51 182 1000
573 435 109 1000
813 52 117 1000
780 28 82 1000
767 11 112 1000
294 13 107 1000
654 55 102 1000
166 60 164 1000
736 60 107 1000
761 58 127 1000
764 58 129 1000
714 67 107 1000
817 57 87 1000
156 410 87 1000
383 7 174 1000
738 7 117 1000
474 16 102 1000
322 24 109 1000
749 48 117 1000
324 2 82 1000
722 59 97 1000
262 610 127 1000
590 729 179 1000
724 55 72 1000
665 48 112 1000
476 7 147 1000
449 737 157 1000
319 427 87 1000
411 52 129 1000
684 7 136 1000
721 27 87 1000
699 11 116 1000
336 11 156 1000
216 63 168 1000
424 147 111 1000
764 45 111 1000
423 670 86 1000
678 50 173 1000
462 51 86 1000
668 57 136 1000
742 18 126 1000
706 46 138 1000
420 244 96 1000
490 46 116 1000
642 46 158 1000
420 51 91 1000
769 46 116 1000
491 31 81 1000
578 23 121 1000
735 1 136 1000
249 270 101 1000
311 19 181 1000
503 53 81 1000
240 59 136 1000
554 12 151 1000
509 0 136 1000
717 11 151 1000
505 53 161 1000
163 556 151 1000
147 19 146 1000
672 48 115 1000
323 58 85 1000
695 46 92 1000
612 43 120 1000
462 45 115 1000
178 38 228 300
150 27 85 1000
606 54 105 1000
464 17 85 1000
651 552 102 1000
592 18 145 1000
248 32 125 1000
441 62 85 1000
467 53 77 1000
425 17 90 1000
378 662 207 1000
252 45 120 1000
158 18 139 1000
445 36 99 1000
698 30 99 1000
620 31 84 1000
627 31 109 1000
223 44 79 1000
189 49 185 300
354 44 134 1000
704 41 114 1000
571 20 94 1000
393 42 134 1000
394 42 114 1000
485 41 94 1000
796 23 134 1000
362 814 89 1000
821 62 244 300
160 265 84 1000
287 8 169 1000
400 686 119 1000
238 705 189 1000
492 29 121 1000
578 9 128 1000
537 43 197 300
692 23 113 1000
333 23 170 1000
456 13 88 1000
265 14 98 1000
354 15 143 1000
719 262 118 1000
439 55 78 1000
555 57 88 1000
377 16 168 1000
616 36 98 1000
349 35 98 1000
214 262 118 1000
554 52 88 1000
788 12 123 1000
361 50 179 1000
470 47 132 1000
641 169 132 1000
433 27 82 1000
706 12 77 1000
721 41 82 1000
355 62 102 1000
220 48 117 1000
400 55 97 1000
616 51 132 1000
812 403 102 1000
502 21 107 1000
390 65 132 1000
697 22 109 1000
293 14 122 1000
709 653 92 1000
642 742 107 1000
701 66 107 1000
432 18 84 1000
160 12 132 1000
704 14 102 1000
369 63 144 1000
286 50 111 1000
360 240 131 1000
481 14 156 1000
704 15 121 1000
233 62 126 1000
405 27 111 1000
728 294 88 1000
687 38 236 300
527 33 218 300
234 65 91 1000
519 61 170 300
231 272 96 1000
467 38 205 300
788 56 156 1000
646 15 96 1000
242 41 83 1000
711 20 141 1000
828 28 159 300
738 9 138 1000
336 663 81 1000
530 21 279 300
787 24 86 1000
324 20 101 1000
283 2 86 1000
773 14 131 1000
390 27 110 1000
335 250 110 1000
380 34 85 1000
282 60 90 1000
748 9 135 1000
673 708 117 1000
655 15 110 1000
789 19 90 1000
224 46 165 1000
233 57 155 1000
257 66 85 1000
367 17 167 1000
256 652 90 1000
780 63 95 1000
782 63 110 1000
212 25 185 1000
551 340 105 1000
822 298 190 300
338 2 105 1000
213 721 85 1000
660 216 90 1000
596 12 90 1000
233 13 105 1000
429 9 110 1000
826 12 165 300
147 39 184 300
246 20 154 1000
710 34 114 1000
659 24 84 1000
467 26 89 1000
301 149 129 1000
302 319 89 1000
528 67 158 300
809 0 109 1000
226 30 156 1000
256 50 109 1000
258 24 94 1000
789 11 79 1000
450 22 134 1000
776 60 94 1000
770 60 99 1000
595 666 79 1000
608 66 84 1000
248 25 164 1000
282 46 94 1000
257 2 94 1000
242 306 99 1000
370 393 155 1000
642 45 83 1000
596 723 103 1000
290 45 120 1000
808 372 63 1000
715 16 118 1000
298 0 103 1000
384 17 138 1000
247 259 108 1000
672 64 113 1000
463 636 135 300
705 46 118 1000
252 63 88 1000
331 440 93 1000
241 50 73 1000
745 11 123 1000
299 610 73 1000
377 68 193 300
619 296 77 1000
598 2 107 1000
242 24 82 1000
248 24 67 1000
438 701 89 1000
528 8 187 300
400 23 169 1000
824 231 177 300
449 9 152 1000
168 53 87 1000
458 64 87 1000
837 44 192 300
612 382 72 1000
525 66 158 300
456 315 92 1000
748 1 82 1000
665 53 97 1000
342 296 112 1000
408 47 147 1000
721 45 97 1000
656 53 94 1000
219 45 92 1000
153 60 87 1000
222 388 87 1000
658 10 98 1000
669 46 116 1000
413 69 134 300
775 31 92 1000
650 46 81 1000
210 17 76 1000
231 23 151 1000
835 27 146 300
144 58 106 1000
601 52 108 1000
242 57 126 1000
146 7 113 1000
440 147 71 1000
216 1 66 1000
355 20 103 1000
441 672 136 1000
408 12 116 1000
343 22 161 1000
318 17 106 1000
437 15 101 1000
581 61 162 300
280 8 101 1000
445 51 111 1000
306 30 116 1000
227 748 111 1000
534 39 208 150
781 29 91 1000
444 16 75 1000
399 484 115 1000
147 17 70 1000
679 53 115 1000
485 394 135 1000
770 49 141 300
835 360 216 300
595 53 105 1000
376 2 110 1000
758 59 145 300
675 1 90 1000
231 21 117 1000
240 10 95 1000
391 169 105 1000
527 8 169 300
166 29 125 1000
298 20 80 1000
602 53 60 1000
456 45 100 1000
164 29 105 1000
292 20 99 1000
224 2 149 1000
703 20 114 1000
360 56 69 1000
146 610 89 1000
353 34 94 1000
616 63 96 1000
220 148 79 1000
169 21 99 1000
774 69 136 300
613 16 89 1000
245 222 99 1000
153 30 81 1000
211 29 119 1000
222 60 134 1000
391 15 94 1000
724 29 101 1000
707 9 144 1000
366 61 214 300
392 64 73 1000
237 56 75 1000
662 21 93 1000
653 21 83 1000
450 30 88 1000
656 20 68 1000
409 40 235 300
745 21 93 1000
371 10 123 1000
829 632 200 150
311 29 100 1000
296 22 73 1000
405 57 98 1000
311 47 133 1000
395 157 72 1000
149 47 92 1000
231 51 92 1000
393 16 72 1000
596 61 130 300
238 69 175 300
834 38 284 150
540 457 119 300
393 57 82 1000
336 26 102 1000
456 47 117 1000
143 21 84 1000
238 58 76 1000
824 541 235 150
824 549 225 150
349 53 76 1000
194 48 167 300
314 25 76 1000
540 68 245 150
828 40 193 150
391 45 121 1000
158 9 121 1000
353 224 136 1000
200 28 170 300
200 13 139 300
608 9 85 1000
393 372 90 1000
635 69 247 150
238 46 100 1000
156 184 178 300
820 37 244 150
358 23 75 1000
249 26 109 1000
195 68 279 150
531 4 232 150
545 546 272 150
375 365 114 1000
190 33 139 300
197 63 179 300
197 39 238 150
839 40 212 150
364 29 104 1000
405 47 114 1000
366 236 74 1000
172 68 206 150
752 542 245 150
409 8 78 1000
227 22 58 1000
756 40 223 150
171 642 111 300
344 20 138 1000
787 173 141 300
601 6 160 300
206 637 206 150
202 758 245 150
563 812 174 300
631 6 175 150
186 52 159 300
660 4 99 300
512 34 153 300
350 9 107 1000
366 25 92 1000
182 10 112 300
519 52 102 300
233 20 102 1000
562 531 185 150
172 52 107 300
359 9 87 1000
635 3 214 150
197 2 136 300
704 539 212 150
329 530 171 150
439 4 140 300
202 549 165 150
531 65 160 150
696 39 155 150
504 39 165 150
413 35 190 300
160 39 247 150
830 37 179 150
741 39 249 150
540 6 164 150
541 6 193 150
501 54 156 300
583 38 270 150
294 68 218 150
735 38 241 150
698 68 161 150
543 4 165 150
821 33 175 150
509 68 170 150
413 68 190 150
541 3 194 150
535 21 224 150
537 483 164 150
329 13 186 300
243 68 198 150
216 534 197 150
787 39 202 150
530 50 147 150
530 24 187 150
350 5 161 300
533 314 171 150
537 315 143 150
770 39 171 150
639 18 231 150
632 13 216 150
259 39 225 150
822 47 250 150
528 813 155 150
678 39 184 150
166 825 174 150
528 465 149 150
829 656 149 150
567 48 114 300
411 38 148 150
495 687 98 300
204 5 187 150
535 23 217 150
148 826 167 150
522 58 259 150
696 12 178 300
568 57 168 300
174 519 248 150
521 13 161 150
747 68 146 150
829 52 138 150
541 575 206 150
253 68 191 150
828 7 148 150
408 39 206 150
795 322 118 300
206 6 171 150
818 462 143 300
791 65 122 300
438 523 225 150
686 752 220 150
639 214 207 150
172 37 220 150
791 49 174 150
824 31 169 150
191 4 229 150
836 577 179 150
828 30 214 150
631 2 199 150
590 637 184 150
735 65 107 300
823 30 161 150
355 829 194 150
639 27 194 150
491 63 206 300
465 49 153 150
722 49 188 150
325 49 178 150
833 42 148 150
834 42 188 150
636 28 138 150
189 6 127 150
820 47 147 150
540 67 212 150
631 53 192 150
638 53 229 150
603 49 196 150
654 527 151 150
627 832 146 150
465 838 166 150
423 40 251 150
521 56 146 150
529 50 180 150
185 175 155 150
835 65 155 150
830 55 135 150
812 69 135 150
525 2 154 150
189 4 156 150
685 69 174 150
426 33 99 300
413 18 99 300
412 69 181 150
309 38 144 150
585 757 139 150
521 57 194 150
503 17 144 300
637 649 154 150
518 179 143 150
731 557 114 300
638 20 215 150
189 3 165 150
548 42 142 150
450 38 131 150
638 34 171 150
577 40 151 150
294 61 233 150
583 40 166 150
146 635 171 150
544 474 156 150
545 500 150 150
756 59 140 150
736 61 150 150
541 14 202 150
345 737 162 300
543 727 197 150
637 458 120 150
175 5 134 150
636 58 129 150
707 40 236 150
194 37 129 150
735 40 134 150
423 61 149 150
522 22 159 150
545 67 144 150
806 43 137 300
422 61 139 150
470 40 174 150
344 38 134 150
831 338 143 150
757 1 173 150
740 834 143 150
839 66 158 150
803 69 143 150
429 366 143 300
543 13 149 150
290 735 116 300
812 480 86 300
837 24 147 150
636 343 152 150
831 593 136 150
834 19 161 150
484 12 140 300
771 493 132 300
636 29 151 150
362 55 157 300
836 58 170 150
832 57 150 150
210 69 170 150
655 43 115 300
729 42 115 300
787 757 149 150
308 44 104 300
551 40 149 150
356 32 164 300
247 69 159 150
423 21 146 300
694 14 81 300
430 839 123 150
758 14 148 150
444 69 138 150
666 776 159 300
503 217 109 300
353 837 163 150
262 40 152 150
709 54 93 300
540 14 157 150
285 40 152 150
801 40 112 150
174 818 197 150
641 248 173 300
758 143 138 150
267 17 173 300
702 40 133 150
646 40 156 150
585 1 93 300
290 18 83 300
726 61 146 150
757 11 131 150
697 19 98 300
585 53 112 300
606 44 132 300
767 60 107 300
275 668 117 300
548 63 185 150
596 628 97 300
540 679 120 150
675 61 135 150
169 52 137 300
540 58 160 150
696 3 149 150
692 52 107 300
231 69 154 150
668 48 137 300
734 58 92 300
620 57 147 300
729 55 102 300
319 40 149 150
148 40 153 150
692 11 91 300
560 23 91 300
541 53 178 150
466 60 106 300
549 0 143 150
215 33 86 300
209 43 115 150
544 377 113 150
513 13 210 150
143 62 86 300
456 40 132 150
270 60 121 300
618 61 177 150
608 36 110 300
541 23 151 150
378 44 110 300
500 6 136 150
232 575 95 300
738 31 95 300
200 27 126 150
610 40 150 150
553 195 180 150
204 48 130 150
412 6 137 150
390 61 135 150
694 184 115 150
207 7 217 150
714 552 110 300
326 6 146 150
608 57 159 300
673 28 89 300
233 40 139 150
424 10 99 300
512 43 179 150
497 4 113 150
499 4 128 150
424 184 143 150
641 4 218 150
248 6 180 150
584 37 138 150
342 507 109 300
683 170 133 150
268 12 114 300
186 19 168 150
501 4 150 150
185 670 205 150
682 344 113 300
742 177 204 150
174 14 184 150
185 63 169 150
189 48 142 150
492 196 182 150
417 343 93 300
185 32 157 150
461 4 132 150
429 518 162 150
445 18 118 300
171 271 167 150
814 197 167 150
762 3 177 150
190 44 137 150
557 6 152 150
739 3 156 150
178 36 146 150
177 59 121 150
178 33 171 150
475 3 141 150
507 37 126 150
595 4 211 150
206 296 156 150
476 47 133 300
176 52 177 150
415 29 97 300
791 22 122 300
793 5 125 150
571 22 142 300
202 642 145 150
483 207 150 150
195 50 150 150
322 37 125 150
741 29 132 300
429 3 105 150
207 12 145 150
172 13 145 150
273 3 117 150
174 17 226 150
474 5 154 150
280 718 132 300
291 659 102 300
778 201 144 150
192 63 174 150
191 16 149 150
198 51 141 150
553 4 174 150
770 20 139 300
622 22 91 300
452 3 168 150
247 41 106 300
195 13 128 150
185 29 173 150
222 172 220 150
319 286 96 300
292 64 76 300
202 2 112 150
147 5 222 150
203 63 127 150
286 63 76 300
208 16 142 150
179 41 154 150
790 26 101 300
711 6 167 150
209 52 97 150
389 50 121 300
808 179 121 150
440 206 166 150
173 294 111 150
220 53 125 300
709 19 115 300
332 50 70 300
789 172 131 150
148 6 155 150
207 53 110 150
701 51 100 300
673 6 125 150
606 6 130 150
488 19 110 300
349 0 167 300
185 34 130 150
740 252 105 300
231 28 75 300
354 46 179 300
513 652 124 150
287 197 129 150
178 661 134 150
726 15 96 300
185 16 159 150
275 25 84 300
652 4 124 150
568 696 161 150
724 64 114 300
300 4 139 150
278 9 79 300
189 57 149 150
216 254 69 300
186 58 109 150
354 204 119 150
483 37 123 150
724 4 138 150
370 6 123 150
372 6 113 150
515 154 103 150
168 37 118 150
171 19 123 150
802 5 113 150
148 15 119 300
774 3 103 150
156 4 143 150
422 26 98 300
209 8 147 150
716 193 97 150
194 56 152 150
729 3 142 150
700 5 112 150
649 5 107 150
515 11 132 150
674 64 93 300
188 610 123 150
722 458 113 300
780 373 103 300
237 6 156 150
178 0 116 150
249 3 166 150
166 0 87 300
619 645 82 300
371 4 127 150
145 63 117 300
172 225 112 150
295 30 97 300
730 55 149 150
687 59 154 150
185 21 119 150
413 59 156 150
602 5 134 150
420 323 189 150
375 192 119 150
340 4 114 150
219 53 91 300
430 3 128 150
464 36 180 150
457 146 101 300
233 178 123 150
429 59 188 150
262 564 155 150
411 32 175 150
173 234 123 150
501 28 178 150
640 366 76 300
220 37 133 150
512 8 158 150
217 46 106 300
413 28 138 150
260 578 187 150
215 10 83 300
364 3 107 150
198 23 137 150
672 45 91 300
343 779 116 300
236 195 146 150
195 29 121 150
570 42 86 150
673 1 115 300
583 42 116 150
265 42 143 150
697 565 106 150
579 816 126 150
568 505 141 150
493 41 163 150
648 47 80 300
165 394 80 300
472 586 130 150
576 412 115 150
342 212 110 300
701 22 80 300
663 575 160 150
497 767 104 150
388 42 189 150
742 584 161 150
581 420 149 150
578 62 119 150
739 700 204 150
581 253 176 150
767 44 104 150
499 500 109 150
818 739 104 150
620 497 159 150
817 503 138 150
472 763 118 150
695 43 133 150
627 485 158 150
190 26 128 150
737 44 128 150
238 663 89 300
470 43 125 150
561 28 103 150
728 42 143 150
595 357 69 300
494 320 123 150
394 64 69 300
655 508 159 150
492 65 112 150
437 11 80 300
775 21 88 300
768 65 167 150
491 271 97 150
465 167 182 150
586 57 177 150
787 62 124 150
278 43 147 150
468 44 104 150
581 58 182 150
813 50 174 150
484 62 147 150
387 276 194 150
793 55 122 150
300 21 88 300
641 59 132 150
581 28 117 150
699 35 122 150
762 59 132 150
293 48 172 150
796 55 127 150
781 54 131 150
464 715 158 150
795 48 121 150
426 66 133 150
413 65 126 150
814 54 136 150
770 25 123 300
141 233 123 300
808 13 171 150
712 20 93 300
692 36 81 150
509 36 101 150
768 32 126 150
686 2 158 150
681 596 156 150
791 18 121 150
693 33 116 150
211 35 158 150
650 59 151 150
504 48 112 150
693 27 115 150
417 19 137 150
476 27 140 150
366 58 82 300
776 48 140 150
495 448 132 150
696 60 135 150
507 60 167 150
415 48 117 150
662 36 140 150
504 52 195 150
278 65 100 150
467 246 182 150
329 141 155 150
508 28 100 150
153 35 162 150
441 699 165 150
256 54 171 150
689 18 124 150
466 28 99 150
570 23 194 150
271 32 109 150
150 20 107 300
502 10 191 150
466 13 109 150
432 44 130 150
554 719 153 150
422 45 170 150
268 42 103 150
685 619 150 150
441 36 132 150
270 0 174 150
444 48 142 150
696 264 97 150
388 588 97 150
562 66 122 150
391 53 96 300
583 12 109 150
588 12 127 150
687 41 127 150
461 30 127 150
553 54 152 150
298 42 97 150
575 14 92 150
553 36 112 150
561 50 152 150
233 1 96 300
556 48 116 150
578 66 126 150
803 43 96 150
805 43 93 150
562 56 106 150
551 33 106 150
563 24 121 150
705 43 126 150
252 26 110 300
568 24 121 150
741 587 98 150
283 692 113 150
288 694 106 150
312 565 131 150
268 35 116 150
490 400 191 150
165 298 166 150
572 50 91 150
348 65 163 150
581 50 131 150
356 345 95 300
166 703 161 150
420 41 122 150
556 28 105 150
474 296 95 150
788 44 110 150
325 23 177 150
775 42 120 150
357 59 137 150
509 480 100 150
300 299 157 150
481 476 105 150
776 497 105 150
583 34 110 150
643 689 97 150
283 35 95 150
652 42 112 150
734 332 120 150
694 332 130 150
497 9 130 150
605 574 115 150
807 65 110 150
322 47 160 150
300 388 135 150
655 384 177 150
659 768 100 150
475 12 82 150
576 52 119 150
300 44 139 150
301 44 114 150
336 410 119 150
726 640 164 150
584 16 124 150
416 12 134 150
579 57 99 150
775 44 129 150
627 164 96 150
716 813 104 150
693 66 94 150
654 696 114 150
802 55 129 150
581 52 129 150
782 35 109 150
574 7 109 150
806 33 129 150
287 59 94 150
296 62 109 150
258 483 174 150
793 50 84 150
268 57 199 150
698 14 109 150
294 55 84 150
737 719 111 150
484 64 139 150
677 288 146 150
369 18 179 150
697 714 109 150
219 812 109 150
681 9 141 150
168 729 174 150
160 421 164 150
741 685 99 150
154 42 114 150
811 50 109 150
711 776 159 150
288 27 94 150
762 34 106 150
485 59 104 150
786 311 184 150
424 165 113 150
749 66 145 150
681 56 113 150
503 56 98 150
466 14 128 150
763 2 103 150
475 15 78 150
701 48 88 150
335 35 78 150
165 65 98 150
472 50 123 150
465 741 123 150
417 50 118 150
278 12 113 150
815 26 168 150
307 15 150 150
572 0 103 150
764 156 103 150
314 695 93 150
677 814 83 150
335 59 103 150
658 65 108 150
662 35 103 150
805 18 113 150
806 28 103 150
303 62 88 150
661 56 183 150
806 13 128 150
380 244 138 150
315 476 133 150
663 325 88 150
640 32 128 150
338 59 113 150
735 19 98 150
776 67 128 150
587 10 138 150
350 47 69 300
803 13 95 150
248 507 103 150
212 35 108 150
332 36 128 150
642 18 102 150
662 67 102 150
606 813 82 150
722 329 92 150
439 577 132 150
721 64 177 150
778 48 102 150
764 52 122 150
474 19 87 150
583 10 97 150
509 51 112 150
748 55 92 150
251 35 92 150
696 52 127 150
329 64 114 150
424 50 97 150
429 24 92 150
275 728 112 150
768 11 112 150
718 36 137 150
503 51 102 150
249 470 92 150
668 59 97 150
151 302 172 150
651 679 174 150
344 561 142 150
480 13 102 150
573 30 142 150
384 28 72 150
503 7 92 150
586 31 99 150
507 7 127 150
815 441 137 150
320 19 117 150
445 768 117 150
652 51 167 150
722 33 132 150
413 60 117 150
258 2 157 150
494 17 107 150
313 50 144 150
712 33 92 150
656 32 117 150
682 7 121 150
653 60 161 150
312 65 81 150
145 65 121 150
222 41 186 150
719 51 173 150
444 474 111 150
791 0 96 150
654 18 161 150
391 29 88 300
259 48 101 150
674 65 108 150
302 7 171 150
154 62 126 150
609 56 136 150
812 53 111 150
508 17 101 150
259 51 148 150
246 62 166 150
387 53 141 150
503 45 116 150
763 1 116 150
729 57 186 150
466 58 91 150
383 10 146 150
727 18 126 150
813 53 91 150
150 55 91 150
318 33 111 150
362 588 103 150
739 10 116 150
250 57 148 150
796 31 101 150
245 59 106 150
477 45 136 150
603 59 116 150
328 57 91 150
592 149 158 150
156 59 96 150
815 10 81 150
247 36 136 150
727 11 165 150
493 31 125 150
326 58 85 150
627 17 70 150
154 36 115 150
243 33 150 150
612 644 142 150
303 45 195 150
583 23 117 150
796 613 70 150
505 46 112 150
155 27 100 150
240 54 90 150
553 66 120 150
487 225 130 150
554 308 85 150
441 65 115 150
568 20 75 150
595 28 135 150
145 28 100 150
220 504 125 150
463 1 80 150
429 53 115 150
602 52 170 150
283 802 124 150
581 8 104 150
329 0 101 150
349 43 119 150
721 10 131 150
444 2 169 150
329 53 91 150
675 18 84 150
353 43 79 150
444 55 124 150
475 30 129 150
403 43 89 150
278 10 114 150
430 35 124 150
586 21 89 150
552 34 109 150
495 29 129 150
799 29 73 150
262 309 133 150
424 30 113 150
721 30 160 150
731 395 128 150
701 298 93 150
283 20 173 150
622 23 128 150
375 27 143 150
611 67 103 150
816 47 93 150
742 41 133 150
375 54 88 150
361 462 123 150
481 641 108 150
379 27 88 150
357 35 93 150
263 216 103 150
749 23 133 150
372 32 123 150
646 20 163 150
223 36 103 150
769 20 87 150
434 27 77 150
809 14 82 150
575 26 122 150
695 8 87 150
224 27 152 150
771 643 167 150
609 618 117 150
749 803 82 150
225 54 109 150
287 722 87 150
583 26 97 150
280 665 72 150
471 21 102 150
168 22 142 150
656 784 92 150
344 55 87 150
797 25 107 150
350 27 97 150
704 718 77 150
236 65 122 150
804 254 87 150
156 349 142 150
276 29 87 150
702 715 117 150
551 53 111 150
360 54 106 150
648 14 86 150
357 51 171 150
704 719 111 150
387 663 111 150
718 483 121 150
393 62 111 150
642 713 91 150
253 8 186 150
159 41 81 150
399 36 151 150
508 9 106 150
355 28 96 150
601 41 96 150
234 19 151 150
480 56 76 150
622 9 106 150
231 33 141 150
357 13 106 150
413 9 96 150
808 16 96 150
777 669 126 150
659 651 126 150
645 24 88 150
377 434 200 150
554 31 100 150
805 52 95 150
169 64 115 150
661 66 115 150
802 52 80 150
481 24 110 150
652 66 100 150
659 66 70 150
163 34 120 150
307 14 105 150
663 14 125 150
270 22 100 150
488 593 75 150
305 665 115 150
651 15 140 150
766 26 120 150
242 640 95 150
307 56 120 150
246 299 92 150
147 784 95 150
166 34 110 150
298 607 105 150
742 15 110 150
250 66 110 150
742 717 97 150
777 24 105 150
214 25 122 150
420 9 100 150
159 484 75 150
604 644 70 150
659 34 85 150
267 53 95 150
644 51 65 150
248 400 159 150
776 19 84 150
740 24 119 150
747 24 64 150
662 315 84 150
393 17 156 150
597 14 144 150
385 57 109 150
440 641 89 150
553 29 119 150
143 14 104 150
777 248 94 150
671 747 104 150
809 10 99 150
604 778 99 150
740 19 94 150
389 11 109 150
299 53 129 150
157 14 99 150
214 19 109 150
649 17 103 150
239 555 83 150
217 19 138 150
243 719 118 150
728 63 93 150
265 30 83 150
303 57 83 150
801 370 93 150
388 442 108 150
313 56 83 150
290 10 103 150
164 11 78 150
295 1 93 150
290 46 113 150
154 50 103 150
442 12 88 150
700 1 93 150
483 17 73 150
650 11 83 150
643 53 98 150
729 52 108 150
808 610 113 150
388 1 83 150
481 45 63 150
154 64 93 150
157 64 103 150
593 24 78 150
213 16 68 150
744 11 113 150
388 370 108 150
165 0 103 150
613 294 122 150
594 2 132 150
552 20 114 150
245 24 72 150
313 19 97 150
652 441 102 150
723 11 137 150
160 10 102 150
372 12 102 150
296 222 82 150
332 53 127 150
259 7 117 150
160 0 107 150
364 23 162 150
675 2 77 150
651 17 72 150
309 17 107 150
153 2 97 150
775 0 112 150
253 58 92 150
306 45 102 150
788 31 117 150
458 24 92 150
307 53 117 150
304 17 82 150
143 16 102 150
148 63 97 150
662 17 102 150
306 53 117 150
728 448 62 150
748 53 97 150
248 157 72 150
678 16 107 150
722 45 92 150
749 0 77 150
745 376 97 150
666 0 77 150
553 9 81 150
211 0 96 150
333 31 116 150
350 488 126 150
249 52 91 150
305 31 81 150
369 12 151 150
256 46 71 150
319 45 86 150
444 52 96 150
257 31 110 150
788 238 80 150
590 45 70 150
458 7 80 150
595 46 115 150
400 66 70 150
340 66 115 150
667 30 85 150
366 66 95 150
369 66 90 150
375 19 120 150
354 66 95 150
449 454 100 150
160 23 70 150
243 46 105 150
362 9 197 150
365 9 135 150
214 30 102 150
355 15 90 150
484 8 120 150
489 47 100 150
260 25 85 150
671 430 105 150
619 24 90 150
654 23 110 150
254 343 100 150
222 24 95 150
389 8 100 150
151 31 124 150
395 302 79 150
611 149 124 150
371 60 99 150
228 19 124 150
379 58 99 150
220 155 114 150
771 8 114 150
433 60 124 150
439 57 114 150
674 30 119 150
245 220 109 150
616 52 124 150
226 63 74 150
711 239 99 150
442 375 94 150
225 58 113 150
484 25 108 150
363 151 68 150
773 20 68 150
228 7 88 150
400 240 78 150
216 47 88 150
397 34 98 150
489 25 108 150
456 30 73 150
379 45 88 150
232 24 78 150
145 23 98 150
216 21 88 150
353 57 88 150
313 29 95 150
777 25 98 150
216 22 98 150
434 53 88 150
430 46 87 150
677 29 92 150
679 29 97 150
432 46 82 150
210 22 82 150
452 23 117 150
610 46 107 150
315 20 87 150
353 17 97 150
331 22 112 150
215 25 112 150
148 20 81 150
213 9 86 150
606 20 106 150
434 30 96 150
367 46 76 150
667 26 76 150
449 47 71 150
397 0 71 150
238 0 121 150
359 619 61 150
345 611 75 150
399 375 60 150
247 9 55 150
430 29 70 150
430 8 110 150
343 23 84 150
366 29 99 150
349 29 74 150
394 23 83 150
237 23 108 150
364 8 108 150
379 9 95 150
440 26 73 150
369 21 118 150
369 20 103 150
362 20 68 150
239 8 82 150
346 9 92 150
