535 68 273 1000
826 38 263 1000
534 529 224 1000
530 825 239 1000
537 39 233 1000
530 49 215 1000
541 636 195 1000
752 38 198 1000
208 39 192 1000
520 40 186 1000
537 6 194 1000
173 821 176 1000
515 68 168 1000
208 520 177 1000
637 510 201 1000
790 534 171 1000
531 62 171 1000
533 18 221 1000
185 38 169 1000
529 191 158 1000
823 43 155 1000
824 34 194 1000
828 62 167 1000
177 49 163 1000
513 61 200 1000
631 694 191 1000
635 37 159 1000
305 39 164 1000
837 4 151 1000
602 39 160 1000
572 69 188 1000
687 39 171 1000
439 530 149 1000
499 68 154 1000
188 69 156 1000
752 6 149 1000
488 68 148 1000
567 68 158 1000
542 6 143 1000
528 36 146 1000
751 44 181 1000
545 4 145 1000
224 824 145 1000
465 68 166 1000
820 28 162 1000
636 59 140 1000
535 804 150 1000
540 3 142 1000
265 822 137 1000
144 533 139 1000
627 833 152 1000
837 492 139 1000
817 836 140 1000
687 836 146 1000
628 69 140 1000
833 55 135 1000
631 21 176 1000
256 38 178 1000
304 821 149 1000
598 38 148 1000
285 38 133 1000
715 68 154 1000
821 24 166 1000
527 13 138 1000
792 49 161 1000
704 68 158 1000
825 66 145 1000
825 19 142 1000
557 38 142 1000
143 68 137 1000
754 628 143 1000
145 68 147 1000
632 24 130 1000
521 18 155 1000
228 68 158 1000
253 49 182 1000
761 61 134 1000
768 40 135 1000
564 40 131 1000
828 26 157 1000
502 61 131 1000
283 49 133 1000
737 49 144 1000
210 68 143 1000
606 49 144 1000
306 40 180 1000
318 49 180 1000
540 28 147 1000
163 831 182 1000
492 836 142 1000
520 16 153 1000
605 40 170 1000
607 40 179 1000
305 69 132 1000
826 26 141 1000
487 69 128 1000
712 69 166 1000
540 358 177 1000
298 754 131 1000
837 19 166 1000
481 38 150 1000
709 754 169 1000
825 22 149 1000
744 38 158 1000
747 38 147 1000
802 49 134 1000
835 45 125 1000
652 753 178 1000
264 49 155 1000
546 748 128 1000
529 52 147 1000
541 59 152 1000
525 21 150 1000
408 38 140 1000
713 49 133 1000
808 49 136 1000
702 638 121 1000
247 638 143 1000
154 630 142 1000
521 347 136 1000
644 49 136 1000
636 64 136 1000
764 61 136 1000
815 61 143 1000
638 52 133 1000
548 1 170 1000
513 5 169 1000
545 16 129 1000
245 61 173 1000
648 69 134 1000
741 40 119 1000
718 836 140 1000
335 49 131 1000
638 45 134 1000
546 27 143 1000
838 141 121 1000
323 548 148 1000
399 38 156 1000
636 51 128 1000
650 69 137 1000
832 166 132 1000
457 40 122 1000
481 69 151 1000
518 565 158 1000
756 25 131 1000
804 548 136 1000
184 736 165 1000
193 6 140 1000
197 6 130 1000
573 186 165 1000
548 9 130 1000
642 61 135 1000
544 22 114 1000
549 24 142 1000
207 3 114 1000
672 751 117 1000
834 9 122 1000
173 37 127 1000
211 751 127 1000
195 417 177 1000
220 69 126 1000
201 385 152 1000
541 667 125 1000
332 40 125 1000
758 2 130 1000
158 40 115 1000
587 5 150 1000
544 63 138 1000
770 40 125 1000
208 749 158 1000
578 5 160 1000
340 61 131 1000
722 40 135 1000
541 21 128 1000
430 61 130 1000
373 40 137 1000
563 6 148 1000
565 6 123 1000
178 490 117 1000
200 32 116 1000
762 6 119 1000
477 564 155 1000
586 42 156 1000
499 518 112 1000
201 27 110 1000
196 685 115 1000
510 60 151 1000
731 815 154 1000
818 44 145 1000
382 3 147 1000
462 795 167 1000
795 3 128 1000
578 33 154 1000
420 505 153 1000
814 195 106 1000
350 6 143 1000
513 462 100 1000
518 467 115 1000
518 33 126 1000
208 24 119 1000
474 33 151 1000
818 32 140 1000
329 3 150 1000
410 5 122 1000
389 6 103 1000
577 567 107 1000
203 596 123 1000
322 202 121 1000
200 7 147 1000
805 4 149 1000
208 345 107 1000
494 797 111 1000
283 6 110 1000
225 5 145 1000
500 388 135 1000
795 44 122 1000
708 37 145 1000
512 53 136 1000
305 4 124 1000
182 15 107 1000
502 320 144 1000
198 16 98 1000
563 42 98 1000
184 24 116 1000
197 644 146 1000
325 177 103 1000
508 65 98 1000
383 37 104 1000
697 65 97 1000
470 736 102 1000
512 57 155 1000
797 18 133 1000
447 6 102 1000
795 27 108 1000
325 4 105 1000
696 62 100 1000
382 54 136 1000
172 7 142 1000
596 4 108 1000
597 44 132 1000
328 43 153 1000
477 24 136 1000
761 54 107 1000
418 62 100 1000
465 731 92 1000
151 4 132 1000
153 4 136 1000
562 27 107 1000
739 33 97 1000
730 48 96 1000
283 37 102 1000
812 65 103 1000
533 68 275 300
481 28 145 1000
340 6 116 1000
568 32 91 1000
795 54 95 1000
197 13 96 1000
475 60 143 1000
191 18 109 1000
172 16 101 1000
286 67 132 1000
507 36 92 1000
475 59 104 1000
592 67 141 1000
285 5 92 1000
791 31 141 1000
280 32 153 1000
257 203 104 1000
573 552 101 1000
185 805 113 1000
576 813 99 1000
233 6 101 1000
188 30 94 1000
377 515 100 1000
366 170 104 1000
348 4 105 1000
574 573 111 1000
250 6 98 1000
513 9 109 1000
493 232 129 1000
796 42 114 1000
799 42 114 1000
367 4 98 1000
395 177 93 1000
242 200 104 1000
331 204 98 1000
393 762 128 1000
497 556 107 1000
379 44 128 1000
801 791 147 1000
182 8 93 1000
373 620 134 1000
504 42 97 1000
605 5 99 1000
228 59 143 1000
645 42 128 1000
417 8 126 1000
189 667 121 1000
424 29 137 1000
360 33 139 1000
416 388 91 1000
737 573 111 1000
445 173 89 1000
178 9 101 1000
264 191 91 1000
489 42 86 1000
571 246 137 1000
388 462 91 1000
462 22 135 1000
177 56 100 1000
476 35 123 1000
654 6 100 1000
697 41 99 1000
814 141 126 1000
383 62 90 1000
662 176 89 1000
565 24 94 1000
505 338 128 1000
160 461 134 1000
813 43 99 1000
294 32 89 1000
264 32 125 1000
242 510 108 1000
577 55 105 1000
198 66 107 1000
168 35 147 1000
422 15 91 1000
490 14 94 1000
262 5 108 1000
325 792 96 1000
660 410 128 1000
699 30 139 1000
781 518 84 1000
588 45 88 1000
495 53 124 1000
325 811 83 1000
736 60 88 1000
789 5 116 1000
289 35 101 1000
474 16 98 1000
172 11 108 1000
427 33 102 1000
517 51 103 1000
604 499 93 1000
194 19 98 1000
198 19 89 1000
423 43 97 1000
584 32 97 1000
741 13 123 1000
384 27 86 1000
563 45 97 1000
490 46 97 1000
442 5 82 1000
573 435 87 1000
503 14 88 1000
417 1 123 1000
695 557 92 1000
768 50 136 1000
738 18 99 1000
478 67 104 1000
240 35 135 1000
490 11 132 1000
421 53 122 1000
695 46 96 1000
420 56 125 1000
370 5 81 1000
823 40 194 300
329 59 91 1000
606 54 86 1000
687 64 131 1000
324 812 107 1000
500 58 124 1000
620 31 85 1000
627 31 96 1000
695 324 107 1000
671 55 140 1000
275 503 97 1000
362 814 85 1000
429 64 133 1000
707 5 81 1000
492 29 95 1000
575 41 94 1000
728 556 131 1000
223 44 89 1000
354 15 130 1000
812 403 93 1000
433 27 86 1000
441 62 93 1000
571 20 82 1000
583 24 88 1000
508 13 93 1000
335 388 129 1000
697 22 83 1000
578 371 93 1000
439 55 89 1000
405 27 82 1000
480 801 121 1000
476 749 96 1000
355 62 88 1000
652 285 127 1000
332 44 88 1000
738 9 92 1000
287 8 120 1000
377 16 130 1000
390 27 82 1000
815 12 81 1000
502 21 78 1000
762 12 98 1000
380 34 91 1000
196 39 224 300
773 742 127 1000
653 44 81 1000
748 9 118 1000
234 65 90 1000
224 46 138 1000
642 36 105 1000
788 36 81 1000
250 43 96 1000
429 9 81 1000
787 67 87 1000
643 33 96 1000
502 16 103 1000
748 59 85 1000
654 429 89 1000
579 247 90 1000
645 60 127 1000
488 66 126 1000
557 53 120 1000
576 66 91 1000
450 22 115 1000
464 803 93 1000
293 14 81 1000
294 426 90 1000
579 2 80 1000
654 55 79 1000
290 45 80 1000
311 42 75 1000
294 13 85 1000
561 252 96 1000
692 23 79 1000
799 12 89 1000
646 465 89 1000
722 59 88 1000
296 59 89 1000
811 679 94 1000
761 246 96 1000
567 10 89 1000
159 43 85 1000
166 60 116 1000
491 31 91 1000
821 6 170 300
246 697 94 1000
509 2 104 1000
706 46 128 1000
322 24 88 1000
557 57 113 1000
694 2 79 1000
696 2 79 1000
642 46 132 1000
500 24 88 1000
420 244 84 1000
789 32 83 1000
262 610 133 1000
338 42 91 1000
319 427 78 1000
156 410 74 1000
781 410 86 1000
665 48 78 1000
462 45 92 1000
749 65 106 1000
424 147 82 1000
654 463 98 1000
423 670 78 1000
654 764 84 1000
408 47 115 1000
463 34 97 1000
222 388 88 1000
741 67 105 1000
383 7 116 1000
444 42 87 1000
445 36 91 1000
734 60 95 1000
279 14 96 1000
370 393 115 1000
590 729 113 1000
578 58 94 1000
215 466 97 1000
761 56 92 1000
719 35 88 1000
464 250 87 1000
821 62 206 300
354 44 90 1000
464 17 84 1000
393 42 101 1000
394 42 102 1000
355 20 113 1000
742 18 84 1000
749 48 96 1000
252 45 112 1000
343 22 125 1000
429 164 82 1000
240 59 92 1000
503 53 86 1000
449 737 87 1000
687 63 87 1000
817 57 77 1000
764 58 79 1000
764 45 96 1000
288 18 76 1000
767 11 86 1000
761 58 81 1000
699 19 81 1000
449 9 123 1000
467 53 76 1000
667 42 90 1000
672 48 81 1000
425 17 77 1000
150 27 72 1000
265 12 131 1000
474 64 85 1000
286 18 94 1000
231 21 121 1000
769 46 94 1000
652 65 87 1000
578 23 96 1000
721 27 96 1000
684 7 86 1000
616 36 89 1000
699 11 71 1000
813 52 86 1000
592 18 91 1000
292 20 76 1000
456 13 71 1000
780 28 80 1000
714 67 84 1000
612 43 85 1000
411 52 85 1000
378 662 121 1000
353 34 85 1000
400 55 88 1000
360 240 113 1000
738 7 82 1000
178 38 168 300
226 30 120 1000
390 65 88 1000
724 55 84 1000
527 33 192 300
687 38 194 300
248 32 80 1000
391 15 75 1000
476 7 85 1000
467 38 201 300
698 30 84 1000
651 552 84 1000
462 51 69 1000
509 0 94 1000
505 53 84 1000
485 41 94 1000
735 1 106 1000
796 23 94 1000
530 21 192 300
238 705 123 1000
745 21 77 1000
420 51 79 1000
728 294 74 1000
400 686 84 1000
189 49 160 300
646 15 83 1000
367 17 109 1000
231 272 79 1000
613 16 69 1000
578 9 93 1000
537 43 169 300
711 20 118 1000
400 23 123 1000
432 18 73 1000
393 16 83 1000
349 35 93 1000
326 18 97 1000
822 298 155 300
470 47 92 1000
805 322 87 1000
278 18 93 1000
787 24 79 1000
220 48 100 1000
231 23 109 1000
212 25 109 1000
164 313 129 1000
643 272 85 1000
528 67 144 300
828 28 161 300
165 704 107 1000
721 41 92 1000
361 50 108 1000
519 61 163 300
262 56 111 1000
282 46 86 1000
481 14 91 1000
463 636 149 300
233 62 89 1000
704 41 67 1000
616 51 107 1000
163 556 91 1000
773 14 95 1000
302 319 66 1000
246 20 116 1000
554 12 85 1000
646 214 107 1000
648 212 120 1000
467 26 81 1000
777 273 76 1000
596 12 81 1000
642 742 81 1000
333 23 124 1000
788 777 126 1000
369 63 106 1000
704 15 81 1000
332 56 124 1000
528 8 189 300
805 64 106 1000
233 57 110 1000
299 610 75 1000
258 24 85 1000
233 13 86 1000
248 25 107 1000
776 60 77 1000
282 60 100 1000
167 711 106 1000
252 270 75 1000
444 16 72 1000
595 666 68 1000
301 149 85 1000
642 45 95 1000
322 802 85 1000
612 382 87 1000
242 41 70 1000
298 0 81 1000
826 12 145 300
555 57 79 1000
551 340 90 1000
835 27 150 300
364 29 80 1000
705 46 86 1000
238 46 76 1000
242 306 65 1000
655 15 79 1000
249 270 83 1000
248 24 79 1000
324 20 96 1000
784 7 113 1000
227 22 82 1000
450 30 79 1000
384 17 76 1000
147 39 149 300
336 11 104 1000
704 14 65 1000
280 8 74 1000
710 34 94 1000
835 360 176 300
265 14 93 1000
242 24 66 1000
377 68 149 300
758 59 149 300
399 484 82 1000
598 2 68 1000
721 45 75 1000
554 52 72 1000
219 45 83 1000
366 236 65 1000
837 44 158 300
770 60 88 1000
324 66 88 1000
283 2 63 1000
596 723 68 1000
409 8 63 1000
456 315 84 1000
275 254 82 1000
298 20 82 1000
456 45 83 1000
748 1 74 1000
717 11 124 1000
715 16 78 1000
153 60 66 1000
619 296 77 1000
595 53 63 1000
824 231 150 300
659 24 73 1000
413 69 156 300
286 50 77 1000
311 19 106 1000
668 57 123 1000
160 51 126 1000
745 11 78 1000
147 19 119 1000
216 63 102 1000
534 39 218 150
602 53 73 1000
438 701 84 1000
408 12 95 1000
525 66 131 300
342 296 87 1000
440 147 82 1000
788 12 72 1000
608 66 72 1000
366 61 177 300
359 9 71 1000
409 40 192 300
678 50 102 1000
724 29 66 1000
331 440 74 1000
527 8 141 300
437 15 86 1000
581 61 144 300
770 49 142 300
775 31 86 1000
306 30 82 1000
146 610 66 1000
336 26 82 1000
227 748 84 1000
245 222 66 1000
220 148 77 1000
323 58 79 1000
485 394 85 1000
324 2 90 1000
458 64 61 1000
669 46 75 1000
781 29 75 1000
540 457 119 300
601 52 65 1000
393 372 71 1000
395 157 61 1000
650 46 63 1000
829 632 200 150
311 29 84 1000
164 29 64 1000
160 12 74 1000
662 21 79 1000
149 47 68 1000
222 60 74 1000
834 38 249 150
371 10 69 1000
166 29 85 1000
616 63 74 1000
349 53 68 1000
158 18 83 1000
360 56 59 1000
774 69 118 300
608 9 68 1000
809 0 68 1000
706 12 64 1000
143 21 82 1000
224 2 73 1000
160 265 82 1000
211 29 73 1000
596 61 142 300
391 169 68 1000
238 69 122 300
707 9 74 1000
719 262 83 1000
392 64 63 1000
237 56 63 1000
296 22 82 1000
540 68 207 150
828 40 204 150
701 66 63 1000
169 21 74 1000
214 262 83 1000
441 672 83 1000
703 20 63 1000
249 26 78 1000
445 51 79 1000
335 250 78 1000
194 48 150 300
788 56 81 1000
405 57 61 1000
641 169 85 1000
376 2 72 1000
824 541 193 150
824 549 202 150
314 25 77 1000
456 47 72 1000
808 372 57 1000
231 51 81 1000
158 9 68 1000
653 21 58 1000
257 66 87 1000
336 663 89 1000
311 47 71 1000
656 20 71 1000
393 57 56 1000
545 546 220 150
213 721 76 1000
391 45 86 1000
780 63 61 1000
238 58 69 1000
256 652 81 1000
353 224 81 1000
153 30 60 1000
200 28 138 300
635 69 187 150
673 708 70 1000
338 2 80 1000
563 812 146 300
350 9 83 1000
366 25 74 1000
658 10 60 1000
195 68 209 150
820 37 210 150
656 53 80 1000
168 53 71 1000
413 35 164 300
375 365 79 1000
660 216 59 1000
531 4 191 150
839 40 185 150
501 54 141 300
216 1 59 1000
147 17 65 1000
247 259 75 1000
197 39 178 150
190 33 124 300
405 47 69 1000
240 10 64 1000
679 53 74 1000
756 40 181 150
200 13 127 300
752 542 186 150
789 19 54 1000
709 653 68 1000
172 68 173 150
672 64 78 1000
257 2 82 1000
202 758 216 150
344 20 76 1000
531 65 164 150
206 637 170 150
741 39 207 150
601 6 120 300
358 23 71 1000
583 38 207 150
631 6 158 150
562 531 163 150
156 184 147 300
241 50 53 1000
294 68 207 150
675 1 57 1000
735 38 192 150
210 17 52 1000
495 687 105 300
512 34 108 300
413 68 166 150
233 20 67 1000
509 68 153 150
704 539 200 150
535 21 201 150
789 11 62 1000
635 3 154 150
537 483 162 150
242 57 69 1000
735 65 91 300
696 39 166 150
504 39 176 150
782 63 59 1000
144 58 56 1000
160 39 199 150
822 47 197 150
426 33 98 300
146 7 57 1000
197 63 139 300
830 37 159 150
329 530 163 150
698 68 162 150
202 549 144 150
541 6 158 150
665 53 87 1000
541 575 185 150
345 737 130 300
540 6 155 150
439 4 103 300
747 68 151 150
438 523 183 150
686 752 187 150
256 50 54 1000
821 33 165 150
731 557 88 300
243 68 180 150
590 637 184 150
543 4 139 150
639 18 190 150
632 13 190 150
791 49 144 150
567 48 97 300
787 39 150 150
429 366 129 300
171 642 102 300
182 10 97 300
290 735 92 300
787 173 102 300
541 3 154 150
696 12 139 300
528 813 148 150
540 67 189 150
533 314 156 150
537 315 144 150
465 49 151 150
362 55 136 300
603 49 191 150
636 28 149 150
519 52 106 300
627 832 152 150
530 24 152 150
216 534 152 150
423 40 177 150
166 825 141 150
356 32 136 300
770 39 151 150
350 5 101 300
423 21 137 300
530 50 150 150
412 69 150 150
309 38 140 150
823 30 155 150
259 39 160 150
835 65 145 150
585 757 149 150
812 69 136 150
252 63 61 1000
528 465 159 150
638 20 188 150
148 826 152 150
186 52 118 300
829 656 138 150
660 4 99 300
678 39 148 150
253 68 143 150
318 17 84 1000
411 38 148 150
521 13 143 150
522 58 175 150
535 23 147 150
638 34 137 150
294 61 193 150
355 829 162 150
545 500 137 150
450 38 132 150
736 61 136 150
408 39 157 150
818 462 108 300
833 42 147 150
503 17 123 300
828 7 149 150
791 65 97 300
820 47 140 150
631 53 170 150
638 53 174 150
577 40 134 150
722 49 182 150
639 214 170 150
829 52 135 150
541 14 171 150
422 61 135 150
344 38 144 150
631 2 182 150
172 52 92 300
824 31 144 150
767 60 92 300
596 628 84 300
637 458 143 150
694 14 97 300
836 577 144 150
828 30 163 150
639 27 161 150
545 67 129 150
568 57 124 300
830 55 167 150
636 343 143 150
834 42 143 150
795 322 96 300
413 18 90 300
197 2 91 300
491 63 131 300
329 13 130 300
325 49 153 150
465 838 151 150
654 527 141 150
636 29 135 150
342 507 95 300
232 575 83 300
548 42 135 150
685 69 157 150
204 5 164 150
682 344 94 300
417 343 95 300
525 2 124 150
583 40 154 150
174 519 183 150
521 56 133 150
529 50 135 150
756 59 145 150
521 57 138 150
484 12 129 300
430 839 133 150
812 480 97 300
378 44 94 300
551 40 141 150
791 22 83 300
707 40 183 150
522 22 142 150
741 29 130 300
172 37 181 150
470 40 150 150
637 649 131 150
206 6 136 150
191 4 172 150
757 1 174 150
771 493 92 300
544 474 136 150
543 727 175 150
837 24 140 150
415 29 78 300
831 593 148 150
146 635 154 150
735 40 152 150
423 61 134 150
231 69 123 150
636 58 132 150
543 13 126 150
831 338 133 150
740 834 151 150
210 69 123 150
622 22 76 300
839 66 132 150
456 40 129 150
185 175 138 150
354 46 116 300
758 14 132 150
390 61 122 150
422 26 80 300
803 69 129 150
189 4 121 150
189 6 119 150
247 69 137 150
806 43 102 300
834 19 137 150
729 42 90 300
832 57 118 150
308 44 97 300
466 60 92 300
544 377 119 150
174 818 165 150
262 40 119 150
189 3 128 150
231 28 76 300
702 40 129 150
836 58 127 150
729 55 79 300
758 143 128 150
444 69 143 150
585 1 95 300
353 837 128 150
290 18 84 300
585 53 79 300
787 757 114 150
540 679 113 150
540 14 142 150
285 40 135 150
692 52 73 300
503 217 98 300
655 43 88 300
518 179 133 150
606 44 87 300
697 19 78 300
726 61 136 150
143 62 91 300
801 40 121 150
549 0 115 150
696 3 164 150
548 63 125 150
148 40 134 150
209 43 125 150
646 40 124 150
540 58 124 150
757 11 121 150
610 40 127 150
675 61 125 150
709 54 71 300
424 10 72 300
734 58 88 300
620 57 96 300
692 11 86 300
175 5 108 150
194 37 111 150
319 40 123 150
200 27 128 150
541 53 122 150
618 61 122 150
790 26 88 300
233 40 126 150
476 47 92 300
608 36 93 300
673 28 72 300
668 48 88 300
738 31 95 300
608 57 110 300
412 6 110 150
189 48 120 150
560 23 88 300
215 33 73 300
541 23 124 150
174 14 159 150
500 6 116 150
270 60 84 300
300 21 74 300
694 184 108 150
177 59 118 150
204 48 103 150
714 552 74 300
770 20 119 300
190 44 123 150
220 53 111 300
499 4 118 150
742 177 163 150
553 195 148 150
178 36 123 150
513 13 163 150
568 696 146 150
185 32 113 150
497 4 113 150
424 184 103 150
584 37 105 150
683 170 107 150
501 4 122 150
595 357 78 300
349 0 111 300
512 43 129 150
492 196 117 150
641 248 120 300
429 518 116 150
191 16 151 150
595 4 152 150
206 296 111 150
814 197 126 150
762 3 126 150
739 3 126 150
178 33 125 150
475 3 125 150
185 29 153 150
507 37 100 150
571 22 92 300
461 4 110 150
730 55 142 150
687 59 154 150
413 59 142 150
793 5 125 150
267 17 111 300
483 207 124 150
429 3 105 150
464 36 152 150
726 15 82 300
429 59 153 150
411 32 139 150
501 28 141 150
452 3 153 150
295 30 82 300
413 28 149 150
474 5 114 150
222 172 161 150
557 6 116 150
247 41 86 300
185 670 140 150
185 34 121 150
275 25 91 300
278 9 71 300
319 286 89 300
207 7 146 150
169 52 106 300
179 41 121 150
275 668 68 300
493 41 146 150
389 50 70 300
553 4 107 150
173 294 111 150
641 4 146 150
488 19 80 300
742 584 149 150
186 19 144 150
291 659 76 300
570 42 106 150
208 16 100 150
171 271 113 150
445 18 93 300
388 42 135 150
248 6 139 150
185 16 123 150
326 6 109 150
499 500 101 150
176 52 134 150
606 6 110 150
568 505 99 150
697 565 101 150
174 17 144 150
576 412 104 150
627 485 148 150
207 12 114 150
740 252 69 300
188 610 109 150
292 64 64 300
440 206 109 150
300 4 109 150
737 44 108 150
185 63 143 150
391 29 69 300
354 204 98 150
483 37 118 150
695 43 94 150
484 62 134 150
666 776 129 300
470 43 108 150
699 35 101 150
293 48 147 150
468 44 98 150
420 323 152 150
280 718 87 300
413 65 107 150
795 48 107 150
172 225 107 150
492 65 92 150
148 15 83 300
209 8 117 150
350 47 65 300
287 197 94 150
681 596 132 150
504 48 107 150
693 27 96 150
457 146 81 300
581 28 93 150
507 60 145 150
796 55 91 150
415 48 96 150
202 642 96 150
696 60 132 150
195 50 142 150
370 6 98 150
185 21 111 150
173 234 105 150
692 36 91 150
509 36 102 150
172 13 101 150
778 201 105 150
693 33 94 150
268 12 84 300
322 37 115 150
192 63 149 150
273 3 95 150
198 51 144 150
722 458 77 300
508 28 92 150
262 564 139 150
583 42 99 150
432 44 131 150
260 578 136 150
579 816 99 150
490 400 132 150
237 6 101 150
195 29 113 150
422 45 133 150
147 5 151 150
441 699 130 150
685 619 141 150
286 63 73 300
195 13 112 150
672 45 71 300
472 586 115 150
701 22 73 300
340 4 89 150
711 6 121 150
233 178 112 150
388 588 103 150
371 4 104 150
497 767 107 150
372 6 97 150
165 394 73 300
265 42 148 150
775 21 66 300
512 8 113 150
515 154 97 150
581 420 97 150
602 5 99 150
348 65 129 150
767 44 114 150
209 52 96 150
818 739 105 150
364 3 107 150
741 587 101 150
817 503 117 150
217 46 86 300
430 3 96 150
441 36 128 150
495 448 128 150
474 296 91 150
357 59 141 150
300 299 126 150
815 26 140 150
619 645 71 300
663 575 129 150
444 48 129 150
780 373 67 300
561 28 102 150
220 37 108 150
236 195 101 150
497 9 132 150
583 34 92 150
300 388 137 150
673 6 92 150
652 4 113 150
148 6 100 150
207 53 110 150
387 276 135 150
202 2 96 150
513 652 100 150
189 57 112 150
298 42 90 150
252 26 74 300
296 62 90 150
728 42 125 150
793 55 103 150
655 508 148 150
568 24 103 150
553 36 89 150
681 9 125 150
186 58 109 150
787 62 145 150
762 34 90 150
491 271 95 150
178 661 108 150
739 700 138 150
475 15 90 150
551 33 92 150
802 5 104 150
198 23 102 150
641 59 133 150
640 366 61 300
307 15 125 150
578 62 99 150
808 179 89 150
770 25 69 300
581 253 125 150
283 692 89 150
288 694 102 150
781 54 128 150
768 32 94 150
494 320 94 150
203 63 87 150
620 497 107 150
570 23 124 150
342 212 74 300
420 41 91 150
556 28 102 150
472 763 110 150
716 193 97 150
190 26 85 150
741 685 85 150
168 37 90 150
467 246 124 150
789 172 97 150
211 35 133 150
375 192 91 150
194 56 117 150
729 3 108 150
649 5 98 150
156 4 102 150
650 59 137 150
504 52 124 150
465 167 124 150
278 43 95 150
776 48 134 150
515 11 88 150
461 30 133 150
698 14 96 150
343 779 78 300
768 65 115 150
586 31 88 150
586 57 129 150
141 233 78 300
466 28 110 150
502 10 134 150
606 813 96 150
581 58 122 150
256 54 122 150
464 715 123 150
648 47 85 300
762 59 107 150
662 36 122 150
426 66 122 150
287 59 93 150
437 11 65 300
791 18 91 150
417 19 122 150
493 31 89 150
178 0 82 150
356 345 78 300
384 28 85 150
222 41 146 150
686 2 132 150
362 588 97 150
814 54 106 150
413 60 81 150
505 46 96 150
303 45 133 150
724 4 81 150
813 50 134 150
288 27 91 150
278 65 95 150
171 19 93 150
153 35 133 150
249 3 105 150
689 18 86 150
487 225 123 150
476 27 95 150
445 768 96 150
774 3 94 150
238 663 62 300
466 13 96 150
581 8 86 150
796 613 80 150
700 5 83 150
687 41 108 150
799 29 84 150
563 24 108 150
366 58 67 300
403 43 98 150
353 43 89 150
709 19 71 300
394 64 77 300
586 21 83 150
271 32 88 150
268 42 93 150
332 50 80 300
568 20 83 150
481 476 105 150
609 618 130 150
766 26 83 150
283 35 106 150
444 55 93 150
696 264 89 150
225 54 83 150
554 308 118 150
583 12 85 150
588 12 83 150
803 43 92 150
805 43 94 150
776 497 102 150
361 462 78 150
643 689 82 150
300 44 96 150
301 44 97 150
165 298 119 150
369 18 128 150
360 54 104 150
357 35 89 150
393 62 82 150
712 20 60 300
434 27 78 150
701 51 79 300
655 384 128 150
695 8 81 150
294 55 104 150
659 768 92 150
379 27 82 150
553 54 102 150
575 14 105 150
219 53 84 300
556 48 106 150
485 59 105 150
258 483 120 150
466 14 96 150
344 55 78 150
552 34 78 150
775 44 90 150
481 24 91 150
380 244 119 150
335 35 91 150
322 47 125 150
283 20 121 150
416 12 82 150
298 607 91 150
716 813 86 150
475 12 91 150
216 254 70 300
583 23 82 150
808 13 125 150
724 64 79 300
806 33 95 150
150 20 84 300
554 719 126 150
338 59 90 150
332 36 81 150
775 42 90 150
509 480 90 150
806 28 90 150
627 164 80 150
748 55 104 150
740 24 80 150
652 42 90 150
429 24 94 150
335 59 85 150
776 67 80 150
605 574 109 150
578 66 80 150
562 66 76 150
601 41 75 150
441 65 78 150
584 16 99 150
387 53 115 150
677 288 115 150
424 165 90 150
166 0 56 300
377 434 117 150
581 52 84 150
268 35 99 150
383 10 115 150
336 410 104 150
444 474 102 150
705 43 91 150
592 149 127 150
572 0 85 150
764 156 105 150
562 56 84 150
215 10 59 300
778 48 93 150
749 66 124 150
154 42 97 150
503 45 92 150
653 60 118 150
712 33 89 150
391 53 69 300
314 695 84 150
494 17 84 150
249 470 92 150
329 141 125 150
677 814 95 150
747 24 84 150
581 50 84 150
583 10 89 150
718 36 85 150
796 31 102 150
603 59 84 150
654 696 88 150
749 23 115 150
248 507 104 150
802 55 100 150
587 10 95 150
561 50 91 150
151 302 133 150
259 48 78 150
788 44 85 150
233 1 81 300
734 332 85 150
465 741 106 150
791 0 85 150
572 50 75 150
737 719 78 150
694 332 99 150
307 14 78 150
484 64 118 150
662 67 95 150
697 714 73 150
554 31 83 150
303 62 88 150
807 65 79 150
165 65 73 150
480 13 83 150
701 48 88 150
815 10 73 150
681 56 88 150
674 65 88 150
673 1 73 300
375 54 74 150
503 56 83 150
627 17 86 150
220 504 92 150
472 50 98 150
579 57 87 150
481 45 86 150
439 577 87 150
312 65 91 150
593 24 74 150
160 421 97 150
693 66 105 150
658 65 88 150
735 19 72 150
763 1 77 150
696 52 82 150
782 35 78 150
574 7 102 150
668 59 76 150
602 52 126 150
813 53 87 150
640 32 88 150
239 555 82 150
656 32 92 150
312 565 97 150
793 50 73 150
344 561 93 150
156 59 87 150
474 19 77 150
812 53 87 150
219 812 82 150
212 35 88 150
508 17 92 150
763 2 97 150
430 35 100 150
325 23 123 150
463 1 87 150
815 441 97 150
576 52 87 150
424 50 77 150
509 51 87 150
739 10 83 150
811 50 76 150
302 7 112 150
609 56 114 150
247 36 85 150
674 64 62 300
154 36 84 150
150 55 81 150
662 35 88 150
270 0 121 150
768 11 96 150
243 33 93 150
417 50 95 150
155 27 83 150
240 54 82 150
507 7 96 150
315 476 88 150
742 41 97 150
764 52 86 150
722 33 86 150
362 9 111 150
365 9 137 150
682 7 96 150
619 24 86 150
477 45 97 150
305 31 83 150
222 24 76 150
389 8 76 150
552 20 78 150
429 53 92 150
769 20 89 150
251 35 80 150
145 28 82 150
466 58 71 150
503 51 74 150
590 45 80 150
646 20 120 150
145 65 85 150
573 30 97 150
503 7 91 150
595 28 95 150
145 63 61 300
612 644 110 150
236 65 99 150
246 62 96 150
388 442 85 150
553 9 84 150
154 62 86 150
575 26 105 150
349 43 84 150
489 47 71 150
245 59 84 150
475 30 90 150
397 34 74 150
489 25 74 150
318 33 86 150
583 26 105 150
449 454 74 150
508 9 98 150
355 28 86 150
495 29 84 150
622 9 100 150
413 9 98 150
253 8 119 150
168 22 128 150
786 311 118 150
364 23 110 150
731 395 117 150
371 60 75 150
248 400 122 150
622 23 83 150
488 593 85 150
375 27 99 150
156 349 129 150
611 67 91 150
816 47 93 150
645 24 73 150
262 309 78 150
444 2 111 150
718 483 79 150
372 32 88 150
223 36 83 150
393 17 108 150
232 24 79 150
276 29 79 150
224 27 100 150
481 641 82 150
214 25 116 150
367 46 82 150
597 14 83 150
651 679 108 150
379 45 82 150
471 21 92 150
246 299 72 150
166 703 130 150
797 25 101 150
553 29 77 150
350 27 82 150
234 19 107 150
357 13 77 150
359 619 74 150
387 663 78 150
777 24 86 150
553 66 95 150
701 298 67 150
749 803 67 150
424 30 97 150
283 802 77 150
159 41 76 150
270 22 77 150
659 34 88 150
551 53 77 150
808 16 85 150
163 34 77 150
399 36 81 150
648 14 79 150
805 18 72 150
231 33 99 150
159 484 78 150
357 51 106 150
721 30 106 150
651 15 84 150
803 13 89 150
663 325 66 150
278 12 81 150
296 222 75 150
213 16 79 150
483 17 65 150
726 640 106 150
268 57 109 150
168 729 115 150
742 15 80 150
345 611 65 150
480 56 76 150
642 18 75 150
420 9 98 150
295 1 70 150
166 34 75 150
299 53 74 150
742 717 79 150
711 776 116 150
721 10 104 150
333 31 69 150
290 10 85 150
604 644 69 150
364 8 69 150
456 30 79 150
287 722 75 150
661 56 128 150
305 665 80 150
749 0 76 150
388 1 76 150
809 14 79 150
740 19 69 150
258 2 123 150
304 17 80 150
362 20 79 150
245 24 63 150
385 57 68 150
594 2 79 150
678 16 78 150
349 29 65 150
389 11 78 150
722 45 75 150
290 46 99 150
595 46 81 150
722 329 64 150
721 64 115 150
727 18 83 150
307 56 83 150
372 12 83 150
307 53 75 150
675 18 63 150
729 57 113 150
748 53 83 150
250 57 107 150
806 13 78 150
280 665 96 150
320 19 90 150
346 9 93 150
727 11 103 150
613 294 85 150
278 10 92 150
395 302 78 150
652 51 113 150
808 610 88 150
434 30 79 150
671 747 81 150
329 64 77 150
306 45 77 150
275 728 71 150
458 24 77 150
744 11 77 150
157 14 67 150
719 51 112 150
788 238 84 150
379 9 67 150
369 12 74 150
259 51 112 150
604 778 62 150
319 45 72 150
329 0 77 150
329 53 81 150
313 50 115 150
350 488 86 150
303 57 71 150
399 375 67 150
440 641 91 150
254 343 73 150
326 58 72 150
711 239 76 150
654 18 95 150
243 46 81 150
260 25 62 150
771 8 80 150
663 14 90 150
328 57 76 150
388 370 81 150
143 16 87 150
444 52 73 150
306 53 88 150
449 47 60 150
363 151 62 150
671 430 81 150
430 46 80 150
400 240 71 150
442 12 77 150
788 31 74 150
309 17 75 150
220 155 72 150
355 15 83 150
484 8 83 150
257 31 75 150
458 7 66 150
440 26 70 150
354 66 67 150
745 376 87 150
366 66 84 150
369 66 84 150
216 21 89 150
143 14 92 150
313 29 64 150
777 25 71 150
216 22 81 150
433 60 74 150
265 30 70 150
228 19 74 150
215 25 64 150
616 52 81 150
256 46 63 150
805 52 69 150
667 26 71 150
677 29 69 150
679 29 62 150
484 25 81 150
353 17 63 150
400 66 68 150
340 66 80 150
442 375 70 150
704 718 88 150
151 31 73 150
611 149 73 150
375 19 83 150
245 220 84 150
804 254 73 150
315 20 70 150
656 784 92 150
228 7 75 150
263 216 73 150
430 8 75 150
214 30 62 150
702 715 81 150
148 20 59 150
432 46 72 150
662 315 67 150
452 23 82 150
771 643 77 150
379 58 67 150
610 46 93 150
777 248 72 150
353 57 58 150
439 57 81 150
654 23 72 150
366 29 67 150
226 63 57 150
331 22 72 150
801 370 72 150
729 52 67 150
651 17 66 150
225 58 76 150
773 20 62 150
659 651 80 150
606 20 91 150
216 47 64 150
652 66 71 150
659 66 70 150
250 66 76 150
776 19 67 150
247 9 75 150
434 53 71 150
165 0 75 150
700 1 71 150
160 10 78 150
652 441 56 150
777 669 71 150
169 64 71 150
248 157 64 150
210 22 71 150
667 30 78 150
674 30 74 150
214 19 83 150
661 66 80 150
802 52 79 150
728 448 67 150
147 784 70 150
430 29 80 150
217 19 78 150
242 640 86 150
145 23 60 150
160 23 59 150
213 9 64 150
160 0 66 150
650 11 73 150
666 0 74 150
343 23 69 150
397 0 69 150
704 719 70 150
249 52 67 150
642 713 54 150
238 0 79 150
313 56 65 150
809 10 78 150
675 2 78 150
643 53 56 150
153 2 59 150
243 719 88 150
259 7 80 150
267 53 78 150
728 63 84 150
723 11 68 150
253 58 70 150
154 50 78 150
313 19 69 150
369 21 68 150
154 64 72 150
157 64 62 150
369 20 68 150
649 17 68 150
332 53 76 150
239 8 85 150
164 11 65 150
775 0 76 150
148 63 57 150
394 23 71 150
211 0 76 150
237 23 70 150
644 51 51 150
662 17 85 150
