535 68 266 1000
530 825 228 1000
537 39 241 1000
826 38 258 1000
534 529 227 1000
530 49 215 1000
752 38 205 1000
541 636 194 1000
520 40 206 1000
208 39 184 1000
537 6 194 1000
173 821 173 1000
515 68 168 1000
637 510 202 1000
208 520 175 1000
790 534 173 1000
533 18 197 1000
531 62 161 1000
529 191 162 1000
823 43 159 1000
824 34 194 1000
185 38 169 1000
499 68 163 1000
631 694 195 1000
687 39 180 1000
828 62 158 1000
513 61 194 1000
177 49 160 1000
635 37 149 1000
567 68 164 1000
837 4 153 1000
465 68 163 1000
820 28 165 1000
572 69 192 1000
305 39 164 1000
188 69 147 1000
752 6 151 1000
602 39 152 1000
439 530 151 1000
528 36 155 1000
542 6 147 1000
751 44 198 1000
488 68 150 1000
545 4 158 1000
792 49 152 1000
304 821 157 1000
535 804 151 1000
821 24 156 1000
636 59 146 1000
224 824 148 1000
265 822 143 1000
144 533 140 1000
540 3 143 1000
228 68 149 1000
837 492 144 1000
828 26 159 1000
557 38 148 1000
817 836 143 1000
687 836 138 1000
627 833 144 1000
737 49 162 1000
520 16 156 1000
833 55 139 1000
285 38 141 1000
492 836 153 1000
628 69 140 1000
825 66 145 1000
631 21 176 1000
826 26 152 1000
825 22 152 1000
145 68 144 1000
256 38 178 1000
598 38 150 1000
754 628 133 1000
481 38 151 1000
527 13 138 1000
632 24 137 1000
704 68 147 1000
715 68 152 1000
564 40 135 1000
761 61 132 1000
744 38 147 1000
747 38 147 1000
283 49 137 1000
210 68 137 1000
143 68 151 1000
306 40 172 1000
502 61 135 1000
541 59 141 1000
408 38 145 1000
318 49 174 1000
521 18 145 1000
825 19 134 1000
163 831 170 1000
768 40 148 1000
253 49 173 1000
605 40 173 1000
607 40 180 1000
525 21 139 1000
606 49 134 1000
521 347 157 1000
540 28 135 1000
487 69 133 1000
764 61 156 1000
815 61 156 1000
305 69 132 1000
638 45 145 1000
546 27 141 1000
264 49 136 1000
540 358 166 1000
835 45 140 1000
399 38 141 1000
298 754 132 1000
712 69 170 1000
481 69 153 1000
709 754 169 1000
837 19 176 1000
247 638 134 1000
702 638 139 1000
154 630 143 1000
652 753 164 1000
638 52 134 1000
549 24 134 1000
802 49 134 1000
546 748 128 1000
529 52 137 1000
245 61 166 1000
548 1 175 1000
834 9 132 1000
808 49 136 1000
545 16 121 1000
335 49 126 1000
741 40 125 1000
644 49 146 1000
713 49 143 1000
636 51 125 1000
838 141 130 1000
636 64 134 1000
457 40 132 1000
220 69 137 1000
513 5 162 1000
648 69 136 1000
718 836 132 1000
340 61 128 1000
323 548 152 1000
832 166 132 1000
650 69 137 1000
573 186 157 1000
544 22 120 1000
756 25 121 1000
207 3 120 1000
518 565 156 1000
184 736 170 1000
672 751 127 1000
430 61 130 1000
541 21 125 1000
804 548 135 1000
548 9 121 1000
758 2 124 1000
642 61 127 1000
193 6 127 1000
197 6 128 1000
211 751 127 1000
373 40 129 1000
173 37 128 1000
587 5 161 1000
195 417 165 1000
578 5 157 1000
541 667 125 1000
332 40 133 1000
201 385 160 1000
158 40 115 1000
770 40 125 1000
208 749 163 1000
722 40 142 1000
544 63 133 1000
762 6 111 1000
477 564 146 1000
586 42 161 1000
201 27 111 1000
563 6 131 1000
565 6 122 1000
200 32 116 1000
499 518 110 1000
178 490 137 1000
731 815 145 1000
818 44 159 1000
462 795 146 1000
382 3 148 1000
578 33 145 1000
420 505 155 1000
513 462 117 1000
518 467 118 1000
510 60 164 1000
350 6 146 1000
814 195 115 1000
196 685 112 1000
474 33 145 1000
818 32 152 1000
795 3 117 1000
329 3 143 1000
410 5 107 1000
518 33 115 1000
577 567 102 1000
208 24 119 1000
389 6 108 1000
576 813 107 1000
203 596 112 1000
500 388 139 1000
322 202 113 1000
225 5 140 1000
182 15 101 1000
796 42 106 1000
799 42 116 1000
200 7 138 1000
184 24 110 1000
494 797 110 1000
283 6 110 1000
502 320 140 1000
504 42 105 1000
805 4 138 1000
382 54 137 1000
470 736 98 1000
325 177 98 1000
597 44 134 1000
328 43 136 1000
477 24 139 1000
596 4 100 1000
562 27 94 1000
795 44 99 1000
325 4 97 1000
797 18 137 1000
476 35 114 1000
465 731 104 1000
383 37 99 1000
481 28 147 1000
568 32 96 1000
812 65 93 1000
151 4 142 1000
153 4 145 1000
305 4 108 1000
574 573 108 1000
475 60 136 1000
283 37 103 1000
197 644 145 1000
172 16 98 1000
563 42 98 1000
795 54 107 1000
286 67 134 1000
708 37 156 1000
512 53 138 1000
592 67 147 1000
508 65 97 1000
507 36 102 1000
475 59 108 1000
208 345 102 1000
697 65 99 1000
795 27 97 1000
737 573 122 1000
791 31 136 1000
696 62 109 1000
533 68 278 300
427 33 102 1000
233 6 112 1000
280 32 136 1000
761 54 99 1000
418 62 100 1000
730 48 96 1000
739 33 107 1000
285 5 101 1000
512 57 134 1000
340 6 116 1000
172 7 135 1000
191 18 105 1000
573 552 91 1000
366 170 95 1000
447 6 110 1000
813 43 105 1000
493 232 143 1000
348 4 97 1000
393 762 131 1000
605 5 100 1000
577 55 105 1000
182 8 95 1000
395 177 96 1000
584 32 105 1000
198 16 98 1000
242 200 96 1000
695 557 99 1000
331 204 103 1000
197 13 94 1000
228 59 142 1000
367 4 89 1000
257 203 95 1000
423 43 114 1000
478 67 117 1000
417 8 132 1000
185 805 96 1000
424 29 128 1000
188 30 95 1000
360 33 140 1000
462 22 141 1000
445 173 87 1000
583 24 97 1000
497 556 102 1000
264 191 103 1000
379 44 131 1000
801 791 130 1000
571 246 130 1000
513 9 108 1000
377 515 97 1000
373 620 130 1000
489 42 90 1000
565 24 86 1000
654 6 101 1000
662 176 102 1000
814 141 139 1000
699 30 128 1000
264 32 130 1000
250 6 96 1000
476 749 97 1000
325 792 110 1000
189 667 111 1000
660 410 147 1000
416 388 92 1000
178 9 101 1000
325 811 95 1000
645 42 139 1000
160 461 138 1000
242 510 104 1000
168 35 129 1000
781 518 85 1000
495 53 129 1000
490 14 88 1000
604 499 100 1000
502 16 94 1000
748 59 94 1000
697 41 99 1000
384 27 94 1000
383 62 92 1000
768 50 126 1000
388 462 99 1000
741 13 124 1000
442 5 88 1000
240 35 130 1000
417 1 124 1000
329 59 88 1000
262 5 99 1000
588 45 90 1000
491 31 104 1000
736 60 90 1000
420 56 123 1000
490 11 125 1000
575 41 99 1000
421 53 126 1000
289 35 89 1000
671 55 124 1000
370 5 87 1000
294 32 88 1000
294 426 97 1000
505 338 135 1000
687 64 124 1000
422 15 88 1000
500 58 124 1000
462 45 92 1000
563 45 99 1000
490 46 97 1000
573 435 90 1000
503 14 100 1000
296 59 100 1000
177 56 100 1000
474 16 100 1000
429 64 132 1000
517 51 102 1000
707 5 92 1000
354 44 91 1000
354 15 126 1000
738 18 96 1000
500 24 96 1000
223 44 82 1000
695 46 86 1000
823 40 196 300
606 54 89 1000
749 65 96 1000
812 403 91 1000
324 812 99 1000
198 66 106 1000
463 34 95 1000
620 31 95 1000
627 31 87 1000
695 324 95 1000
741 67 108 1000
393 42 90 1000
394 42 90 1000
734 60 108 1000
275 503 109 1000
789 5 95 1000
616 36 101 1000
172 11 95 1000
362 814 87 1000
749 48 95 1000
492 29 85 1000
439 55 80 1000
762 12 90 1000
578 371 87 1000
194 19 89 1000
198 19 87 1000
400 55 89 1000
287 8 125 1000
764 45 97 1000
355 62 82 1000
480 801 122 1000
390 65 89 1000
571 20 79 1000
769 46 97 1000
748 9 121 1000
433 27 85 1000
224 46 123 1000
234 65 78 1000
508 13 106 1000
441 62 83 1000
728 556 132 1000
697 22 83 1000
335 388 128 1000
405 27 82 1000
449 737 102 1000
450 22 130 1000
761 246 87 1000
811 679 87 1000
488 66 119 1000
464 803 83 1000
612 43 102 1000
557 53 129 1000
738 9 84 1000
445 36 87 1000
400 686 95 1000
390 27 94 1000
502 21 87 1000
815 12 81 1000
159 43 87 1000
380 34 83 1000
377 16 120 1000
246 697 90 1000
692 23 81 1000
196 39 226 300
311 42 89 1000
561 252 86 1000
332 44 86 1000
444 42 93 1000
652 285 130 1000
773 742 116 1000
349 35 91 1000
567 10 78 1000
294 13 79 1000
429 164 86 1000
156 410 88 1000
781 410 76 1000
429 9 83 1000
166 60 120 1000
578 23 92 1000
653 44 90 1000
761 56 85 1000
579 247 80 1000
470 47 94 1000
557 57 118 1000
654 764 80 1000
220 48 100 1000
698 30 90 1000
742 18 85 1000
642 36 92 1000
578 9 94 1000
788 36 80 1000
796 23 100 1000
250 43 96 1000
643 33 99 1000
576 66 90 1000
578 58 85 1000
503 53 95 1000
645 60 125 1000
286 18 88 1000
293 14 82 1000
420 244 85 1000
787 67 88 1000
654 429 80 1000
290 45 79 1000
279 14 84 1000
383 7 117 1000
240 59 94 1000
343 22 125 1000
821 6 173 300
233 62 99 1000
612 382 84 1000
799 12 89 1000
590 729 118 1000
467 26 92 1000
485 41 89 1000
646 465 89 1000
654 55 89 1000
592 18 84 1000
672 48 84 1000
262 610 114 1000
474 64 74 1000
150 27 78 1000
722 59 79 1000
817 57 89 1000
764 58 79 1000
789 32 83 1000
464 17 78 1000
322 24 80 1000
652 65 84 1000
282 46 83 1000
248 32 93 1000
665 48 81 1000
338 42 96 1000
319 427 87 1000
706 46 127 1000
408 47 113 1000
738 7 83 1000
642 46 118 1000
821 62 217 300
424 147 80 1000
423 670 78 1000
226 30 113 1000
265 12 127 1000
780 28 78 1000
761 58 73 1000
714 67 78 1000
299 610 83 1000
579 2 80 1000
476 7 86 1000
399 484 83 1000
654 463 87 1000
222 388 79 1000
355 20 117 1000
724 55 82 1000
719 35 87 1000
464 250 88 1000
699 11 75 1000
370 393 116 1000
215 466 96 1000
456 45 82 1000
462 51 82 1000
456 13 75 1000
360 240 117 1000
420 51 77 1000
252 45 112 1000
509 2 76 1000
694 2 76 1000
696 2 79 1000
231 21 121 1000
481 14 86 1000
288 18 78 1000
767 11 96 1000
699 19 81 1000
400 23 114 1000
467 53 86 1000
667 42 90 1000
425 17 79 1000
238 705 111 1000
449 9 115 1000
721 27 86 1000
684 7 86 1000
813 52 79 1000
280 8 83 1000
292 20 85 1000
613 16 70 1000
527 33 197 300
619 296 85 1000
687 63 85 1000
687 38 198 300
537 43 169 300
467 38 193 300
282 60 88 1000
231 23 115 1000
367 17 115 1000
411 52 80 1000
353 34 75 1000
178 38 167 300
298 20 80 1000
361 50 113 1000
231 272 73 1000
828 28 161 300
342 296 88 1000
551 340 85 1000
189 49 156 300
616 51 119 1000
530 21 202 300
509 0 88 1000
505 53 88 1000
735 1 97 1000
378 662 112 1000
745 21 86 1000
369 63 119 1000
437 15 97 1000
651 552 74 1000
262 56 111 1000
227 748 84 1000
233 13 88 1000
391 15 75 1000
485 394 86 1000
822 298 147 300
432 18 83 1000
704 41 73 1000
301 149 78 1000
164 313 121 1000
165 704 108 1000
248 25 110 1000
326 18 98 1000
805 322 89 1000
444 16 76 1000
296 22 83 1000
302 319 81 1000
528 67 145 300
608 9 78 1000
278 18 83 1000
233 57 109 1000
384 17 87 1000
242 306 70 1000
322 802 84 1000
393 16 73 1000
212 25 107 1000
238 46 80 1000
643 272 80 1000
246 20 112 1000
306 30 82 1000
222 60 82 1000
555 57 77 1000
787 24 88 1000
519 61 154 300
463 636 156 300
528 8 191 300
595 666 70 1000
163 556 81 1000
721 41 72 1000
554 12 85 1000
167 711 117 1000
249 270 71 1000
450 30 71 1000
596 12 73 1000
788 777 106 1000
283 2 68 1000
642 742 81 1000
333 23 111 1000
242 24 78 1000
711 20 117 1000
456 315 76 1000
837 44 149 300
748 1 76 1000
826 12 148 300
777 273 79 1000
704 15 91 1000
704 14 70 1000
286 50 77 1000
728 294 82 1000
805 64 117 1000
646 214 110 1000
648 212 110 1000
366 236 79 1000
413 69 147 300
153 60 65 1000
596 723 80 1000
408 12 85 1000
646 15 80 1000
409 8 69 1000
659 24 65 1000
242 41 70 1000
324 2 86 1000
298 0 73 1000
332 56 119 1000
252 270 87 1000
824 231 160 300
608 66 75 1000
773 14 75 1000
377 68 150 300
835 27 142 300
364 29 80 1000
258 24 75 1000
275 254 74 1000
160 51 105 1000
456 47 90 1000
776 60 76 1000
835 360 177 300
248 24 69 1000
324 20 83 1000
678 50 115 1000
227 22 71 1000
350 9 74 1000
366 25 74 1000
655 15 79 1000
642 45 78 1000
147 39 158 300
668 57 117 1000
438 701 70 1000
595 53 67 1000
391 45 92 1000
705 46 77 1000
527 8 142 300
710 34 79 1000
265 14 83 1000
353 224 82 1000
758 59 139 300
359 9 67 1000
602 53 64 1000
554 52 68 1000
784 7 107 1000
770 60 78 1000
324 66 88 1000
581 61 148 300
336 11 106 1000
458 64 63 1000
323 58 78 1000
525 66 133 300
366 61 170 300
715 16 78 1000
721 45 86 1000
534 39 220 150
393 372 76 1000
219 45 82 1000
216 63 114 1000
375 365 77 1000
745 11 77 1000
358 23 72 1000
650 46 67 1000
409 40 166 300
391 169 83 1000
164 29 65 1000
717 11 115 1000
405 47 76 1000
598 2 66 1000
311 19 102 1000
395 157 64 1000
596 61 132 300
775 31 76 1000
147 19 106 1000
344 20 79 1000
146 610 67 1000
238 69 142 300
331 440 66 1000
245 222 79 1000
220 148 77 1000
770 49 136 300
540 457 125 300
724 29 65 1000
616 63 65 1000
440 147 84 1000
788 12 70 1000
249 26 70 1000
360 56 60 1000
669 46 78 1000
237 56 65 1000
349 53 60 1000
781 29 75 1000
706 12 64 1000
601 52 65 1000
336 26 73 1000
233 20 75 1000
392 64 65 1000
829 632 202 150
808 372 64 1000
314 25 80 1000
311 29 67 1000
774 69 122 300
834 38 238 150
160 12 65 1000
662 21 78 1000
158 9 69 1000
149 47 77 1000
166 29 76 1000
158 18 83 1000
405 57 62 1000
824 541 202 150
824 549 202 150
143 21 63 1000
224 2 76 1000
160 265 85 1000
211 29 83 1000
703 20 58 1000
707 9 73 1000
641 169 79 1000
719 262 86 1000
540 68 206 150
828 40 196 150
169 21 73 1000
214 262 83 1000
441 672 88 1000
153 30 72 1000
393 57 67 1000
701 66 63 1000
673 708 75 1000
238 58 57 1000
371 10 67 1000
194 48 165 300
653 21 62 1000
809 0 78 1000
656 20 71 1000
635 69 195 150
545 546 223 150
445 51 66 1000
709 653 56 1000
660 216 69 1000
336 663 71 1000
311 47 71 1000
147 17 61 1000
563 812 158 300
247 259 74 1000
679 53 66 1000
839 40 196 150
335 250 75 1000
240 10 66 1000
200 28 132 300
231 51 71 1000
241 50 57 1000
780 63 61 1000
413 35 145 300
820 37 224 150
501 54 147 300
756 40 180 150
376 2 70 1000
195 68 225 150
168 53 71 1000
257 66 65 1000
752 542 193 150
782 63 54 1000
531 4 181 150
213 721 86 1000
656 53 59 1000
658 10 70 1000
257 2 77 1000
788 56 81 1000
210 17 68 1000
197 39 177 150
190 33 114 300
242 57 60 1000
172 68 176 150
216 1 70 1000
256 50 57 1000
789 11 53 1000
144 58 68 1000
562 531 182 150
146 7 69 1000
200 13 107 300
338 2 69 1000
741 39 200 150
696 39 167 150
504 39 168 150
202 758 197 150
156 184 137 300
531 65 163 150
583 38 201 150
495 687 106 300
631 6 160 150
206 637 180 150
294 68 198 150
601 6 110 300
252 63 59 1000
735 38 195 150
672 64 68 1000
567 48 115 300
698 68 163 150
735 65 97 300
675 1 59 1000
509 68 166 150
512 34 118 300
413 68 166 150
789 19 62 1000
635 3 157 150
537 483 164 150
535 21 200 150
704 539 193 150
821 33 166 150
160 39 191 150
256 652 67 1000
439 4 111 300
528 813 157 150
822 47 195 150
345 737 131 300
830 37 151 150
791 65 108 300
818 462 109 300
426 33 107 300
202 549 151 150
197 63 133 300
541 6 150 150
530 24 163 150
540 6 155 150
541 575 189 150
329 530 159 150
429 366 132 300
438 523 193 150
686 752 188 150
747 68 146 150
731 557 92 300
665 53 69 1000
243 68 186 150
362 55 140 300
590 637 185 150
528 465 160 150
696 12 133 300
639 18 181 150
791 49 147 150
812 480 98 300
543 4 144 150
356 32 130 300
632 13 181 150
355 829 161 150
540 67 193 150
411 38 169 150
603 49 183 150
465 49 154 150
636 28 140 150
423 40 181 150
833 42 149 150
290 735 93 300
408 39 157 150
541 3 154 150
787 173 102 300
533 314 153 150
537 315 145 150
787 39 149 150
535 23 153 150
530 50 138 150
820 47 147 150
824 31 156 150
660 4 102 300
627 832 155 150
830 55 157 150
216 534 162 150
823 30 142 150
835 65 141 150
639 27 165 150
812 69 146 150
423 21 135 300
166 825 141 150
836 577 161 150
770 39 151 150
521 13 155 150
182 10 96 300
350 5 100 300
412 69 152 150
309 38 152 150
829 656 150 150
828 30 150 150
259 39 160 150
585 757 139 150
294 61 177 150
638 20 177 150
522 58 184 150
503 17 138 300
465 838 159 150
767 60 99 300
519 52 94 300
148 826 138 150
596 628 84 300
450 38 137 150
186 52 109 300
491 63 126 300
834 42 163 150
172 52 99 300
583 40 153 150
678 39 152 150
548 42 143 150
318 17 64 1000
577 40 133 150
828 7 139 150
631 2 175 150
466 60 93 300
756 59 143 150
685 69 147 150
639 214 187 150
638 34 139 150
631 53 172 150
638 53 176 150
253 68 152 150
541 14 184 150
545 500 139 150
568 57 123 300
637 458 135 150
522 22 142 150
736 61 139 150
470 40 141 150
545 67 130 150
171 642 112 300
329 13 124 300
829 52 140 150
722 49 173 150
422 61 145 150
344 38 136 150
197 2 92 300
694 14 90 300
308 44 97 300
232 575 82 300
837 24 139 150
831 593 139 150
544 474 143 150
636 343 133 150
795 322 96 300
636 29 141 150
413 18 87 300
423 61 142 150
735 40 145 150
741 29 125 300
521 56 137 150
484 12 121 300
525 2 129 150
325 49 145 150
529 50 136 150
740 834 141 150
654 527 140 150
790 26 90 300
606 44 95 300
430 839 138 150
342 507 86 300
682 344 85 300
417 343 94 300
637 649 134 150
758 14 134 150
415 29 83 300
204 5 169 150
521 57 138 150
757 1 163 150
174 519 166 150
551 40 127 150
791 22 85 300
608 36 93 300
543 727 166 150
378 44 84 300
622 22 81 300
707 40 175 150
354 46 118 300
738 31 93 300
231 69 124 150
476 47 98 300
353 837 135 150
172 37 164 150
191 4 176 150
636 58 130 150
560 23 97 300
422 26 81 300
771 493 82 300
839 66 125 150
146 635 134 150
456 40 119 150
585 1 87 300
290 18 87 300
444 69 138 150
543 13 134 150
206 6 143 150
803 69 123 150
831 338 133 150
231 28 81 300
247 69 128 150
610 40 128 150
571 22 91 300
189 6 117 150
285 40 148 150
540 14 142 150
210 69 122 150
836 58 126 150
544 377 121 150
832 57 121 150
390 61 131 150
233 40 126 150
189 4 131 150
806 43 90 300
787 757 122 150
834 19 125 150
185 175 128 150
692 52 89 300
618 61 130 150
262 40 132 150
541 23 124 150
540 679 114 150
729 42 90 300
174 818 158 150
189 3 121 150
709 54 74 300
758 143 130 150
702 40 128 150
518 179 117 150
585 53 79 300
729 55 79 300
801 40 117 150
734 58 78 300
757 11 132 150
148 40 131 150
646 40 112 150
696 3 154 150
503 217 98 300
692 11 79 300
655 43 93 300
673 28 73 300
424 10 76 300
726 61 135 150
143 62 89 300
549 0 117 150
697 19 77 300
215 33 77 300
175 5 125 150
194 37 134 150
608 57 112 300
540 58 124 150
209 43 114 150
548 63 124 150
675 61 127 150
620 57 86 300
319 40 126 150
500 6 117 150
541 53 122 150
412 6 113 150
220 53 115 300
200 27 116 150
668 48 85 300
204 48 106 150
349 0 112 300
694 184 109 150
568 696 148 150
499 4 110 150
742 177 155 150
553 195 150 150
683 170 110 150
501 4 109 150
497 4 104 150
424 184 118 150
189 48 109 150
270 60 98 300
300 21 75 300
584 37 106 150
295 30 73 300
461 4 113 150
595 4 157 150
267 17 109 300
177 59 108 150
185 32 113 150
174 14 156 150
730 55 156 150
714 552 83 300
687 59 143 150
413 59 154 150
190 44 124 150
178 36 123 150
595 357 74 300
247 41 88 300
512 43 127 150
492 196 117 150
464 36 152 150
513 13 145 150
507 37 105 150
429 59 144 150
429 3 106 150
429 518 119 150
411 32 141 150
206 296 111 150
501 28 144 150
814 197 116 150
319 286 87 300
413 28 145 150
762 3 126 150
191 16 141 150
739 3 126 150
452 3 145 150
291 659 70 300
178 33 115 150
475 3 115 150
222 172 145 150
185 29 140 150
793 5 114 150
483 207 114 150
275 668 82 300
641 248 123 300
389 50 72 300
148 15 77 300
666 776 107 300
292 64 70 300
474 5 114 150
770 20 121 300
169 52 110 300
557 6 113 150
740 252 71 300
742 584 138 150
208 16 113 150
493 41 140 150
553 4 118 150
579 816 107 150
275 25 75 300
583 42 107 150
472 586 107 150
278 9 71 300
570 42 107 150
326 6 104 150
185 34 121 150
388 42 137 150
497 767 107 150
576 412 99 150
248 6 142 150
627 485 149 150
280 718 70 300
185 670 142 150
581 420 106 150
767 44 106 150
356 345 86 300
818 739 117 150
179 41 101 150
300 4 102 150
207 7 139 150
817 503 105 150
484 62 137 150
173 294 120 150
293 48 138 150
695 43 95 150
185 16 108 150
445 18 81 300
499 500 100 150
606 6 109 150
488 19 73 300
171 271 104 150
641 4 148 150
568 505 109 150
697 565 101 150
354 204 104 150
420 323 140 150
492 65 104 150
681 596 136 150
793 55 104 150
507 60 137 150
268 12 79 300
696 60 135 150
176 52 148 150
185 63 145 150
581 28 98 150
287 197 95 150
737 44 98 150
561 28 103 150
286 63 77 300
672 45 78 300
796 55 97 150
174 17 137 150
391 29 69 300
768 32 113 150
483 37 108 150
470 43 99 150
699 35 99 150
692 36 102 150
468 44 110 150
509 36 93 150
207 12 106 150
693 33 105 150
795 48 100 150
413 65 97 150
726 15 68 300
172 13 103 150
237 6 102 150
273 3 108 150
350 47 63 300
209 8 117 150
432 44 136 150
504 48 96 150
620 497 107 150
260 578 136 150
693 27 96 150
508 28 92 150
457 146 71 300
172 225 96 150
490 400 131 150
466 28 101 150
415 48 96 150
422 45 134 150
619 645 73 300
188 610 98 150
195 50 141 150
186 19 136 150
472 763 106 150
262 564 136 150
440 206 109 150
202 642 116 150
578 62 117 150
370 6 95 150
147 5 136 150
192 63 144 150
602 5 110 150
322 37 114 150
768 65 105 150
778 201 97 150
198 51 140 150
173 234 104 150
722 458 86 300
165 394 72 300
430 3 100 150
762 59 104 150
340 4 103 150
495 448 133 150
640 366 72 300
348 65 131 150
372 6 104 150
265 42 134 150
220 37 99 150
685 619 129 150
814 54 104 150
357 59 132 150
300 299 131 150
815 26 143 150
663 575 139 150
364 3 103 150
202 2 92 150
209 52 95 150
476 27 103 150
497 9 128 150
195 29 94 150
300 388 130 150
441 699 132 150
195 13 117 150
343 779 72 300
185 21 108 150
388 588 92 150
141 233 90 300
233 178 104 150
673 6 93 150
371 4 103 150
481 476 97 150
387 276 130 150
512 8 111 150
681 9 128 150
687 41 107 150
494 320 97 150
203 63 92 150
563 24 109 150
300 44 97 150
301 44 97 150
307 15 129 150
570 23 139 150
741 587 94 150
217 46 86 300
739 700 137 150
294 55 106 150
701 22 74 300
441 36 134 150
808 179 91 150
465 167 126 150
190 26 91 150
236 195 111 150
491 271 99 150
485 59 96 150
444 48 131 150
583 34 104 150
581 253 126 150
461 30 128 150
437 11 66 300
148 6 101 150
515 154 96 150
741 685 85 150
207 53 113 150
278 43 95 150
780 373 76 300
298 42 90 150
789 172 90 150
474 296 100 150
467 246 125 150
168 37 91 150
296 62 90 150
283 35 105 150
156 4 105 150
711 6 100 150
375 192 89 150
791 18 95 150
504 52 127 150
568 24 91 150
553 36 93 150
748 55 94 150
762 34 89 150
655 508 128 150
686 2 124 150
178 661 99 150
429 24 94 150
551 33 93 150
606 813 94 150
662 36 136 150
813 50 135 150
287 59 89 150
787 62 124 150
698 14 87 150
586 57 127 150
466 14 104 150
283 692 103 150
288 694 89 150
652 4 104 150
502 10 134 150
252 26 64 300
641 59 128 150
581 58 124 150
728 42 137 150
303 45 138 150
464 715 126 150
288 27 84 150
278 65 96 150
189 57 103 150
384 28 98 150
426 66 127 150
153 35 125 150
420 41 88 150
556 28 92 150
781 54 138 150
487 225 123 150
413 60 87 150
178 0 98 150
342 212 74 300
509 480 101 150
475 15 88 150
716 193 99 150
222 41 125 150
503 45 103 150
724 4 87 150
796 31 93 150
603 59 93 150
648 47 64 300
211 35 125 150
649 5 98 150
650 59 126 150
515 11 89 150
802 5 96 150
776 48 137 150
774 3 97 150
770 25 68 300
586 31 89 150
271 32 93 150
584 16 97 150
220 504 92 150
775 21 75 300
366 58 58 300
186 58 107 150
493 31 86 150
256 54 127 150
700 5 86 150
605 574 96 150
556 48 100 150
553 54 96 150
198 23 118 150
465 741 100 150
362 588 86 150
505 46 88 150
513 652 96 150
430 35 91 150
696 264 91 150
249 3 106 150
353 43 81 150
689 18 97 150
303 62 106 150
575 14 95 150
238 663 62 300
417 19 127 150
268 42 90 150
466 13 97 150
445 768 85 150
194 56 95 150
729 3 98 150
581 8 85 150
796 613 90 150
171 19 85 150
361 462 93 150
799 29 84 150
357 35 79 150
434 27 84 150
369 18 119 150
439 577 104 150
165 298 123 150
695 8 82 150
403 43 87 150
573 30 89 150
552 34 79 150
236 65 90 150
394 64 67 300
586 21 84 150
609 618 121 150
444 474 92 150
344 55 82 150
742 41 99 150
477 45 93 150
568 20 93 150
508 9 98 150
355 28 99 150
766 26 85 150
380 244 118 150
225 54 86 150
712 20 66 300
166 0 70 300
583 12 95 150
588 12 96 150
583 23 83 150
413 9 99 150
622 9 88 150
595 28 93 150
769 20 87 150
444 55 83 150
344 561 102 150
815 441 92 150
581 52 97 150
488 593 88 150
360 54 84 150
332 50 61 300
554 719 128 150
764 156 87 150
393 62 82 150
803 43 82 150
805 43 83 150
441 65 81 150
776 497 101 150
643 689 93 150
578 66 83 150
554 308 83 150
495 29 92 150
587 10 87 150
572 0 87 150
322 47 117 150
655 384 124 150
562 66 81 150
673 1 66 300
283 20 119 150
749 23 129 150
314 695 88 150
677 814 86 150
583 26 92 150
572 50 90 150
481 24 94 150
659 768 92 150
387 53 116 150
581 50 87 150
379 27 82 150
677 288 129 150
248 507 96 150
383 10 116 150
575 26 96 150
349 43 91 150
151 302 118 150
731 395 94 150
258 483 120 150
788 44 101 150
416 12 81 150
562 56 76 150
298 607 83 150
480 13 86 150
475 12 83 150
154 42 86 150
601 41 76 150
424 30 86 150
592 149 118 150
747 24 81 150
749 66 121 150
611 67 104 150
816 47 91 150
775 44 81 150
335 35 91 150
150 20 79 300
329 141 115 150
223 36 100 150
554 31 80 150
693 66 85 150
737 719 80 150
807 65 75 150
696 52 95 150
165 65 80 150
662 67 95 150
674 64 69 300
740 24 82 150
216 254 60 300
224 27 90 150
494 17 78 150
375 54 80 150
716 813 85 150
484 64 115 150
508 17 85 150
812 53 95 150
312 65 75 150
338 59 80 150
475 30 100 150
806 33 88 150
332 36 92 150
782 35 86 150
325 23 127 150
668 59 80 150
775 42 90 150
791 0 75 150
808 13 128 150
739 10 85 150
797 25 93 150
350 27 93 150
793 50 77 150
471 21 103 150
481 45 79 150
806 28 89 150
296 222 94 150
593 24 85 150
597 14 85 150
652 42 90 150
697 714 88 150
219 812 74 150
776 67 88 150
268 35 109 150
811 50 77 150
705 43 89 150
247 36 84 150
336 410 93 150
815 10 88 150
335 59 84 150
150 55 84 150
503 56 74 150
627 17 77 150
399 36 92 150
602 52 118 150
622 23 89 150
243 33 94 150
154 36 79 150
377 434 119 150
375 27 89 150
391 53 69 300
417 50 84 150
249 470 79 150
583 10 92 150
553 29 84 150
155 27 89 150
240 54 74 150
429 53 84 150
654 696 107 150
424 50 78 150
802 55 88 150
653 60 128 150
302 7 116 150
231 33 88 150
233 1 69 300
609 56 113 150
239 555 77 150
145 63 71 300
219 53 64 300
734 332 87 150
712 33 81 150
694 332 83 150
362 9 113 150
365 9 115 150
307 14 80 150
627 164 78 150
270 0 128 150
372 32 90 150
463 1 83 150
778 48 93 150
259 48 78 150
145 28 83 150
251 35 88 150
503 7 93 150
561 50 98 150
742 15 88 150
718 36 93 150
674 65 87 150
503 51 73 150
612 644 114 150
305 31 77 150
420 9 88 150
681 56 88 150
701 48 98 150
579 57 89 150
215 10 58 300
595 46 82 150
160 421 97 150
658 65 88 150
424 165 77 150
763 1 81 150
574 7 88 150
656 32 82 150
813 53 81 150
590 45 72 150
312 565 97 150
709 19 63 300
156 59 81 150
212 35 95 150
763 2 87 150
640 32 87 150
576 52 87 150
262 309 82 150
395 302 82 150
388 442 79 150
472 50 96 150
662 35 86 150
466 58 72 150
768 11 87 150
364 23 114 150
290 46 90 150
315 476 96 150
507 7 86 150
764 52 79 150
722 33 96 150
248 400 126 150
682 7 96 150
619 24 76 150
735 19 71 150
222 24 77 150
389 8 77 150
552 20 77 150
613 294 88 150
509 51 86 150
474 19 73 150
388 370 90 150
168 22 126 150
306 45 85 150
458 24 85 150
276 29 80 150
145 65 99 150
357 13 80 150
246 62 88 150
430 46 80 150
232 24 74 150
387 663 79 150
553 9 74 150
154 62 88 150
489 47 69 150
393 17 114 150
350 488 84 150
245 59 84 150
745 376 79 150
397 34 76 150
489 25 74 150
318 33 98 150
701 298 69 150
357 51 110 150
270 22 74 150
701 51 67 300
156 349 110 150
449 454 84 150
159 484 80 150
253 8 133 150
283 802 88 150
551 53 78 150
444 2 118 150
159 41 79 150
166 703 120 150
749 803 71 150
355 15 83 150
484 8 86 150
371 60 73 150
299 53 78 150
646 20 107 150
724 64 67 300
786 311 112 150
290 10 78 150
663 325 80 150
163 34 77 150
645 24 83 150
433 60 92 150
718 483 88 150
367 46 74 150
166 34 67 150
268 57 110 150
388 1 77 150
214 25 117 150
430 8 77 150
483 17 70 150
359 619 73 150
742 717 75 150
553 66 84 150
480 56 77 150
808 16 77 150
379 45 71 150
484 25 91 150
307 56 86 150
456 30 71 150
366 29 77 150
307 53 86 150
604 644 82 150
168 729 109 150
245 24 76 150
481 641 82 150
748 53 77 150
651 679 111 150
651 15 77 150
246 299 71 150
287 722 76 150
661 56 109 150
721 30 119 150
385 57 82 150
777 24 77 150
234 19 109 150
278 12 74 150
349 29 65 150
726 640 108 150
659 34 79 150
432 46 90 150
648 14 71 150
389 11 70 150
749 0 65 150
642 18 75 150
345 611 79 150
610 46 93 150
722 329 70 150
369 12 85 150
295 1 74 150
675 18 65 150
711 776 107 150
303 57 75 150
313 50 106 150
604 778 74 150
275 728 79 150
278 10 74 150
434 30 70 150
606 20 83 150
364 8 71 150
329 64 69 150
319 45 64 150
258 2 118 150
803 13 79 150
305 665 72 150
809 14 79 150
333 31 69 150
304 17 81 150
362 20 69 150
805 18 81 150
243 46 73 150
740 19 68 150
399 375 68 150
260 25 78 150
727 18 73 150
220 155 73 150
721 10 106 150
452 23 78 150
671 430 73 150
326 58 68 150
430 29 81 150
721 64 105 150
328 57 81 150
788 31 74 150
806 13 86 150
280 665 68 150
346 9 70 150
652 51 106 150
722 45 72 150
808 610 96 150
671 747 87 150
719 51 113 150
678 16 71 150
440 26 80 150
265 30 81 150
744 11 77 150
157 14 69 150
442 12 70 150
616 52 82 150
458 7 78 150
259 51 104 150
363 151 65 150
729 57 105 150
400 240 65 150
354 66 68 150
213 16 77 150
250 57 105 150
329 0 66 150
372 12 76 150
727 11 117 150
329 53 68 150
256 46 71 150
379 9 66 150
400 66 72 150
340 66 72 150
320 19 85 150
594 2 66 150
788 238 71 150
442 375 66 150
394 23 71 150
654 18 86 150
677 29 64 150
679 29 61 150
237 23 81 150
449 47 79 150
369 21 79 150
667 26 75 150
369 20 86 150
663 14 76 150
143 16 79 150
711 239 66 150
306 53 76 150
239 8 78 150
343 23 75 150
439 57 70 150
309 17 75 150
257 31 75 150
771 8 70 150
225 58 69 150
226 63 62 150
801 370 59 150
366 66 86 150
369 66 85 150
143 14 74 150
313 29 67 150
228 19 74 150
444 52 69 150
662 315 79 150
247 9 62 150
652 441 69 150
353 57 62 150
331 22 74 150
667 30 62 150
777 25 68 150
216 22 68 150
353 17 75 150
254 343 72 150
215 25 64 150
315 20 77 150
728 448 83 150
210 22 68 150
151 31 87 150
611 149 77 150
148 20 61 150
245 220 86 150
263 216 73 150
228 7 72 150
160 23 57 150
804 254 74 150
248 157 57 150
805 52 71 150
214 30 64 150
440 641 81 150
242 640 76 150
213 9 71 150
147 784 62 150
773 20 64 150
216 47 62 150
165 0 77 150
145 23 71 150
216 21 70 150
777 248 61 150
704 718 71 150
160 10 76 150
771 643 88 150
160 0 66 150
434 53 71 150
666 0 60 150
652 66 62 150
659 66 61 150
704 719 61 150
249 52 67 150
642 713 62 150
313 56 78 150
777 669 79 150
700 1 61 150
674 30 70 150
643 53 60 150
379 58 70 150
802 52 79 150
661 66 70 150
375 19 75 150
154 64 60 150
157 64 69 150
651 17 75 150
729 52 65 150
250 66 68 150
702 715 92 150
397 0 69 150
164 11 56 150
644 51 59 150
654 23 69 150
238 0 69 150
148 63 68 150
809 10 82 150
243 719 69 150
267 53 82 150
656 784 68 150
169 64 79 150
253 58 69 150
313 19 59 150
649 17 68 150
332 53 76 150
650 11 76 150
728 63 74 150
154 50 78 150
659 651 71 150
775 0 67 150
259 7 73 150
217 19 78 150
675 2 57 150
153 2 58 150
776 19 61 150
211 0 80 150
214 19 82 150
662 17 75 150
723 11 65 150
