535 68 264 1000
530 825 231 1000
537 39 234 1000
826 38 257 1000
534 529 217 1000
530 49 216 1000
752 38 200 1000
541 636 186 1000
520 40 196 1000
208 39 184 1000
537 6 184 1000
173 821 179 1000
515 68 169 1000
208 520 171 1000
637 510 205 1000
790 534 163 1000
531 62 162 1000
533 18 198 1000
529 191 161 1000
823 43 159 1000
687 39 170 1000
499 68 164 1000
824 34 197 1000
185 38 172 1000
828 62 158 1000
567 68 168 1000
631 694 194 1000
177 49 165 1000
635 37 153 1000
465 68 165 1000
513 61 193 1000
820 28 166 1000
305 39 153 1000
837 4 154 1000
572 69 188 1000
188 69 151 1000
752 6 151 1000
602 39 152 1000
439 530 152 1000
488 68 153 1000
528 36 150 1000
542 6 149 1000
304 821 160 1000
751 44 182 1000
821 24 160 1000
792 49 154 1000
545 4 147 1000
535 804 156 1000
224 824 148 1000
636 59 145 1000
265 822 140 1000
144 533 143 1000
540 3 143 1000
228 68 150 1000
837 492 140 1000
557 38 150 1000
828 26 151 1000
737 49 155 1000
817 836 142 1000
627 833 143 1000
687 836 138 1000
492 836 152 1000
520 16 148 1000
833 55 140 1000
628 69 142 1000
826 26 154 1000
825 22 152 1000
285 38 139 1000
825 66 145 1000
481 38 151 1000
598 38 141 1000
145 68 145 1000
744 38 151 1000
747 38 150 1000
754 628 138 1000
631 21 181 1000
521 18 148 1000
527 13 138 1000
143 68 140 1000
632 24 133 1000
256 38 182 1000
715 68 143 1000
564 40 135 1000
761 61 133 1000
283 49 136 1000
210 68 136 1000
502 61 136 1000
704 68 150 1000
541 59 142 1000
408 38 143 1000
768 40 137 1000
318 49 176 1000
521 347 148 1000
306 40 177 1000
764 61 146 1000
825 19 130 1000
606 49 135 1000
815 61 145 1000
540 28 136 1000
525 21 143 1000
163 831 177 1000
605 40 172 1000
607 40 168 1000
487 69 134 1000
638 45 145 1000
253 49 178 1000
546 27 146 1000
305 69 133 1000
399 38 143 1000
298 754 134 1000
264 49 138 1000
481 69 143 1000
835 45 126 1000
540 358 174 1000
712 69 168 1000
154 630 136 1000
247 638 135 1000
702 638 128 1000
546 748 129 1000
709 754 173 1000
638 52 134 1000
549 24 134 1000
802 49 138 1000
837 19 172 1000
529 52 137 1000
652 753 166 1000
834 9 133 1000
545 16 125 1000
335 49 126 1000
741 40 126 1000
245 61 163 1000
220 69 137 1000
713 49 132 1000
323 548 138 1000
636 51 123 1000
548 1 167 1000
808 49 135 1000
838 141 120 1000
644 49 139 1000
636 64 136 1000
457 40 123 1000
718 836 133 1000
340 61 129 1000
648 69 124 1000
513 5 165 1000
832 166 132 1000
756 25 123 1000
430 61 133 1000
650 69 128 1000
544 22 120 1000
573 186 161 1000
207 3 115 1000
548 9 122 1000
672 751 119 1000
541 21 129 1000
804 548 130 1000
758 2 124 1000
518 565 158 1000
184 736 163 1000
642 61 129 1000
173 37 120 1000
193 6 128 1000
197 6 132 1000
211 751 130 1000
158 40 117 1000
373 40 131 1000
587 5 152 1000
578 5 159 1000
541 667 125 1000
195 417 157 1000
332 40 124 1000
201 385 158 1000
544 63 125 1000
770 40 128 1000
208 749 152 1000
722 40 128 1000
762 6 110 1000
201 27 110 1000
200 32 121 1000
563 6 123 1000
565 6 124 1000
499 518 110 1000
586 42 146 1000
477 564 148 1000
178 490 120 1000
731 815 149 1000
818 44 147 1000
462 795 149 1000
578 33 149 1000
513 462 107 1000
518 467 103 1000
382 3 146 1000
814 195 106 1000
420 505 148 1000
196 685 116 1000
510 60 152 1000
350 6 145 1000
474 33 147 1000
329 3 143 1000
818 32 144 1000
410 5 108 1000
795 3 115 1000
518 33 118 1000
577 567 102 1000
208 24 114 1000
389 6 98 1000
576 813 109 1000
494 797 101 1000
322 202 113 1000
574 573 114 1000
182 15 100 1000
796 42 108 1000
799 42 107 1000
203 596 111 1000
184 24 103 1000
500 388 140 1000
225 5 142 1000
504 42 106 1000
795 44 102 1000
283 6 112 1000
737 573 110 1000
470 736 98 1000
325 177 97 1000
563 42 104 1000
200 7 144 1000
562 27 94 1000
328 43 137 1000
325 4 98 1000
502 320 141 1000
476 35 104 1000
465 731 99 1000
596 4 99 1000
383 37 97 1000
805 4 143 1000
568 32 93 1000
697 65 99 1000
812 65 98 1000
508 65 101 1000
283 37 104 1000
696 62 101 1000
382 54 137 1000
477 24 133 1000
597 44 140 1000
795 27 100 1000
151 4 139 1000
153 4 137 1000
761 54 99 1000
172 16 97 1000
795 54 97 1000
813 43 108 1000
418 62 100 1000
739 33 102 1000
797 18 138 1000
577 55 108 1000
730 48 98 1000
286 67 138 1000
507 36 92 1000
475 59 97 1000
208 345 110 1000
481 28 139 1000
305 4 109 1000
475 60 133 1000
427 33 104 1000
233 6 104 1000
197 644 138 1000
708 37 138 1000
533 68 268 300
423 43 106 1000
512 53 141 1000
280 32 137 1000
584 32 107 1000
592 67 135 1000
285 5 95 1000
191 18 106 1000
573 552 94 1000
791 31 131 1000
478 67 107 1000
447 6 105 1000
366 170 96 1000
605 5 102 1000
348 4 95 1000
242 200 96 1000
512 57 134 1000
340 6 107 1000
182 8 93 1000
172 7 136 1000
198 16 102 1000
395 177 97 1000
695 557 101 1000
331 204 93 1000
197 13 94 1000
367 4 89 1000
493 232 134 1000
393 762 136 1000
497 556 93 1000
257 203 98 1000
228 59 133 1000
264 191 94 1000
185 805 94 1000
445 173 91 1000
583 24 99 1000
417 8 132 1000
188 30 97 1000
424 29 131 1000
360 33 127 1000
513 9 102 1000
377 515 98 1000
489 42 92 1000
416 388 93 1000
571 246 129 1000
565 24 90 1000
654 6 90 1000
462 22 134 1000
325 792 97 1000
662 176 100 1000
250 6 97 1000
476 749 98 1000
264 32 129 1000
575 41 101 1000
379 44 127 1000
801 791 144 1000
697 41 91 1000
325 811 89 1000
383 62 91 1000
373 620 135 1000
242 510 96 1000
814 141 130 1000
699 30 132 1000
781 518 93 1000
490 14 85 1000
604 499 89 1000
189 667 101 1000
660 410 130 1000
502 16 95 1000
748 59 96 1000
384 27 90 1000
178 9 105 1000
588 45 92 1000
294 426 102 1000
645 42 128 1000
160 461 129 1000
736 60 91 1000
289 35 92 1000
168 35 128 1000
442 5 87 1000
495 53 127 1000
296 59 98 1000
329 59 87 1000
563 45 90 1000
388 462 94 1000
324 812 98 1000
573 435 89 1000
768 50 126 1000
240 35 127 1000
262 5 100 1000
503 14 92 1000
491 31 95 1000
490 46 88 1000
695 324 98 1000
500 24 100 1000
741 13 128 1000
370 5 83 1000
275 503 100 1000
749 65 99 1000
671 55 125 1000
417 1 126 1000
687 64 127 1000
462 45 93 1000
695 46 89 1000
463 34 98 1000
741 67 98 1000
606 54 88 1000
734 60 100 1000
294 32 92 1000
420 56 127 1000
490 11 125 1000
517 51 92 1000
421 53 124 1000
429 64 124 1000
422 15 92 1000
707 5 85 1000
749 48 98 1000
354 44 92 1000
620 31 87 1000
627 31 88 1000
505 338 124 1000
823 40 197 300
223 44 85 1000
500 58 126 1000
474 16 90 1000
362 814 86 1000
764 45 97 1000
738 18 90 1000
812 403 85 1000
508 13 96 1000
177 56 101 1000
492 29 88 1000
769 46 96 1000
393 42 91 1000
394 42 91 1000
354 15 124 1000
616 36 92 1000
578 371 85 1000
439 55 80 1000
762 12 91 1000
433 27 87 1000
198 66 96 1000
612 43 95 1000
400 55 91 1000
355 62 83 1000
390 65 90 1000
287 8 127 1000
571 20 85 1000
697 22 84 1000
789 5 95 1000
172 11 99 1000
405 27 83 1000
194 19 89 1000
198 19 87 1000
400 686 94 1000
234 65 82 1000
738 9 83 1000
815 12 85 1000
480 801 120 1000
578 9 93 1000
390 27 84 1000
349 35 95 1000
748 9 121 1000
380 34 84 1000
441 62 82 1000
224 46 123 1000
470 47 93 1000
761 246 89 1000
811 679 91 1000
220 48 93 1000
159 43 88 1000
799 12 94 1000
728 556 123 1000
445 36 88 1000
464 803 83 1000
485 41 92 1000
429 9 83 1000
502 21 76 1000
579 247 84 1000
557 53 121 1000
561 252 87 1000
246 697 87 1000
311 42 76 1000
335 388 126 1000
449 737 95 1000
692 23 81 1000
450 22 123 1000
332 44 87 1000
233 62 92 1000
196 39 216 300
293 14 83 1000
488 66 119 1000
467 26 92 1000
567 10 79 1000
294 13 80 1000
429 164 87 1000
156 410 76 1000
781 410 80 1000
444 42 94 1000
290 45 80 1000
761 56 87 1000
654 764 75 1000
653 44 84 1000
742 18 86 1000
578 23 92 1000
578 58 86 1000
286 18 86 1000
377 16 117 1000
813 52 80 1000
557 57 122 1000
250 43 90 1000
503 53 87 1000
279 14 85 1000
420 244 78 1000
787 67 90 1000
322 24 82 1000
652 285 124 1000
773 742 129 1000
576 66 89 1000
240 59 86 1000
642 36 80 1000
665 48 79 1000
788 36 85 1000
319 427 92 1000
411 52 80 1000
612 382 86 1000
166 60 119 1000
821 6 172 300
643 33 81 1000
672 48 84 1000
424 147 83 1000
698 30 91 1000
423 670 79 1000
481 14 89 1000
654 429 80 1000
592 18 86 1000
667 42 91 1000
796 23 90 1000
474 64 75 1000
282 46 85 1000
150 27 74 1000
222 388 78 1000
789 32 88 1000
464 17 77 1000
645 60 123 1000
764 58 81 1000
817 57 81 1000
652 65 73 1000
248 32 85 1000
262 610 119 1000
654 55 78 1000
383 7 119 1000
343 22 115 1000
738 7 85 1000
646 465 92 1000
590 729 118 1000
780 28 77 1000
338 42 91 1000
722 59 80 1000
282 60 91 1000
761 58 73 1000
714 67 77 1000
299 610 87 1000
476 7 84 1000
399 484 83 1000
821 62 208 300
265 12 115 1000
467 53 79 1000
724 55 76 1000
425 17 80 1000
551 340 87 1000
699 11 72 1000
619 296 90 1000
579 2 77 1000
456 45 84 1000
462 51 74 1000
408 47 120 1000
706 46 117 1000
735 1 87 1000
456 13 76 1000
509 0 89 1000
505 53 87 1000
642 46 120 1000
654 463 87 1000
226 30 118 1000
420 51 71 1000
342 296 86 1000
699 19 86 1000
355 20 117 1000
537 43 171 300
353 34 77 1000
215 466 90 1000
719 35 92 1000
464 250 86 1000
288 18 81 1000
280 8 82 1000
694 2 76 1000
696 2 82 1000
370 393 117 1000
326 18 86 1000
509 2 80 1000
613 16 75 1000
360 240 115 1000
687 63 86 1000
437 15 85 1000
278 18 85 1000
227 748 85 1000
252 45 120 1000
767 11 88 1000
231 21 114 1000
527 33 197 300
687 38 197 300
400 23 116 1000
485 394 86 1000
292 20 76 1000
298 20 81 1000
467 38 196 300
231 272 73 1000
238 705 115 1000
828 28 163 300
721 27 86 1000
178 38 170 300
684 7 88 1000
449 9 118 1000
189 49 155 300
296 22 85 1000
554 12 86 1000
231 23 113 1000
367 17 112 1000
530 21 196 300
651 552 74 1000
361 50 112 1000
233 13 80 1000
745 21 76 1000
222 60 86 1000
262 56 108 1000
822 298 151 300
616 51 113 1000
704 41 72 1000
301 149 79 1000
163 556 84 1000
378 662 113 1000
805 322 83 1000
391 15 73 1000
369 63 112 1000
444 16 68 1000
302 319 71 1000
528 67 149 300
554 52 75 1000
432 18 78 1000
608 9 80 1000
322 802 74 1000
596 12 72 1000
384 17 77 1000
248 25 112 1000
242 306 71 1000
324 20 82 1000
555 57 81 1000
164 313 108 1000
463 636 147 300
238 46 71 1000
643 272 81 1000
165 704 114 1000
787 24 81 1000
519 61 156 300
265 14 81 1000
595 666 70 1000
721 41 71 1000
393 16 75 1000
249 270 70 1000
456 47 84 1000
242 41 75 1000
283 2 66 1000
528 8 184 300
233 57 110 1000
246 20 114 1000
242 24 66 1000
298 0 74 1000
450 30 74 1000
456 315 78 1000
837 44 151 300
748 1 77 1000
826 12 150 300
777 273 80 1000
364 29 72 1000
212 25 113 1000
704 14 69 1000
248 24 72 1000
391 45 82 1000
728 294 78 1000
306 30 80 1000
824 231 153 300
366 236 67 1000
353 224 83 1000
324 2 75 1000
227 22 70 1000
413 69 149 300
153 60 69 1000
835 27 143 300
408 12 76 1000
646 15 70 1000
167 711 111 1000
409 8 69 1000
659 24 69 1000
147 39 151 300
596 723 70 1000
252 270 79 1000
275 254 76 1000
642 742 86 1000
788 777 107 1000
608 66 77 1000
773 14 79 1000
333 23 114 1000
377 68 151 300
258 24 80 1000
711 20 110 1000
704 15 83 1000
805 64 110 1000
776 60 79 1000
286 50 67 1000
350 9 75 1000
366 25 76 1000
642 45 75 1000
835 360 178 300
646 214 109 1000
648 212 110 1000
601 52 72 1000
438 701 72 1000
595 53 68 1000
705 46 75 1000
758 59 137 300
581 61 147 300
527 8 143 300
332 56 112 1000
359 9 69 1000
602 53 67 1000
160 51 104 1000
405 47 81 1000
655 15 81 1000
323 58 68 1000
678 50 105 1000
668 57 109 1000
458 64 63 1000
324 66 80 1000
344 20 79 1000
721 45 76 1000
710 34 77 1000
525 66 134 300
534 39 225 150
393 372 66 1000
219 45 77 1000
358 23 73 1000
650 46 66 1000
366 61 170 300
784 7 107 1000
391 169 73 1000
770 60 81 1000
245 222 68 1000
220 148 67 1000
409 40 167 300
669 46 79 1000
164 29 68 1000
336 11 110 1000
715 16 79 1000
158 18 76 1000
233 20 78 1000
146 610 67 1000
395 157 61 1000
216 63 106 1000
375 365 80 1000
745 11 77 1000
596 61 133 300
238 69 134 300
311 19 102 1000
770 49 136 300
540 457 125 300
598 2 72 1000
147 19 107 1000
311 29 67 1000
717 11 106 1000
160 12 65 1000
440 147 75 1000
788 12 83 1000
249 26 80 1000
360 56 60 1000
349 53 64 1000
706 12 64 1000
336 26 75 1000
331 440 70 1000
160 265 76 1000
237 56 65 1000
314 25 70 1000
829 632 206 150
616 63 65 1000
724 29 65 1000
775 31 76 1000
808 372 67 1000
166 29 77 1000
158 9 71 1000
774 69 116 300
149 47 64 1000
662 21 73 1000
392 64 64 1000
834 38 242 150
311 47 80 1000
781 29 78 1000
169 21 76 1000
143 21 64 1000
405 57 62 1000
824 541 202 150
824 549 205 150
224 2 73 1000
703 20 64 1000
641 169 72 1000
540 68 197 150
828 40 195 150
153 30 63 1000
673 708 64 1000
719 262 76 1000
393 57 57 1000
214 262 74 1000
238 58 61 1000
441 672 75 1000
371 10 72 1000
211 29 72 1000
635 69 200 150
653 21 63 1000
707 9 77 1000
701 66 63 1000
194 48 152 300
809 0 71 1000
656 20 74 1000
445 51 72 1000
709 653 56 1000
660 216 59 1000
545 546 225 150
168 53 63 1000
679 53 67 1000
147 17 56 1000
247 259 75 1000
563 812 148 300
839 40 187 150
335 250 70 1000
240 10 66 1000
231 51 74 1000
200 28 122 300
336 663 75 1000
756 40 181 150
820 37 216 150
780 63 61 1000
752 542 187 150
376 2 72 1000
413 35 143 300
257 66 69 1000
195 68 217 150
501 54 148 300
782 63 54 1000
241 50 54 1000
213 721 69 1000
656 53 74 1000
658 10 71 1000
531 4 182 150
242 57 61 1000
257 2 68 1000
210 17 54 1000
144 58 59 1000
146 7 61 1000
197 39 189 150
172 68 165 150
216 1 59 1000
256 50 57 1000
675 1 61 1000
789 11 61 1000
562 531 172 150
190 33 126 300
665 53 71 1000
200 13 112 300
338 2 68 1000
531 65 162 150
696 39 169 150
504 39 169 150
788 56 73 1000
741 39 198 150
318 17 68 1000
672 64 68 1000
495 687 99 300
202 758 204 150
156 184 138 300
583 38 197 150
631 6 162 150
252 63 55 1000
567 48 106 300
206 637 173 150
294 68 198 150
735 38 193 150
698 68 165 150
735 65 97 300
601 6 111 300
509 68 156 150
413 68 159 150
789 19 56 1000
537 483 156 150
635 3 156 150
821 33 166 150
818 462 107 300
791 65 108 300
535 21 198 150
512 34 107 300
426 33 99 300
704 539 198 150
256 652 72 1000
439 4 102 300
528 813 158 150
160 39 195 150
329 530 162 150
530 24 163 150
202 549 150 150
830 37 151 150
822 47 187 150
540 6 156 150
541 6 151 150
345 737 133 300
528 465 160 150
541 575 187 150
747 68 143 150
197 63 137 300
731 557 92 300
411 38 160 150
438 523 188 150
686 752 183 150
243 68 188 150
429 366 132 300
791 49 145 150
812 480 99 300
543 4 145 150
590 637 189 150
290 735 93 300
355 829 152 150
408 39 156 150
639 18 182 150
362 55 131 300
465 49 144 150
632 13 185 150
696 12 128 300
540 67 186 150
636 28 143 150
533 314 144 150
537 315 147 150
824 31 155 150
833 42 149 150
603 49 180 150
356 32 133 300
836 577 153 150
639 27 155 150
627 832 143 150
787 39 153 150
423 40 184 150
530 50 138 150
820 47 152 150
541 3 154 150
660 4 92 300
830 55 149 150
835 65 141 150
535 23 155 150
823 30 145 150
166 825 141 150
787 173 91 300
812 69 136 150
412 69 141 150
309 38 143 150
834 42 151 150
216 534 154 150
521 13 147 150
585 757 142 150
678 39 151 150
465 838 152 150
182 10 100 300
148 826 140 150
770 39 154 150
829 656 140 150
829 52 141 150
685 69 152 150
767 60 88 300
519 52 94 300
423 21 133 300
828 30 150 150
596 628 89 300
259 39 152 150
308 44 100 300
450 38 137 150
294 61 176 150
172 52 87 300
583 40 145 150
638 20 179 150
638 34 138 150
548 42 143 150
522 58 179 150
350 5 102 300
795 322 99 300
577 40 137 150
466 60 95 300
545 500 137 150
756 59 144 150
828 7 137 150
736 61 138 150
253 68 147 150
694 14 88 300
503 17 130 300
631 2 177 150
637 458 131 150
522 22 142 150
639 214 174 150
186 52 99 300
470 40 143 150
568 57 123 300
631 53 177 150
638 53 177 150
422 61 136 150
491 63 125 300
344 38 137 150
545 67 132 150
541 14 177 150
171 642 104 300
544 474 146 150
606 44 97 300
329 13 127 300
197 2 96 300
232 575 83 300
837 24 141 150
325 49 146 150
831 593 141 150
722 49 180 150
423 61 145 150
735 40 143 150
636 29 129 150
740 834 145 150
636 343 133 150
342 507 86 300
521 56 138 150
525 2 129 150
413 18 85 300
608 36 96 300
790 26 91 300
430 839 125 150
738 31 96 300
654 527 145 150
741 29 126 300
484 12 123 300
791 22 85 300
758 14 136 150
415 29 79 300
529 50 135 150
551 40 130 150
682 344 85 300
417 343 86 300
571 22 94 300
353 837 137 150
204 5 169 150
757 1 168 150
146 635 139 150
622 22 78 300
521 57 137 150
637 649 133 150
174 519 168 150
231 69 125 150
378 44 84 300
543 727 164 150
476 47 91 300
560 23 88 300
707 40 170 150
636 58 122 150
422 26 81 300
285 40 135 150
540 14 134 150
172 37 168 150
456 40 123 150
191 4 165 150
585 1 88 300
839 66 127 150
290 18 87 300
354 46 122 300
543 13 124 150
803 69 118 150
231 28 81 300
771 493 86 300
247 69 129 150
610 40 130 150
444 69 134 150
206 6 138 150
189 6 117 150
831 338 133 150
390 61 122 150
836 58 128 150
618 61 132 150
210 69 122 150
832 57 120 150
233 40 128 150
544 377 123 150
262 40 120 150
585 53 82 300
787 757 115 150
834 19 130 150
185 175 129 150
692 52 78 300
189 4 120 150
806 43 93 300
758 143 122 150
541 23 124 150
540 679 118 150
729 42 79 300
709 54 82 300
518 179 120 150
189 3 122 150
143 62 79 300
801 40 112 150
174 818 162 150
702 40 123 150
148 40 124 150
757 11 123 150
646 40 123 150
734 58 78 300
673 28 76 300
692 11 79 300
549 0 116 150
675 61 126 150
424 10 76 300
729 55 83 300
696 3 155 150
655 43 91 300
319 40 126 150
541 53 127 150
668 48 90 300
215 33 76 300
175 5 124 150
503 217 88 300
194 37 113 150
726 61 125 150
270 60 87 300
209 43 119 150
548 63 126 150
697 19 76 300
540 58 125 150
500 6 118 150
412 6 112 150
608 57 113 300
200 27 121 150
204 48 110 150
694 184 109 150
499 4 112 150
568 696 145 150
553 195 149 150
620 57 88 300
683 170 110 150
497 4 108 150
424 184 109 150
501 4 112 150
220 53 111 300
584 37 107 150
295 30 73 300
742 177 150 150
189 48 109 150
461 4 113 150
349 0 115 300
185 32 118 150
300 21 76 300
714 552 74 300
190 44 117 150
267 17 110 300
177 59 118 150
178 36 117 150
595 357 74 300
247 41 80 300
595 4 145 150
507 37 105 150
319 286 79 300
174 14 152 150
730 55 143 150
512 43 120 150
206 296 112 150
429 3 107 150
687 59 145 150
413 59 148 150
492 196 117 150
464 36 142 150
291 659 70 300
513 13 147 150
429 59 147 150
429 518 118 150
411 32 140 150
501 28 147 150
814 197 118 150
762 3 118 150
148 15 78 300
413 28 144 150
275 25 73 300
191 16 145 150
739 3 117 150
275 668 71 300
452 3 143 150
278 9 75 300
178 33 114 150
475 3 116 150
222 172 146 150
292 64 68 300
185 29 144 150
793 5 116 150
483 207 115 150
553 4 109 150
579 816 109 150
389 50 73 300
557 6 115 150
208 16 97 150
474 5 115 150
740 252 74 300
280 718 71 300
583 42 109 150
472 586 108 150
326 6 111 150
570 42 101 150
641 248 111 300
497 767 109 150
576 412 99 150
742 584 144 150
666 776 109 300
493 41 140 150
581 420 108 150
185 34 102 150
248 6 142 150
770 20 110 300
767 44 108 150
356 345 79 300
818 739 108 150
169 52 110 300
179 41 101 150
499 500 101 150
568 505 103 150
817 503 108 150
697 565 105 150
300 4 101 150
388 42 141 150
627 485 142 150
185 670 137 150
391 29 70 300
695 43 99 150
185 16 110 150
737 44 103 150
171 271 109 150
354 204 94 150
207 7 141 150
173 294 113 150
445 18 83 300
484 62 140 150
492 65 100 150
793 55 105 150
470 43 102 150
286 63 74 300
672 45 76 300
293 48 138 150
699 35 99 150
268 12 64 300
468 44 100 150
561 28 105 150
457 146 71 300
581 28 98 150
287 197 97 150
606 6 112 150
796 55 94 150
795 48 98 150
413 65 99 150
578 62 108 150
641 4 138 150
620 497 111 150
768 32 104 150
420 323 138 150
472 763 109 150
681 596 135 150
488 19 70 300
692 36 97 150
509 36 97 150
504 48 98 150
693 27 98 150
696 60 138 150
507 60 135 150
207 12 107 150
693 33 96 150
176 52 142 150
415 48 101 150
726 15 74 300
185 63 133 150
172 13 96 150
273 3 97 150
237 6 104 150
174 17 142 150
350 47 63 300
768 65 108 150
483 37 107 150
508 28 95 150
466 28 103 150
762 59 107 150
260 578 137 150
814 54 107 150
172 225 102 150
262 564 131 150
209 8 109 150
432 44 134 150
188 610 96 150
202 642 100 150
476 27 105 150
602 5 102 150
490 400 134 150
422 45 132 150
147 5 135 150
195 50 136 150
186 19 139 150
322 37 105 150
165 394 82 300
430 3 101 150
370 6 95 150
440 206 110 150
340 4 93 150
640 366 70 300
778 201 100 150
372 6 94 150
173 234 94 150
220 37 101 150
192 63 132 150
388 588 94 150
265 42 134 150
198 51 135 150
202 2 95 150
238 663 66 300
364 3 93 150
209 52 92 150
141 233 73 300
495 448 129 150
348 65 135 150
673 6 95 150
685 619 135 150
195 13 106 150
343 779 71 300
185 21 102 150
741 587 94 150
357 59 131 150
815 26 135 150
300 299 131 150
663 575 130 150
481 476 99 150
195 29 93 150
722 458 80 300
687 41 98 150
497 9 134 150
563 24 97 150
494 320 99 150
300 388 131 150
583 34 93 150
203 63 92 150
441 699 133 150
300 44 99 150
301 44 99 150
371 4 96 150
233 178 105 150
298 42 93 150
619 645 70 300
570 23 128 150
294 55 98 150
701 22 71 300
296 62 91 150
808 179 89 150
681 9 129 150
387 276 132 150
512 8 105 150
190 26 94 150
568 24 92 150
491 271 89 150
553 36 91 150
485 59 96 150
278 43 97 150
762 34 92 150
551 33 93 150
515 154 100 150
741 685 89 150
307 15 127 150
789 172 89 150
283 692 90 150
288 694 92 150
283 35 98 150
156 4 96 150
148 6 102 150
437 11 67 300
207 53 103 150
739 700 125 150
509 480 102 150
581 253 128 150
375 192 88 150
791 18 97 150
441 36 127 150
465 167 127 150
556 28 91 150
236 195 102 150
420 41 94 150
474 296 92 150
748 55 96 150
444 48 128 150
429 24 95 150
461 30 130 150
606 813 89 150
168 37 91 150
287 59 88 150
605 574 99 150
553 54 101 150
698 14 84 150
556 48 99 150
466 14 96 150
652 4 98 150
217 46 74 300
467 246 130 150
780 373 65 300
288 27 84 150
278 65 87 150
584 16 99 150
189 57 107 150
384 28 88 150
711 6 98 150
504 52 126 150
586 31 88 150
413 60 87 150
178 0 87 150
586 57 129 150
153 35 125 150
686 2 126 150
575 14 98 150
178 661 103 150
503 45 95 150
655 508 133 150
581 58 127 150
724 4 83 150
662 36 129 150
465 741 99 150
813 50 124 150
796 31 94 150
787 62 130 150
603 59 95 150
648 47 65 300
502 10 124 150
641 59 131 150
728 42 129 150
493 31 89 150
475 15 92 150
802 5 97 150
271 32 92 150
303 45 130 150
303 62 98 150
464 715 126 150
426 66 126 150
362 588 90 150
774 3 86 150
770 25 74 300
716 193 89 150
505 46 87 150
252 26 67 300
781 54 131 150
487 225 129 150
222 41 125 150
220 504 93 150
649 5 87 150
366 58 62 300
439 577 97 150
515 11 87 150
700 5 88 150
211 35 127 150
650 59 130 150
513 652 100 150
430 35 93 150
776 48 128 150
696 264 91 150
581 8 87 150
353 43 86 150
342 212 76 300
150 20 73 300
799 29 86 150
689 18 85 150
249 3 97 150
256 54 126 150
477 45 96 150
268 42 84 150
775 21 62 300
466 13 85 150
198 23 100 150
344 561 95 150
403 43 89 150
186 58 99 150
796 613 80 150
171 19 86 150
361 462 83 150
357 35 84 150
595 28 95 150
766 26 86 150
583 12 88 150
588 12 84 150
445 768 84 150
434 27 79 150
573 30 90 150
225 54 85 150
695 8 83 150
417 19 132 150
391 53 72 300
552 34 79 150
236 65 90 150
394 64 68 300
194 56 101 150
729 3 94 150
568 20 85 150
583 26 94 150
575 26 96 150
349 43 97 150
233 1 71 300
586 21 84 150
444 474 92 150
344 55 83 150
742 41 90 150
360 54 85 150
495 29 95 150
393 62 85 150
508 9 89 150
583 23 83 150
355 28 89 150
712 20 62 300
369 18 123 150
166 0 60 300
413 9 89 150
165 298 123 150
622 9 89 150
731 395 94 150
769 20 92 150
611 67 94 150
816 47 95 150
581 52 88 150
488 593 90 150
481 24 83 150
609 618 125 150
475 12 85 150
764 156 89 150
416 12 82 150
223 36 93 150
578 66 82 150
673 1 66 300
803 43 87 150
805 43 84 150
441 65 81 150
298 607 82 150
572 0 87 150
554 719 123 150
268 35 92 150
224 27 93 150
380 244 118 150
444 55 82 150
314 695 88 150
677 814 88 150
587 10 88 150
562 66 78 150
471 21 93 150
797 25 92 150
350 27 93 150
332 50 61 300
815 441 94 150
322 47 126 150
154 42 87 150
776 497 92 150
554 308 85 150
248 507 88 150
283 20 118 150
643 689 82 150
740 24 84 150
788 44 84 150
562 56 81 150
480 13 87 150
601 41 76 150
424 30 88 150
747 24 80 150
677 288 120 150
151 302 117 150
399 36 93 150
659 768 85 150
554 31 78 150
693 66 87 150
775 44 85 150
807 65 83 150
696 52 86 150
165 65 89 150
379 27 80 150
737 719 81 150
655 384 125 150
662 67 86 150
231 33 91 150
572 50 76 150
749 23 122 150
329 141 119 150
494 17 79 150
375 54 75 150
716 813 86 150
764 52 80 150
249 470 82 150
508 17 87 150
812 53 87 150
484 64 118 150
387 53 122 150
312 65 78 150
312 565 90 150
806 33 86 150
383 10 119 150
583 10 82 150
782 35 79 150
335 35 82 150
668 59 80 150
775 42 86 150
791 0 78 150
258 483 126 150
739 10 86 150
592 149 118 150
481 45 79 150
793 50 75 150
749 66 120 150
296 222 86 150
742 15 91 150
593 24 79 150
597 14 86 150
652 42 81 150
697 714 79 150
219 812 81 150
325 23 119 150
150 55 84 150
307 14 82 150
420 9 90 150
811 50 74 150
247 36 86 150
815 10 78 150
335 59 88 150
338 59 81 150
503 56 78 150
627 17 78 150
243 33 85 150
154 36 74 150
674 64 59 300
332 36 79 150
553 29 85 150
806 28 80 150
674 65 79 150
705 43 92 150
475 30 92 150
315 476 89 150
581 50 85 150
776 67 91 150
155 27 78 150
763 1 81 150
240 54 74 150
429 53 85 150
216 254 63 300
813 53 83 150
239 555 79 150
808 13 120 150
219 53 64 300
734 332 88 150
694 332 88 150
156 59 80 150
145 28 94 150
160 421 99 150
561 50 88 150
463 1 73 150
662 35 91 150
778 48 88 150
336 410 92 150
251 35 81 150
503 7 85 150
270 0 114 150
718 36 88 150
290 46 89 150
602 52 116 150
424 50 80 150
503 51 77 150
305 31 74 150
375 27 88 150
622 23 90 150
377 434 118 150
712 33 83 150
215 10 64 300
145 65 97 150
595 46 85 150
654 696 92 150
627 164 77 150
802 55 88 150
656 32 87 150
302 7 115 150
609 56 117 150
372 32 90 150
653 60 118 150
259 48 78 150
590 45 76 150
154 62 87 150
145 63 60 300
613 294 87 150
362 9 114 150
365 9 119 150
262 309 83 150
246 62 87 150
574 7 87 150
763 2 87 150
579 57 89 150
306 45 91 150
318 33 88 150
458 24 88 150
576 52 90 150
619 24 78 150
245 59 89 150
395 302 83 150
681 56 91 150
424 165 81 150
222 24 78 150
389 8 76 150
472 50 88 150
701 48 91 150
466 58 73 150
612 644 112 150
417 50 85 150
388 442 77 150
658 65 90 150
350 488 89 150
640 32 87 150
552 20 76 150
735 19 78 150
212 35 90 150
553 9 78 150
509 51 87 150
709 19 62 300
474 19 70 150
388 370 82 150
276 29 81 150
768 11 87 150
489 25 75 150
397 34 76 150
248 400 117 150
364 23 113 150
507 7 85 150
722 33 89 150
357 13 82 150
430 46 82 150
232 24 74 150
387 663 79 150
682 7 87 150
355 15 85 150
489 47 76 150
484 8 87 150
745 376 80 150
168 22 116 150
701 298 69 150
270 22 72 150
433 60 85 150
701 51 79 300
283 802 79 150
551 53 79 150
159 484 68 150
156 349 117 150
393 17 112 150
159 41 72 150
367 46 73 150
484 25 84 150
305 665 75 150
749 803 68 150
299 53 78 150
449 454 73 150
357 51 113 150
724 64 70 300
290 10 78 150
663 325 67 150
163 34 80 150
718 483 82 150
166 34 71 150
432 46 83 150
253 8 111 150
388 1 79 150
280 665 72 150
444 2 115 150
371 60 72 150
430 8 79 150
278 12 72 150
610 46 83 150
166 703 108 150
483 17 70 150
268 57 112 150
645 24 71 150
480 56 70 150
808 16 80 150
742 717 73 150
646 20 113 150
307 56 78 150
366 29 78 150
307 53 77 150
786 311 112 150
553 66 83 150
287 722 77 150
245 24 70 150
481 641 82 150
456 30 71 150
359 619 72 150
295 1 71 150
748 53 77 150
606 20 82 150
651 15 81 150
777 24 81 150
214 25 110 150
379 45 75 150
349 29 65 150
385 57 71 150
659 34 81 150
648 14 72 150
604 644 74 150
749 0 69 150
246 299 74 150
364 8 72 150
642 18 80 150
345 611 66 150
389 11 70 150
722 329 69 150
369 12 77 150
671 747 80 150
304 17 73 150
168 729 110 150
275 728 70 150
675 18 65 150
651 679 114 150
430 29 81 150
278 10 75 150
661 56 111 150
303 57 76 150
721 30 111 150
604 778 67 150
234 19 111 150
319 45 64 150
726 640 109 150
434 30 70 150
803 13 76 150
346 9 70 150
805 18 68 150
243 46 75 150
329 64 71 150
809 14 82 150
157 14 74 150
671 430 83 150
260 25 71 150
727 18 78 150
663 14 79 150
309 17 80 150
711 776 107 150
328 57 70 150
220 155 75 150
313 50 108 150
399 375 68 150
306 53 78 150
362 20 69 150
326 58 66 150
329 0 72 150
788 31 67 150
333 31 71 150
329 53 70 150
258 2 106 150
369 21 79 150
265 30 73 150
740 19 69 150
722 45 78 150
369 20 80 150
806 13 77 150
143 16 77 150
440 26 66 150
143 14 77 150
442 12 69 150
616 52 72 150
721 64 116 150
239 8 80 150
721 10 110 150
452 23 78 150
363 151 66 150
458 7 68 150
400 240 63 150
213 16 74 150
320 19 76 150
678 16 67 150
354 66 66 150
372 12 76 150
256 46 70 150
400 66 72 150
340 66 72 150
652 51 109 150
788 238 76 150
442 375 61 150
394 23 73 150
808 610 80 150
677 29 64 150
679 29 73 150
719 51 103 150
237 23 73 150
449 47 67 150
744 11 80 150
667 26 73 150
654 18 79 150
259 51 114 150
379 9 66 150
151 31 78 150
729 57 106 150
594 2 65 150
611 149 76 150
313 29 67 150
250 57 110 150
727 11 110 150
439 57 70 150
245 220 76 150
771 8 75 150
711 239 67 150
225 58 71 150
226 63 63 150
801 370 59 150
353 17 66 150
343 23 75 150
444 52 73 150
662 315 71 150
247 9 62 150
434 53 80 150
257 31 74 150
652 441 58 150
315 20 72 150
353 57 62 150
667 30 63 150
777 25 73 150
216 22 82 150
254 343 71 150
366 66 76 150
369 66 76 150
728 448 62 150
210 22 62 150
148 20 63 150
228 19 76 150
215 25 67 150
160 23 61 150
248 157 60 150
263 216 72 150
331 22 76 150
805 52 80 150
440 641 78 150
213 9 61 150
145 23 64 150
773 20 66 150
397 0 74 150
216 47 67 150
238 0 72 150
804 254 66 150
165 0 69 150
267 53 72 150
216 21 70 150
777 248 63 150
228 7 75 150
704 718 71 150
160 10 78 150
214 30 61 150
147 784 61 150
160 0 56 150
666 0 61 150
704 719 62 150
249 52 68 150
642 713 67 150
313 56 59 150
700 1 60 150
643 53 63 150
379 58 70 150
652 66 66 150
659 66 74 150
674 30 80 150
651 17 69 150
729 52 69 150
250 66 65 150
242 640 65 150
777 669 71 150
164 11 64 150
154 64 68 150
157 64 62 150
644 51 57 150
661 66 72 150
802 52 69 150
771 643 68 150
375 19 76 150
662 17 78 150
656 784 69 150
169 64 72 150
148 63 58 150
809 10 72 150
649 17 73 150
702 715 81 150
654 23 82 150
154 50 68 150
313 19 58 150
243 719 70 150
650 11 63 150
728 63 67 150
332 53 79 150
659 651 82 150
253 58 57 150
259 7 62 150
775 0 70 150
776 19 69 150
675 2 63 150
153 2 65 150
211 0 80 150
214 19 64 150
217 19 70 150
723 11 69 150
