535 68 290 1000
537 39 233 1000
530 825 231 1000
826 38 279 1000
534 529 206 1000
530 49 214 1000
752 38 214 1000
520 40 211 1000
208 39 216 1000
537 6 201 1000
541 636 198 1000
173 821 209 1000
637 510 236 1000
515 68 178 1000
208 520 174 1000
185 38 181 1000
533 18 220 1000
529 191 180 1000
513 61 192 1000
177 49 186 1000
635 37 162 1000
790 534 161 1000
188 69 146 1000
837 4 188 1000
531 62 160 1000
752 6 160 1000
687 39 191 1000
567 68 194 1000
542 6 155 1000
824 34 213 1000
823 43 178 1000
499 68 153 1000
631 694 194 1000
828 62 171 1000
545 4 170 1000
535 804 163 1000
465 68 175 1000
820 28 164 1000
540 3 152 1000
572 69 205 1000
265 822 136 1000
144 533 143 1000
305 39 166 1000
825 66 155 1000
304 821 185 1000
256 38 201 1000
602 39 164 1000
439 530 177 1000
704 68 158 1000
528 36 134 1000
821 24 184 1000
488 68 163 1000
751 44 200 1000
521 18 158 1000
715 68 152 1000
210 68 133 1000
527 13 146 1000
145 68 143 1000
825 19 142 1000
513 5 171 1000
143 68 170 1000
792 49 151 1000
253 49 187 1000
318 49 191 1000
737 49 154 1000
636 59 142 1000
557 38 151 1000
163 831 170 1000
224 824 155 1000
492 836 152 1000
837 492 139 1000
228 68 170 1000
817 836 130 1000
828 26 183 1000
825 22 163 1000
687 836 136 1000
207 3 154 1000
627 833 142 1000
285 38 143 1000
712 69 178 1000
481 38 152 1000
709 754 176 1000
837 19 203 1000
833 55 136 1000
520 16 146 1000
826 26 159 1000
193 6 166 1000
197 6 164 1000
744 38 164 1000
747 38 152 1000
628 69 154 1000
529 52 139 1000
652 753 165 1000
702 638 134 1000
264 49 156 1000
631 21 195 1000
802 49 142 1000
598 38 137 1000
808 49 174 1000
283 49 134 1000
754 628 135 1000
564 40 147 1000
644 49 137 1000
636 64 156 1000
173 37 151 1000
632 24 144 1000
521 347 183 1000
154 630 170 1000
247 638 176 1000
335 49 132 1000
764 61 174 1000
761 61 124 1000
306 40 170 1000
815 61 207 1000
638 52 158 1000
713 49 166 1000
636 51 142 1000
502 61 143 1000
245 61 161 1000
323 548 174 1000
541 59 149 1000
408 38 130 1000
768 40 145 1000
638 45 150 1000
548 1 180 1000
832 166 145 1000
605 40 185 1000
607 40 185 1000
546 27 145 1000
606 49 153 1000
399 38 135 1000
718 836 139 1000
573 186 183 1000
540 28 137 1000
481 69 160 1000
525 21 138 1000
487 69 138 1000
648 69 137 1000
518 565 217 1000
838 141 118 1000
650 69 149 1000
305 69 121 1000
184 736 165 1000
540 358 201 1000
298 754 137 1000
835 45 136 1000
804 548 136 1000
642 61 134 1000
211 751 163 1000
578 5 191 1000
758 2 142 1000
587 5 188 1000
541 667 140 1000
672 751 123 1000
546 748 117 1000
195 417 217 1000
549 24 158 1000
220 69 128 1000
332 40 161 1000
329 3 177 1000
201 385 172 1000
544 63 147 1000
770 40 135 1000
545 16 122 1000
741 40 133 1000
834 9 131 1000
722 40 150 1000
208 749 191 1000
563 6 136 1000
565 6 149 1000
158 40 126 1000
457 40 109 1000
430 61 132 1000
200 7 149 1000
322 202 167 1000
805 4 163 1000
762 6 139 1000
340 61 153 1000
373 40 161 1000
201 27 124 1000
200 32 127 1000
756 25 145 1000
544 22 126 1000
178 490 142 1000
197 644 161 1000
708 37 184 1000
382 3 172 1000
499 518 119 1000
548 9 147 1000
151 4 164 1000
153 4 168 1000
541 21 162 1000
510 60 154 1000
512 57 168 1000
513 462 114 1000
518 467 106 1000
172 7 154 1000
350 6 215 1000
325 177 129 1000
795 3 162 1000
814 195 128 1000
325 4 125 1000
196 685 125 1000
512 53 151 1000
518 33 131 1000
331 204 111 1000
283 6 150 1000
410 5 139 1000
191 18 120 1000
208 24 138 1000
257 203 128 1000
389 6 100 1000
185 805 118 1000
197 13 103 1000
203 596 124 1000
654 6 109 1000
242 200 137 1000
250 6 137 1000
586 42 159 1000
225 5 189 1000
477 564 146 1000
189 667 121 1000
781 518 127 1000
182 15 97 1000
264 191 118 1000
184 24 107 1000
283 37 138 1000
447 6 116 1000
305 4 149 1000
662 176 109 1000
177 56 146 1000
731 815 134 1000
818 44 155 1000
578 33 183 1000
262 5 133 1000
383 37 128 1000
462 795 161 1000
242 510 141 1000
198 66 133 1000
517 51 128 1000
328 43 161 1000
285 5 94 1000
172 16 105 1000
596 4 107 1000
502 320 144 1000
420 505 180 1000
707 5 127 1000
789 5 159 1000
208 345 103 1000
172 11 117 1000
340 6 133 1000
445 173 112 1000
233 6 121 1000
194 19 121 1000
198 19 106 1000
474 33 132 1000
188 30 108 1000
797 18 199 1000
818 32 131 1000
377 515 127 1000
198 16 98 1000
182 8 101 1000
605 5 111 1000
366 170 105 1000
367 4 102 1000
533 68 291 300
348 4 105 1000
577 567 88 1000
395 177 93 1000
574 573 114 1000
442 5 99 1000
801 791 145 1000
645 42 162 1000
370 5 113 1000
563 42 102 1000
513 9 98 1000
178 9 103 1000
576 813 116 1000
737 573 137 1000
500 388 139 1000
571 246 162 1000
796 42 141 1000
799 42 98 1000
286 67 186 1000
264 32 162 1000
160 461 167 1000
768 50 151 1000
504 42 116 1000
494 797 99 1000
660 410 177 1000
168 35 137 1000
813 43 124 1000
280 32 160 1000
687 64 171 1000
562 27 105 1000
577 55 99 1000
795 44 115 1000
814 141 150 1000
382 54 135 1000
477 24 156 1000
597 44 150 1000
568 32 120 1000
505 338 161 1000
470 736 93 1000
325 792 114 1000
420 56 172 1000
490 11 123 1000
429 64 144 1000
481 28 137 1000
465 731 82 1000
423 43 117 1000
584 32 109 1000
475 60 125 1000
324 812 122 1000
325 811 98 1000
500 58 172 1000
812 65 84 1000
695 324 125 1000
476 35 103 1000
495 53 147 1000
240 35 153 1000
275 503 97 1000
592 67 148 1000
697 65 115 1000
795 54 82 1000
508 65 96 1000
696 62 108 1000
573 552 83 1000
478 67 138 1000
795 27 113 1000
671 55 172 1000
741 13 146 1000
761 54 107 1000
507 36 83 1000
475 59 93 1000
791 31 159 1000
418 62 86 1000
379 44 132 1000
739 33 97 1000
730 48 103 1000
417 1 162 1000
373 620 139 1000
329 59 92 1000
728 556 136 1000
427 33 111 1000
421 53 143 1000
738 18 97 1000
699 30 168 1000
508 13 110 1000
497 556 104 1000
265 12 149 1000
575 41 119 1000
695 557 100 1000
493 232 144 1000
393 762 144 1000
480 801 120 1000
326 18 98 1000
278 18 103 1000
557 57 119 1000
228 59 146 1000
262 56 130 1000
165 704 154 1000
652 285 169 1000
417 8 154 1000
823 40 208 300
788 777 154 1000
335 388 129 1000
424 29 129 1000
805 64 153 1000
360 33 144 1000
561 252 123 1000
488 66 175 1000
557 53 128 1000
576 66 117 1000
646 214 128 1000
648 212 130 1000
697 41 82 1000
462 22 148 1000
489 42 78 1000
167 711 158 1000
565 24 108 1000
196 39 227 300
773 742 152 1000
338 42 91 1000
332 56 152 1000
762 12 112 1000
799 12 127 1000
583 24 89 1000
805 322 85 1000
164 313 133 1000
464 803 105 1000
781 410 107 1000
667 42 104 1000
332 44 95 1000
579 2 95 1000
645 60 131 1000
815 12 92 1000
490 14 87 1000
322 802 93 1000
646 465 111 1000
654 764 112 1000
289 35 109 1000
294 426 100 1000
416 388 80 1000
579 247 108 1000
784 7 116 1000
578 58 98 1000
160 51 116 1000
761 56 96 1000
166 60 168 1000
643 272 104 1000
250 43 131 1000
383 7 182 1000
476 749 116 1000
388 462 79 1000
787 67 105 1000
653 44 81 1000
296 59 116 1000
429 164 105 1000
590 729 135 1000
311 42 85 1000
503 14 89 1000
336 11 142 1000
821 6 185 300
216 63 139 1000
563 45 99 1000
678 50 115 1000
654 463 100 1000
383 62 117 1000
567 10 85 1000
668 57 148 1000
777 273 105 1000
706 46 136 1000
159 43 93 1000
286 18 129 1000
474 64 95 1000
642 36 78 1000
500 24 111 1000
811 679 93 1000
642 46 155 1000
788 36 88 1000
761 246 96 1000
604 499 88 1000
324 66 126 1000
643 33 103 1000
789 32 94 1000
279 14 109 1000
717 11 163 1000
652 65 75 1000
215 466 88 1000
749 65 115 1000
384 27 86 1000
719 35 98 1000
464 250 88 1000
654 429 78 1000
246 697 87 1000
288 18 93 1000
294 32 95 1000
694 2 99 1000
696 2 93 1000
588 45 115 1000
502 16 115 1000
509 2 113 1000
748 59 94 1000
578 371 104 1000
463 34 124 1000
741 67 88 1000
252 270 92 1000
275 254 120 1000
444 42 87 1000
687 63 99 1000
422 15 80 1000
734 60 109 1000
780 28 84 1000
294 13 74 1000
761 58 101 1000
714 67 74 1000
156 410 94 1000
767 11 112 1000
573 435 98 1000
738 7 83 1000
813 52 87 1000
654 55 92 1000
736 60 89 1000
324 2 85 1000
764 58 98 1000
817 57 117 1000
749 48 97 1000
474 16 116 1000
724 55 92 1000
322 24 107 1000
378 662 178 1000
252 45 140 1000
476 7 92 1000
722 59 92 1000
262 610 152 1000
699 11 83 1000
449 737 95 1000
665 48 102 1000
684 7 112 1000
721 27 97 1000
319 427 87 1000
411 52 102 1000
462 51 108 1000
764 45 103 1000
742 18 108 1000
420 244 121 1000
424 147 111 1000
423 670 91 1000
420 51 118 1000
699 19 82 1000
287 8 144 1000
491 31 102 1000
249 270 73 1000
311 19 122 1000
490 46 97 1000
503 53 93 1000
240 59 102 1000
769 46 137 1000
238 705 149 1000
578 23 121 1000
735 1 97 1000
554 12 112 1000
509 0 96 1000
147 19 124 1000
505 53 122 1000
163 556 111 1000
672 48 85 1000
333 23 138 1000
323 58 85 1000
462 45 102 1000
150 27 92 1000
354 15 147 1000
612 43 123 1000
695 46 115 1000
464 17 70 1000
178 38 178 300
377 16 136 1000
592 18 93 1000
248 32 83 1000
606 54 85 1000
651 552 87 1000
361 50 148 1000
445 36 93 1000
441 62 100 1000
467 53 98 1000
223 44 85 1000
158 18 135 1000
821 62 254 300
425 17 100 1000
698 30 96 1000
354 44 117 1000
704 41 94 1000
620 31 74 1000
627 31 114 1000
189 49 152 300
393 42 91 1000
394 42 92 1000
616 51 151 1000
812 403 83 1000
485 41 121 1000
796 23 106 1000
362 814 94 1000
160 265 95 1000
369 63 159 1000
400 686 135 1000
360 240 122 1000
492 29 84 1000
456 13 80 1000
578 9 109 1000
537 43 164 300
692 23 83 1000
265 14 106 1000
439 55 78 1000
555 57 99 1000
616 36 102 1000
719 262 83 1000
349 35 83 1000
788 12 89 1000
641 169 89 1000
214 262 108 1000
554 52 82 1000
706 12 81 1000
470 47 84 1000
355 62 89 1000
433 27 97 1000
748 9 109 1000
721 41 72 1000
220 48 82 1000
571 20 69 1000
400 55 100 1000
224 46 119 1000
233 57 179 1000
367 17 145 1000
212 25 119 1000
687 38 209 300
527 33 221 300
390 65 98 1000
709 653 83 1000
467 38 217 300
704 14 78 1000
642 742 103 1000
697 22 82 1000
293 14 72 1000
286 50 68 1000
701 66 97 1000
432 18 102 1000
234 65 77 1000
160 12 88 1000
481 14 132 1000
704 15 97 1000
233 62 105 1000
231 272 113 1000
405 27 81 1000
728 294 96 1000
519 61 162 300
226 30 106 1000
711 20 144 1000
788 56 91 1000
450 22 127 1000
646 15 106 1000
828 28 161 300
787 24 77 1000
283 2 102 1000
242 41 111 1000
773 14 76 1000
336 663 83 1000
248 25 117 1000
324 20 141 1000
738 9 122 1000
370 393 124 1000
530 21 204 300
335 250 112 1000
390 27 85 1000
282 60 97 1000
380 34 84 1000
257 66 86 1000
655 15 115 1000
782 63 65 1000
673 708 70 1000
256 652 92 1000
780 63 100 1000
213 721 121 1000
660 216 81 1000
551 340 124 1000
502 21 67 1000
233 13 123 1000
822 298 160 300
246 20 140 1000
338 2 80 1000
400 23 174 1000
449 9 106 1000
826 12 155 300
596 12 106 1000
429 9 80 1000
659 24 76 1000
147 39 164 300
301 149 86 1000
710 34 89 1000
302 319 86 1000
809 0 87 1000
256 50 78 1000
258 24 119 1000
789 11 93 1000
467 26 94 1000
528 67 146 300
776 60 76 1000
595 666 67 1000
608 66 97 1000
282 46 94 1000
257 2 102 1000
242 306 80 1000
770 60 79 1000
642 45 84 1000
231 23 133 1000
808 372 65 1000
384 17 73 1000
247 259 88 1000
596 723 98 1000
290 45 78 1000
715 16 115 1000
705 46 85 1000
298 0 68 1000
672 64 96 1000
789 19 63 1000
343 22 106 1000
252 63 90 1000
463 636 135 300
528 8 200 300
241 50 67 1000
331 440 88 1000
745 11 88 1000
242 24 77 1000
377 68 160 300
619 296 88 1000
598 2 89 1000
248 24 87 1000
438 701 77 1000
458 64 75 1000
824 231 152 300
168 53 87 1000
612 382 87 1000
837 44 137 300
456 315 108 1000
748 1 97 1000
721 45 72 1000
525 66 156 300
219 45 83 1000
665 53 78 1000
342 296 92 1000
153 60 66 1000
408 47 112 1000
656 53 77 1000
650 46 62 1000
210 17 90 1000
669 46 78 1000
222 388 103 1000
413 69 155 300
658 10 82 1000
775 31 102 1000
440 147 94 1000
835 27 131 300
355 20 134 1000
144 58 91 1000
601 52 69 1000
242 57 79 1000
408 12 81 1000
146 7 76 1000
441 672 109 1000
216 1 68 1000
835 360 189 300
280 8 107 1000
445 51 83 1000
318 17 111 1000
437 15 87 1000
581 61 164 300
306 30 91 1000
227 748 112 1000
444 16 62 1000
399 484 74 1000
147 17 76 1000
679 53 72 1000
534 39 225 150
781 29 91 1000
299 610 107 1000
595 53 63 1000
485 394 87 1000
770 49 152 300
376 2 127 1000
240 10 73 1000
391 169 82 1000
758 59 125 300
527 8 144 300
675 1 75 1000
602 53 70 1000
231 21 128 1000
456 45 81 1000
166 29 87 1000
164 29 76 1000
296 22 85 1000
360 56 63 1000
292 20 86 1000
224 2 84 1000
146 610 64 1000
353 34 101 1000
613 16 71 1000
366 61 193 300
616 63 85 1000
169 21 99 1000
220 148 81 1000
336 26 116 1000
774 69 143 300
245 222 84 1000
211 29 75 1000
153 30 64 1000
222 60 84 1000
409 40 206 300
391 15 89 1000
707 9 90 1000
724 29 76 1000
392 64 78 1000
237 56 73 1000
371 10 86 1000
450 30 90 1000
298 20 79 1000
745 21 74 1000
405 57 68 1000
829 632 209 150
311 47 87 1000
311 29 83 1000
395 157 79 1000
703 20 80 1000
834 38 253 150
231 51 97 1000
596 61 145 300
149 47 87 1000
393 16 74 1000
238 69 151 300
540 457 126 300
393 57 60 1000
194 48 175 300
249 26 80 1000
238 58 58 1000
456 47 103 1000
349 53 84 1000
143 21 62 1000
824 541 213 150
824 549 229 150
375 365 86 1000
314 25 69 1000
656 20 78 1000
662 21 104 1000
653 21 68 1000
540 68 203 150
828 40 183 150
391 45 92 1000
158 9 92 1000
353 224 72 1000
156 184 159 300
608 9 86 1000
200 28 146 300
200 13 136 300
393 372 77 1000
238 46 70 1000
635 69 214 150
820 37 229 150
358 23 76 1000
195 68 224 150
545 546 227 150
197 63 203 300
531 4 228 150
190 33 116 300
197 39 228 150
366 236 75 1000
839 40 174 150
405 47 110 1000
364 29 90 1000
409 8 65 1000
172 68 173 150
752 542 186 150
227 22 68 1000
563 812 183 300
756 40 192 150
344 20 68 1000
171 642 146 300
202 758 199 150
787 173 131 300
601 6 135 300
206 637 181 150
631 6 168 150
186 52 136 300
350 9 89 1000
366 25 64 1000
660 4 126 300
512 34 120 300
359 9 62 1000
182 10 114 300
519 52 114 300
233 20 69 1000
172 52 104 300
562 531 181 150
704 539 231 150
413 35 134 300
635 3 165 150
197 2 113 300
501 54 143 300
160 39 215 150
741 39 213 150
439 4 111 300
329 530 200 150
202 549 171 150
583 38 187 150
531 65 177 150
696 39 166 150
504 39 177 150
830 37 173 150
540 6 155 150
294 68 205 150
735 38 196 150
541 6 166 150
329 13 155 300
698 68 164 150
543 4 141 150
509 68 154 150
821 33 178 150
243 68 222 150
413 68 170 150
541 3 185 150
537 483 139 150
535 21 202 150
639 18 221 150
632 13 193 150
787 39 176 150
216 534 152 150
530 50 149 150
530 24 172 150
350 5 134 300
533 314 166 150
537 315 156 150
770 39 161 150
696 12 150 300
568 57 153 300
528 813 178 150
259 39 170 150
822 47 197 150
204 5 201 150
678 39 174 150
166 825 159 150
528 465 187 150
522 58 186 150
174 519 174 150
567 48 132 300
829 656 164 150
541 575 190 150
491 63 135 300
495 687 105 300
411 38 159 150
438 523 185 150
686 752 212 150
535 23 184 150
639 214 215 150
148 826 154 150
172 37 173 150
521 13 155 150
191 4 233 150
747 68 133 150
253 68 186 150
829 52 166 150
631 2 184 150
590 637 184 150
828 7 136 150
795 322 123 300
408 39 169 150
818 462 98 300
206 6 146 150
791 65 111 300
722 49 195 150
791 49 141 150
824 31 156 150
540 67 172 150
735 65 117 300
836 577 180 150
828 30 184 150
631 53 218 150
638 53 210 150
355 829 139 150
603 49 172 150
639 27 195 150
823 30 171 150
503 17 148 300
465 49 140 150
423 40 216 150
833 42 164 150
325 49 146 150
636 28 128 150
834 42 154 150
189 6 141 150
654 527 166 150
627 832 131 150
465 838 152 150
521 56 149 150
529 50 146 150
185 175 147 150
835 65 147 150
820 47 162 150
830 55 156 150
812 69 138 150
525 2 137 150
345 737 157 300
685 69 151 150
189 4 129 150
426 33 97 300
413 18 99 300
412 69 159 150
309 38 143 150
521 57 139 150
585 757 154 150
637 649 156 150
518 179 143 150
731 557 82 300
294 61 203 150
638 20 178 150
189 3 130 150
541 14 164 150
548 42 145 150
543 727 172 150
707 40 162 150
450 38 133 150
429 366 131 300
577 40 159 150
583 40 142 150
638 34 136 150
484 12 156 300
146 635 147 150
544 474 171 150
756 59 168 150
545 500 138 150
362 55 147 300
757 1 220 150
736 61 125 150
637 458 141 150
175 5 130 150
636 58 148 150
194 37 146 150
522 22 162 150
545 67 146 150
735 40 146 150
806 43 112 300
423 61 134 150
470 40 157 150
356 32 154 300
422 61 124 150
344 38 149 150
831 338 145 150
803 69 128 150
740 834 144 150
839 66 134 150
666 776 127 300
812 480 87 300
837 24 150 150
543 13 164 150
290 735 81 300
831 593 159 150
636 343 132 150
641 248 152 300
267 17 135 300
636 29 127 150
771 493 105 300
836 58 173 150
832 57 126 150
655 43 90 300
210 69 120 150
729 42 105 300
787 757 151 150
834 19 139 150
308 44 89 300
247 69 124 150
551 40 139 150
169 52 132 300
174 818 170 150
430 839 125 150
758 14 160 150
423 21 142 300
694 14 115 300
503 217 89 300
444 69 153 150
353 837 166 150
262 40 117 150
709 54 88 300
801 40 124 150
285 40 137 150
540 14 147 150
696 3 206 150
758 143 132 150
585 1 93 300
290 18 96 300
646 40 123 150
702 40 136 150
757 11 169 150
726 61 146 150
767 60 76 300
275 668 92 300
697 19 128 300
596 628 75 300
606 44 124 300
585 53 77 300
540 679 137 150
548 63 158 150
513 13 166 150
692 52 92 300
675 61 168 150
540 58 151 150
231 69 138 150
668 48 99 300
620 57 97 300
734 58 77 300
608 57 161 300
560 23 92 300
466 60 108 300
729 55 92 300
148 40 147 150
319 40 174 150
215 33 72 300
541 53 123 150
692 11 91 300
549 0 135 150
209 43 150 150
544 377 134 150
553 195 166 150
456 40 109 150
143 62 76 300
270 60 86 300
207 7 157 150
618 61 160 150
541 23 149 150
608 36 95 300
232 575 108 300
500 6 118 150
378 44 100 300
738 31 95 300
200 27 127 150
610 40 154 150
641 4 146 150
248 6 147 150
204 48 107 150
412 6 110 150
694 184 128 150
185 670 168 150
390 61 135 150
742 177 175 150
174 14 156 150
185 63 168 150
741 29 151 300
714 552 90 300
673 28 90 300
326 6 147 150
571 22 94 300
424 10 81 300
233 40 148 150
497 4 126 150
512 43 119 150
424 184 143 150
499 4 118 150
268 12 83 300
584 37 128 150
595 4 169 150
342 507 89 300
186 19 146 150
683 170 128 150
176 52 193 150
501 4 141 150
682 344 88 300
492 196 142 150
195 50 145 150
185 32 124 150
461 4 112 150
189 48 110 150
417 343 113 300
445 18 105 300
171 271 138 150
429 518 117 150
814 197 134 150
190 44 122 150
762 3 117 150
557 6 163 150
178 36 122 150
174 17 143 150
739 3 190 150
192 63 143 150
790 26 89 300
177 59 141 150
507 37 114 150
191 16 179 150
178 33 141 150
475 3 163 150
198 51 168 150
206 296 137 150
415 29 81 300
220 53 123 300
452 3 179 150
793 5 115 150
791 22 114 300
185 29 172 150
222 172 157 150
483 207 135 150
322 37 150 150
202 642 130 150
207 12 113 150
429 3 122 150
172 13 101 150
291 659 69 300
273 3 115 150
147 5 209 150
349 0 143 300
474 5 136 150
280 718 99 300
770 20 127 300
354 46 168 300
778 201 136 150
553 4 122 150
622 22 102 300
247 41 126 300
319 286 88 300
292 64 68 300
195 13 115 150
202 2 121 150
286 63 122 300
203 63 97 150
208 16 120 150
422 26 91 300
209 52 107 150
711 6 147 150
179 41 112 150
389 50 81 300
476 47 87 300
808 179 108 150
568 696 196 150
440 206 111 150
173 294 113 150
709 19 70 300
789 172 112 150
332 50 70 300
148 6 128 150
207 53 121 150
701 51 117 300
606 6 172 150
673 6 125 150
488 19 70 300
231 28 76 300
185 34 100 150
287 197 115 150
740 252 106 300
513 652 110 150
185 16 127 150
178 661 109 150
652 4 126 150
724 64 106 300
726 15 79 300
275 25 84 300
189 57 114 150
300 4 99 150
278 9 72 300
354 204 95 150
186 58 109 150
216 254 94 300
724 4 117 150
483 37 147 150
372 6 128 150
148 15 78 300
515 154 133 150
802 5 104 150
370 6 98 150
774 3 106 150
168 37 123 150
156 4 104 150
209 8 159 150
716 193 112 150
194 56 119 150
729 3 117 150
700 5 102 150
649 5 112 150
730 55 133 150
515 11 114 150
674 64 83 300
687 59 166 150
188 610 106 150
413 59 171 150
420 323 142 150
722 458 89 300
237 6 114 150
178 0 91 150
171 19 103 150
780 373 78 300
249 3 126 150
166 0 74 300
619 645 122 300
464 36 176 150
429 59 178 150
262 564 134 150
411 32 178 150
501 28 160 150
371 4 107 150
413 28 167 150
295 30 74 300
260 578 181 150
145 63 80 300
172 225 120 150
602 5 119 150
375 192 97 150
219 53 110 300
340 4 99 150
430 3 119 150
640 366 65 300
265 42 133 150
233 178 141 150
457 146 106 300
220 37 109 150
493 41 161 150
173 234 110 150
512 8 119 150
217 46 76 300
215 10 91 300
672 45 116 300
343 779 106 300
364 3 107 150
198 23 112 150
663 575 132 150
185 21 110 150
673 1 107 300
388 42 152 150
742 584 148 150
236 195 101 150
570 42 121 150
583 42 119 150
195 29 116 150
739 700 191 150
581 253 183 150
579 816 117 150
165 394 83 300
697 565 116 150
568 505 101 150
627 485 168 150
190 26 97 150
701 22 70 300
728 42 128 150
472 586 131 150
576 412 97 150
342 212 75 300
655 508 176 150
497 767 107 150
465 167 153 150
586 57 153 150
787 62 126 150
581 58 124 150
813 50 144 150
581 420 131 150
484 62 139 150
387 276 142 150
641 59 161 150
578 62 135 150
293 48 151 150
767 44 95 150
818 739 104 150
781 54 175 150
620 497 110 150
817 503 118 150
499 500 101 150
464 715 142 150
695 43 105 150
426 66 150 150
472 763 148 150
394 64 103 300
808 13 168 150
561 28 114 150
686 2 152 150
494 320 103 150
737 44 90 150
681 596 148 150
238 663 90 300
470 43 100 150
211 35 123 150
650 59 184 150
776 48 134 150
495 448 162 150
696 60 169 150
492 65 84 150
507 60 172 150
504 52 171 150
662 36 159 150
491 271 84 150
437 11 73 300
278 43 105 150
768 65 149 150
775 21 88 300
793 55 125 150
467 246 168 150
468 44 112 150
329 141 144 150
581 28 95 150
648 47 70 300
153 35 162 150
300 21 75 300
441 699 123 150
256 54 135 150
796 55 108 150
762 59 97 150
699 35 112 150
770 25 88 300
141 233 79 300
795 48 108 150
814 54 118 150
570 23 159 150
413 65 111 150
692 36 81 150
509 36 114 150
768 32 115 150
366 58 93 300
791 18 92 150
693 33 104 150
502 10 174 150
417 19 176 150
476 27 96 150
504 48 107 150
693 27 95 150
432 44 153 150
278 65 95 150
415 48 115 150
490 400 143 150
554 719 154 150
422 45 171 150
508 28 100 150
441 36 170 150
270 0 124 150
444 48 169 150
689 18 124 150
466 28 92 150
271 32 100 150
461 30 157 150
150 20 98 300
595 357 68 300
466 13 109 150
165 298 154 150
348 65 171 150
268 42 113 150
166 703 146 150
325 23 144 150
815 26 153 150
357 59 174 150
685 619 154 150
300 299 118 150
696 264 137 150
562 66 89 150
712 20 86 300
497 9 143 150
391 53 71 300
388 588 92 150
300 388 160 150
687 41 132 150
655 384 120 150
583 12 92 150
588 12 123 150
726 640 142 150
233 1 97 300
562 56 78 150
553 54 143 150
575 14 117 150
561 50 92 150
556 48 127 150
298 42 93 150
553 36 92 150
563 24 135 150
578 66 106 150
803 43 84 150
805 43 101 150
551 33 91 150
258 483 158 150
268 57 141 150
484 64 154 150
677 288 142 150
369 18 131 150
705 43 101 150
681 9 189 150
168 729 121 150
252 26 75 300
312 565 103 150
568 24 81 150
741 587 81 150
572 50 86 150
283 692 115 150
288 694 106 150
581 50 132 150
711 776 156 150
268 35 126 150
786 311 142 150
749 66 116 150
788 44 97 150
307 15 180 150
481 476 98 150
420 41 108 150
556 28 93 150
509 480 114 150
474 296 90 150
775 42 90 150
283 35 123 150
776 497 92 150
583 34 80 150
643 689 90 150
661 56 137 150
380 244 166 150
652 42 105 150
807 65 111 150
605 574 115 150
300 44 95 150
301 44 111 150
721 64 143 150
322 47 140 150
716 813 85 150
693 66 109 150
576 52 126 150
659 768 95 150
475 12 80 150
336 410 117 150
584 16 126 150
579 57 99 150
581 52 94 150
654 696 89 150
416 12 91 150
775 44 89 150
627 164 79 150
782 35 96 150
802 55 89 150
806 33 87 150
151 302 139 150
287 59 110 150
651 679 141 150
793 50 109 150
698 14 99 150
574 7 112 150
294 55 124 150
296 62 104 150
697 714 96 150
219 812 86 150
741 685 87 150
652 51 139 150
737 719 89 150
154 42 98 150
258 2 132 150
811 50 105 150
313 50 155 150
288 27 100 150
485 59 94 150
653 60 167 150
160 421 109 150
222 41 115 150
503 56 95 150
466 14 132 150
719 51 150 150
165 65 84 150
762 34 89 150
417 50 121 150
681 56 112 150
424 165 88 150
763 2 98 150
572 0 93 150
701 48 98 150
764 156 106 150
302 7 148 150
472 50 115 150
465 741 125 150
609 56 188 150
475 15 96 150
335 35 103 150
314 695 108 150
677 814 95 150
259 51 151 150
278 12 88 150
387 53 151 150
335 59 85 150
734 332 96 150
729 57 115 150
383 10 133 150
694 332 83 150
658 65 98 150
662 35 105 150
250 57 124 150
663 325 93 150
592 149 126 150
303 62 99 150
805 18 93 150
806 13 113 150
587 10 93 150
806 28 113 150
727 11 134 150
315 476 88 150
640 32 114 150
248 507 122 150
642 18 96 150
662 67 86 150
606 813 86 150
338 59 88 150
722 329 86 150
776 67 93 150
612 644 140 150
212 35 128 150
778 48 96 150
803 13 103 150
303 45 153 150
332 36 80 150
748 55 130 150
439 577 89 150
251 35 84 150
696 52 82 150
429 24 94 150
509 51 89 150
764 52 99 150
583 10 107 150
718 36 84 150
503 51 72 150
668 59 94 150
487 225 165 150
768 11 102 150
480 13 82 150
329 64 87 150
424 50 89 150
275 728 77 150
573 30 131 150
384 28 97 150
249 470 105 150
503 7 85 150
344 561 87 150
356 345 85 300
602 52 147 150
413 60 107 150
494 17 83 150
656 32 83 150
507 7 120 150
815 441 108 150
586 31 98 150
722 33 112 150
721 10 122 150
445 768 87 150
312 65 102 150
444 2 133 150
682 7 108 150
712 33 97 150
444 474 91 150
145 65 96 150
791 0 81 150
812 53 128 150
508 17 96 150
654 18 96 150
154 62 114 150
503 45 94 150
391 29 79 300
259 48 101 150
674 65 86 150
246 62 96 150
466 58 98 150
727 18 101 150
150 55 92 150
739 10 84 150
796 31 94 150
763 1 91 150
735 19 72 150
603 59 105 150
318 33 111 150
815 10 98 150
247 36 120 150
813 53 87 150
362 588 76 150
245 59 96 150
477 45 112 150
326 58 90 150
627 17 107 150
154 36 74 150
328 57 86 150
243 33 116 150
156 59 101 150
721 30 122 150
493 31 104 150
474 19 80 150
155 27 97 150
240 54 74 150
583 23 90 150
505 46 75 150
441 65 93 150
553 66 105 150
749 23 168 150
554 308 104 150
320 19 82 150
145 28 90 150
220 504 83 150
463 1 80 150
429 53 93 150
595 28 96 150
568 20 105 150
283 802 101 150
675 18 74 150
353 43 79 150
349 43 108 150
581 8 96 150
329 0 89 150
278 10 117 150
329 53 74 150
475 30 84 150
444 55 106 150
430 35 102 150
168 22 124 150
403 43 99 150
552 34 94 150
350 47 77 300
495 29 94 150
248 400 122 150
357 51 157 150
262 309 90 150
424 30 93 150
253 8 122 150
799 29 98 150
701 298 68 150
283 20 133 150
796 613 78 150
731 395 108 150
742 41 98 150
375 54 80 150
622 23 105 150
375 27 100 150
361 462 81 150
611 67 83 150
816 47 83 150
481 641 120 150
357 35 98 150
379 27 73 150
646 20 111 150
377 434 164 150
263 216 112 150
434 27 79 150
372 32 119 150
223 36 104 150
695 8 91 150
809 14 122 150
771 643 90 150
749 803 91 150
575 26 103 150
224 27 107 150
287 722 87 150
609 618 107 150
214 25 147 150
225 54 72 150
583 26 92 150
344 55 95 150
280 665 72 150
704 718 108 150
471 21 92 150
236 65 126 150
156 349 127 150
656 784 107 150
276 29 78 150
586 21 100 150
797 25 108 150
350 27 108 150
551 53 89 150
702 715 117 150
804 254 87 150
704 719 93 150
387 663 102 150
718 483 88 150
642 713 82 150
360 54 81 150
648 14 81 150
159 41 85 150
393 17 174 150
393 62 89 150
508 9 101 150
355 28 101 150
601 41 78 150
399 36 91 150
234 19 141 150
480 56 81 150
622 9 96 150
357 13 76 150
413 9 77 150
808 16 89 150
231 33 112 150
777 669 107 150
769 20 90 150
554 31 81 150
805 52 87 150
659 651 92 150
645 24 71 150
163 34 78 150
169 64 103 150
270 22 75 150
488 593 108 150
661 66 82 150
802 52 90 150
651 15 97 150
242 640 88 150
481 24 117 150
307 56 97 150
663 14 80 150
652 66 80 150
659 66 80 150
307 14 97 150
166 34 90 150
305 665 70 150
250 66 76 150
766 26 102 150
777 24 76 150
246 299 105 150
742 15 103 150
147 784 88 150
298 607 80 150
159 484 75 150
659 34 88 150
742 717 106 150
644 51 100 150
420 9 80 150
604 644 70 150
267 53 84 150
364 23 115 150
747 24 89 150
662 315 86 150
597 14 141 150
740 24 81 150
553 29 110 150
440 641 110 150
385 57 79 150
604 778 65 150
143 14 106 150
671 747 79 150
777 248 69 150
809 10 89 150
299 53 109 150
239 555 65 150
728 63 97 150
740 19 69 150
265 30 94 150
303 57 95 150
801 370 80 150
389 11 100 150
313 56 92 150
290 10 74 150
649 17 129 150
157 14 69 150
164 11 85 150
217 19 79 150
243 719 80 150
388 442 90 150
442 12 63 150
483 17 93 150
290 46 88 150
154 50 91 150
650 11 111 150
643 53 90 150
729 52 84 150
295 1 68 150
388 1 76 150
481 45 98 150
593 24 88 150
700 1 68 150
808 610 78 150
388 370 111 150
165 0 83 150
154 64 96 150
157 64 88 150
744 11 95 150
213 16 78 150
245 24 77 150
652 441 73 150
160 10 73 150
372 12 109 150
296 222 95 150
259 7 84 150
160 0 76 150
613 294 89 150
776 19 83 150
651 17 101 150
723 11 92 150
594 2 67 150
332 53 90 150
552 20 92 150
313 19 82 150
788 31 64 150
309 17 99 150
775 0 79 150
307 53 97 150
675 2 97 150
153 2 82 150
306 45 102 150
253 58 67 150
728 448 89 150
362 9 132 150
365 9 113 150
458 24 77 150
143 16 97 150
748 53 98 150
248 157 82 150
662 17 91 150
306 53 87 150
304 17 88 150
148 63 84 150
722 45 82 150
749 0 63 150
745 376 130 150
666 0 100 150
678 16 97 150
214 19 73 150
249 52 83 150
211 0 76 150
553 9 66 150
350 488 88 150
333 31 91 150
305 31 63 150
369 12 86 150
256 46 81 150
319 45 74 150
444 52 84 150
788 238 71 150
590 45 61 150
257 31 96 150
595 46 83 150
400 66 110 150
340 66 105 150
667 30 80 150
458 7 75 150
160 23 100 150
366 66 90 150
369 66 100 150
375 19 75 150
243 46 76 150
354 66 65 150
449 454 85 150
260 25 91 150
671 430 70 150
355 15 75 150
484 8 88 150
214 30 65 150
654 23 110 150
395 302 91 150
619 24 101 150
151 31 85 150
222 24 76 150
389 8 75 150
379 58 91 150
611 149 84 150
220 155 104 150
771 8 94 150
228 19 94 150
371 60 89 150
439 57 91 150
433 60 84 150
674 30 86 150
616 52 127 150
226 63 69 150
245 220 84 150
442 375 79 150
331 22 115 150
711 239 66 150
225 58 79 150
363 151 59 150
484 25 85 150
400 240 83 150
667 26 90 150
228 7 100 150
232 24 73 150
397 34 63 150
489 25 75 150
353 57 60 150
456 30 63 150
379 45 88 150
489 47 79 150
777 25 79 150
216 22 96 150
145 23 63 150
254 343 78 150
434 53 123 150
313 29 88 150
430 46 107 150
677 29 69 150
679 29 68 150
210 22 58 150
432 46 82 150
452 23 109 150
610 46 99 150
353 17 62 150
213 9 57 150
215 25 72 150
773 20 95 150
606 20 96 150
216 47 68 150
434 30 83 150
367 46 86 150
397 0 71 150
216 21 77 150
238 0 94 150
359 619 76 150
247 9 72 150
440 26 85 150
399 375 70 150
315 20 66 150
430 29 108 150
430 8 65 150
148 20 56 150
343 23 91 150
366 29 64 150
449 47 66 150
349 29 67 150
394 23 109 150
237 23 65 150
345 611 87 150
364 8 93 150
379 9 73 150
369 21 101 150
369 20 78 150
362 20 88 150
239 8 67 150
346 9 85 150
