535 68 265 1000
530 825 230 1000
537 39 234 1000
826 38 258 1000
534 529 217 1000
530 49 220 1000
752 38 199 1000
520 40 196 1000
541 636 187 1000
208 39 184 1000
537 6 184 1000
173 821 178 1000
515 68 166 1000
637 510 207 1000
208 520 165 1000
790 534 163 1000
531 62 163 1000
533 18 198 1000
185 38 171 1000
687 39 182 1000
529 191 161 1000
823 43 158 1000
499 68 165 1000
824 34 199 1000
177 49 163 1000
828 62 158 1000
513 61 199 1000
631 694 198 1000
567 68 167 1000
465 68 175 1000
820 28 165 1000
635 37 149 1000
305 39 154 1000
837 4 154 1000
572 69 192 1000
188 69 151 1000
602 39 151 1000
752 6 153 1000
439 530 152 1000
488 68 153 1000
528 36 145 1000
304 821 160 1000
542 6 148 1000
751 44 183 1000
821 24 159 1000
792 49 153 1000
535 804 156 1000
545 4 148 1000
224 824 148 1000
636 59 144 1000
228 68 150 1000
265 822 140 1000
144 533 143 1000
540 3 153 1000
828 26 150 1000
737 49 155 1000
837 492 139 1000
557 38 150 1000
627 833 144 1000
817 836 143 1000
687 836 138 1000
492 836 163 1000
520 16 148 1000
826 26 153 1000
825 22 157 1000
628 69 142 1000
256 38 181 1000
833 55 140 1000
715 68 146 1000
285 38 136 1000
825 66 157 1000
481 38 154 1000
704 68 150 1000
598 38 141 1000
744 38 160 1000
747 38 150 1000
631 21 181 1000
527 13 139 1000
143 68 140 1000
145 68 144 1000
754 628 133 1000
521 18 148 1000
632 24 147 1000
253 49 177 1000
564 40 132 1000
761 61 136 1000
541 59 142 1000
283 49 135 1000
408 38 142 1000
210 68 132 1000
502 61 136 1000
768 40 136 1000
306 40 176 1000
521 347 148 1000
318 49 171 1000
764 61 149 1000
815 61 146 1000
606 49 136 1000
163 831 182 1000
825 19 147 1000
540 28 135 1000
525 21 146 1000
605 40 169 1000
607 40 184 1000
638 45 144 1000
546 27 146 1000
487 69 134 1000
712 69 168 1000
399 38 144 1000
305 69 133 1000
709 754 172 1000
481 69 144 1000
298 754 133 1000
802 49 137 1000
264 49 137 1000
652 753 171 1000
540 358 166 1000
835 45 140 1000
713 49 134 1000
247 638 136 1000
546 748 130 1000
154 630 144 1000
702 638 124 1000
638 52 135 1000
808 49 139 1000
837 19 171 1000
549 24 134 1000
644 49 139 1000
834 9 132 1000
718 836 134 1000
529 52 151 1000
245 61 170 1000
545 16 125 1000
548 1 163 1000
335 49 121 1000
220 69 137 1000
513 5 176 1000
741 40 127 1000
636 51 121 1000
323 548 136 1000
636 64 136 1000
650 69 131 1000
838 141 123 1000
457 40 119 1000
340 61 129 1000
832 166 135 1000
804 548 129 1000
648 69 123 1000
518 565 162 1000
184 736 158 1000
430 61 133 1000
756 25 124 1000
642 61 127 1000
573 186 171 1000
544 22 120 1000
548 9 121 1000
541 21 126 1000
207 3 125 1000
672 751 118 1000
193 6 130 1000
197 6 131 1000
758 2 125 1000
211 751 130 1000
373 40 130 1000
195 417 164 1000
201 385 153 1000
332 40 137 1000
770 40 138 1000
158 40 118 1000
208 749 157 1000
722 40 127 1000
587 5 156 1000
173 37 117 1000
578 5 157 1000
541 667 135 1000
200 32 120 1000
544 63 125 1000
178 490 119 1000
762 6 110 1000
201 27 110 1000
477 564 146 1000
586 42 151 1000
196 685 117 1000
563 6 123 1000
565 6 123 1000
499 518 112 1000
510 60 147 1000
731 815 147 1000
818 44 150 1000
462 795 149 1000
382 3 144 1000
578 33 149 1000
420 505 149 1000
513 462 107 1000
518 467 103 1000
518 33 118 1000
208 24 121 1000
814 195 106 1000
350 6 146 1000
474 33 147 1000
818 32 142 1000
795 3 118 1000
329 3 145 1000
410 5 107 1000
203 596 115 1000
577 567 101 1000
389 6 98 1000
200 7 138 1000
805 4 143 1000
576 813 110 1000
494 797 103 1000
796 42 107 1000
799 42 106 1000
500 388 141 1000
322 202 116 1000
563 42 102 1000
225 5 142 1000
208 345 116 1000
182 15 96 1000
795 44 101 1000
504 42 107 1000
197 644 139 1000
574 573 111 1000
708 37 140 1000
184 24 100 1000
512 53 137 1000
283 6 113 1000
502 320 135 1000
191 18 105 1000
737 573 110 1000
470 736 98 1000
476 35 105 1000
325 177 109 1000
382 54 136 1000
597 44 136 1000
328 43 139 1000
477 24 140 1000
562 27 94 1000
447 6 105 1000
325 4 106 1000
697 65 109 1000
508 65 100 1000
512 57 139 1000
465 731 94 1000
596 4 99 1000
383 37 98 1000
797 18 134 1000
696 62 99 1000
172 7 139 1000
795 27 101 1000
568 32 94 1000
761 54 98 1000
812 65 97 1000
481 28 138 1000
418 62 98 1000
305 4 110 1000
151 4 135 1000
153 4 142 1000
283 37 104 1000
739 33 99 1000
730 48 98 1000
475 60 135 1000
172 16 108 1000
795 54 97 1000
286 67 135 1000
813 43 108 1000
427 33 113 1000
233 6 103 1000
507 36 93 1000
592 67 140 1000
475 59 96 1000
577 55 108 1000
584 32 108 1000
791 31 133 1000
533 68 269 300
280 32 140 1000
423 43 107 1000
285 5 94 1000
478 67 117 1000
573 552 91 1000
340 6 111 1000
605 5 104 1000
513 9 101 1000
377 515 101 1000
366 170 95 1000
493 232 135 1000
348 4 97 1000
695 557 100 1000
242 200 106 1000
393 762 132 1000
497 556 95 1000
182 8 95 1000
250 6 100 1000
379 44 130 1000
801 791 130 1000
198 16 105 1000
395 177 98 1000
373 620 134 1000
331 204 96 1000
197 13 106 1000
367 4 89 1000
228 59 129 1000
417 8 134 1000
645 42 134 1000
257 203 93 1000
424 29 139 1000
264 191 94 1000
360 33 133 1000
178 9 103 1000
185 805 94 1000
583 24 98 1000
445 173 96 1000
188 30 92 1000
462 22 128 1000
416 388 103 1000
697 41 94 1000
571 246 127 1000
476 749 98 1000
489 42 90 1000
565 24 86 1000
654 6 86 1000
662 176 92 1000
160 461 131 1000
325 792 107 1000
814 141 131 1000
699 30 128 1000
264 32 130 1000
383 62 102 1000
168 35 133 1000
660 410 136 1000
325 811 85 1000
242 510 107 1000
189 667 101 1000
502 16 96 1000
575 41 100 1000
748 59 96 1000
517 51 96 1000
588 45 91 1000
289 35 91 1000
781 518 89 1000
294 426 101 1000
490 14 88 1000
604 499 85 1000
495 53 139 1000
388 462 90 1000
177 56 110 1000
563 45 89 1000
736 60 92 1000
384 27 84 1000
503 14 91 1000
573 435 89 1000
296 59 100 1000
768 50 127 1000
741 13 131 1000
442 5 84 1000
491 31 94 1000
500 24 101 1000
240 35 128 1000
417 1 128 1000
490 46 90 1000
687 64 135 1000
329 59 83 1000
198 66 101 1000
294 32 88 1000
262 5 103 1000
749 65 98 1000
462 45 93 1000
324 812 99 1000
422 15 91 1000
463 34 108 1000
420 56 126 1000
490 11 136 1000
370 5 87 1000
695 324 110 1000
421 53 128 1000
789 5 98 1000
741 67 98 1000
429 64 123 1000
695 46 88 1000
671 55 124 1000
172 11 97 1000
734 60 98 1000
275 503 108 1000
606 54 88 1000
505 338 131 1000
749 48 97 1000
474 16 87 1000
500 58 126 1000
354 44 93 1000
738 18 89 1000
620 31 88 1000
627 31 87 1000
707 5 95 1000
764 45 97 1000
362 814 87 1000
823 40 195 300
354 15 126 1000
492 29 86 1000
223 44 85 1000
769 46 96 1000
393 42 94 1000
394 42 94 1000
812 403 85 1000
616 36 92 1000
728 556 121 1000
508 13 98 1000
445 36 91 1000
335 388 125 1000
578 371 85 1000
762 12 91 1000
400 55 100 1000
433 27 85 1000
390 65 100 1000
449 737 95 1000
332 44 91 1000
439 55 83 1000
612 43 97 1000
697 22 85 1000
355 62 80 1000
287 8 119 1000
377 16 123 1000
400 686 94 1000
815 12 94 1000
405 27 85 1000
480 801 123 1000
571 20 79 1000
652 285 133 1000
579 247 84 1000
773 742 120 1000
250 43 90 1000
748 9 120 1000
194 19 100 1000
198 19 88 1000
738 9 93 1000
444 42 94 1000
787 67 88 1000
224 46 124 1000
349 35 93 1000
234 65 82 1000
390 27 83 1000
380 34 83 1000
470 47 94 1000
811 679 88 1000
761 246 91 1000
220 48 95 1000
645 60 122 1000
578 9 92 1000
441 62 83 1000
293 14 82 1000
789 32 88 1000
450 22 119 1000
196 39 216 300
429 9 83 1000
488 66 121 1000
464 803 83 1000
557 53 122 1000
233 62 92 1000
159 43 87 1000
799 12 93 1000
646 465 92 1000
502 21 77 1000
467 26 93 1000
485 41 105 1000
429 164 86 1000
246 697 88 1000
311 42 81 1000
561 252 89 1000
166 60 119 1000
692 23 81 1000
761 56 86 1000
290 45 82 1000
742 18 86 1000
322 24 82 1000
706 46 118 1000
567 10 78 1000
294 13 79 1000
642 46 116 1000
156 410 76 1000
813 52 81 1000
781 410 91 1000
338 42 90 1000
503 53 87 1000
319 427 81 1000
424 147 81 1000
423 670 80 1000
578 23 91 1000
654 463 91 1000
654 764 75 1000
653 44 80 1000
411 52 81 1000
557 57 115 1000
698 30 91 1000
578 58 86 1000
612 382 86 1000
286 18 85 1000
796 23 91 1000
370 393 117 1000
215 466 90 1000
665 48 80 1000
420 244 78 1000
576 66 100 1000
719 35 90 1000
592 18 86 1000
279 14 89 1000
240 59 94 1000
642 36 79 1000
788 36 80 1000
252 45 129 1000
383 7 118 1000
821 6 172 300
343 22 120 1000
643 33 84 1000
579 2 79 1000
222 388 79 1000
672 48 84 1000
654 429 79 1000
590 729 119 1000
481 14 89 1000
467 53 89 1000
474 64 74 1000
738 7 84 1000
150 27 84 1000
425 17 79 1000
667 42 88 1000
449 9 118 1000
248 32 88 1000
262 610 125 1000
282 46 96 1000
464 17 77 1000
764 58 80 1000
817 57 78 1000
652 65 80 1000
299 610 94 1000
399 484 84 1000
721 27 89 1000
476 7 84 1000
654 55 78 1000
288 18 78 1000
821 62 207 300
408 47 113 1000
619 296 88 1000
780 28 78 1000
722 59 79 1000
761 58 73 1000
714 67 79 1000
226 30 114 1000
456 45 83 1000
265 12 117 1000
282 60 88 1000
724 55 76 1000
355 20 112 1000
699 11 77 1000
342 296 88 1000
551 340 89 1000
464 250 87 1000
509 2 77 1000
699 19 82 1000
462 51 75 1000
694 2 77 1000
696 2 77 1000
456 13 72 1000
378 662 114 1000
509 0 87 1000
353 34 77 1000
505 53 88 1000
420 51 74 1000
735 1 89 1000
360 240 117 1000
805 322 92 1000
231 21 115 1000
767 11 86 1000
437 15 86 1000
687 63 87 1000
400 23 116 1000
537 43 174 300
227 748 90 1000
238 705 115 1000
485 394 87 1000
178 38 182 300
280 8 81 1000
298 20 81 1000
684 7 89 1000
613 16 74 1000
527 33 198 300
687 38 195 300
643 272 81 1000
326 18 100 1000
467 38 198 300
787 24 82 1000
231 23 115 1000
296 22 85 1000
367 17 110 1000
292 20 75 1000
828 28 163 300
278 18 88 1000
231 272 73 1000
361 50 113 1000
189 49 151 300
212 25 109 1000
777 273 81 1000
233 13 80 1000
616 51 113 1000
530 21 195 300
391 15 76 1000
554 52 74 1000
222 60 87 1000
432 18 74 1000
301 149 80 1000
788 777 109 1000
163 556 86 1000
164 313 111 1000
333 23 121 1000
369 63 112 1000
651 552 74 1000
554 12 84 1000
596 12 74 1000
711 20 119 1000
165 704 109 1000
642 742 84 1000
805 64 109 1000
252 270 90 1000
262 56 113 1000
773 14 87 1000
745 21 73 1000
258 24 79 1000
822 298 150 300
704 15 84 1000
608 9 89 1000
704 41 73 1000
776 60 79 1000
384 17 79 1000
646 214 109 1000
648 212 110 1000
242 41 73 1000
642 45 79 1000
322 802 83 1000
248 25 112 1000
444 16 68 1000
302 319 71 1000
528 67 148 300
393 16 73 1000
519 61 155 300
332 56 110 1000
705 46 78 1000
298 0 72 1000
242 306 81 1000
233 57 111 1000
456 47 82 1000
463 636 147 300
167 711 112 1000
655 15 82 1000
238 46 71 1000
324 20 82 1000
555 57 91 1000
456 315 77 1000
748 1 77 1000
246 20 107 1000
306 30 83 1000
595 666 71 1000
528 8 189 300
248 24 72 1000
721 41 72 1000
249 270 66 1000
391 45 92 1000
364 29 72 1000
283 2 67 1000
837 44 149 300
710 34 83 1000
721 45 88 1000
242 24 66 1000
265 14 91 1000
826 12 149 300
450 30 71 1000
219 45 77 1000
784 7 110 1000
353 224 82 1000
377 68 149 300
408 12 76 1000
227 22 72 1000
824 231 153 300
704 14 69 1000
608 66 76 1000
336 11 106 1000
770 60 81 1000
286 50 67 1000
413 69 148 300
728 294 70 1000
366 236 69 1000
160 51 107 1000
835 27 142 300
715 16 90 1000
153 60 68 1000
324 2 75 1000
216 63 105 1000
646 15 91 1000
409 8 65 1000
659 24 80 1000
350 9 85 1000
366 25 76 1000
596 723 71 1000
147 39 151 300
601 52 71 1000
275 254 75 1000
375 365 80 1000
835 360 178 300
717 11 110 1000
678 50 108 1000
405 47 79 1000
758 59 137 300
527 8 152 300
668 57 109 1000
440 147 74 1000
438 701 71 1000
595 53 68 1000
581 61 147 300
788 12 74 1000
336 26 74 1000
359 9 67 1000
602 53 77 1000
323 58 68 1000
775 31 79 1000
344 20 80 1000
220 148 69 1000
324 66 78 1000
358 23 73 1000
458 64 63 1000
245 222 68 1000
391 169 73 1000
525 66 134 300
366 61 173 300
534 39 221 150
393 372 64 1000
669 46 77 1000
781 29 78 1000
233 20 78 1000
650 46 67 1000
409 40 171 300
745 11 78 1000
598 2 67 1000
770 49 135 300
164 29 62 1000
311 29 67 1000
641 169 72 1000
596 61 134 300
146 610 76 1000
395 157 61 1000
166 29 86 1000
158 18 78 1000
238 69 143 300
311 19 113 1000
147 19 118 1000
371 10 71 1000
540 457 121 300
160 265 76 1000
211 29 76 1000
616 63 65 1000
160 12 66 1000
707 9 75 1000
719 262 77 1000
249 26 72 1000
809 0 80 1000
169 21 85 1000
214 262 88 1000
360 56 63 1000
445 51 70 1000
349 53 60 1000
441 672 78 1000
706 12 60 1000
331 440 66 1000
392 64 66 1000
237 56 65 1000
829 632 212 150
224 2 75 1000
662 21 70 1000
724 29 69 1000
314 25 71 1000
808 372 74 1000
774 69 120 300
335 250 78 1000
834 38 242 150
149 47 67 1000
158 9 81 1000
311 47 74 1000
376 2 74 1000
143 21 75 1000
824 541 203 150
824 549 204 150
405 57 62 1000
257 66 69 1000
153 30 63 1000
540 68 196 150
828 40 197 150
673 708 64 1000
703 20 58 1000
213 721 68 1000
194 48 157 300
257 2 77 1000
393 57 61 1000
238 58 57 1000
788 56 72 1000
635 69 198 150
653 21 57 1000
338 2 72 1000
701 66 67 1000
656 20 63 1000
545 546 222 150
709 653 66 1000
660 216 59 1000
168 53 63 1000
200 28 130 300
231 51 72 1000
247 259 66 1000
147 17 66 1000
563 812 146 300
679 53 71 1000
839 40 187 150
336 663 85 1000
240 10 66 1000
675 1 60 1000
241 50 57 1000
256 652 79 1000
195 68 221 150
413 35 148 300
820 37 213 150
756 40 181 150
752 542 186 150
501 54 149 300
780 63 60 1000
190 33 117 300
782 63 67 1000
200 13 111 300
531 4 192 150
656 53 63 1000
144 58 70 1000
197 39 180 150
658 10 59 1000
242 57 61 1000
146 7 61 1000
210 17 69 1000
172 68 172 150
216 1 59 1000
256 50 67 1000
789 11 70 1000
562 531 171 150
202 758 208 150
665 53 78 1000
504 39 169 150
531 65 164 150
696 39 168 150
206 637 173 150
741 39 198 150
156 184 143 300
512 34 111 300
583 38 201 150
495 687 95 300
631 6 160 150
672 64 68 1000
294 68 202 150
252 63 52 1000
735 38 200 150
601 6 111 300
567 48 105 300
698 68 163 150
318 17 82 1000
413 68 157 150
735 65 97 300
704 539 197 150
509 68 162 150
197 63 136 300
791 65 113 300
818 462 108 300
789 19 57 1000
537 483 154 150
821 33 176 150
635 3 155 150
535 21 191 150
426 33 98 300
439 4 102 300
160 39 193 150
528 813 160 150
530 24 166 150
329 530 166 150
822 47 188 150
345 737 136 300
202 549 151 150
830 37 151 150
540 6 156 150
541 6 151 150
541 575 189 150
528 465 160 150
429 366 135 300
438 523 184 150
747 68 143 150
686 752 191 150
731 557 92 300
411 38 158 150
182 10 99 300
812 480 99 300
243 68 186 150
590 637 184 150
362 55 133 300
290 735 94 300
787 39 163 150
355 829 151 150
696 12 128 300
791 49 156 150
543 4 144 150
408 39 156 150
639 18 186 150
519 52 98 300
632 13 181 150
356 32 135 300
533 314 145 150
537 315 146 150
540 67 182 150
824 31 155 150
603 49 183 150
465 49 145 150
833 42 150 150
636 28 143 150
216 534 155 150
639 27 155 150
423 40 184 150
627 832 143 150
541 3 154 150
820 47 148 150
836 577 153 150
770 39 155 150
535 23 155 150
530 50 141 150
171 642 101 300
830 55 147 150
259 39 152 150
660 4 94 300
835 65 137 150
823 30 141 150
166 825 143 150
412 69 142 150
787 173 90 300
309 38 141 150
197 2 96 300
812 69 140 150
585 757 143 150
521 13 147 150
465 838 151 150
148 826 141 150
423 21 126 300
253 68 147 150
834 42 161 150
678 39 151 150
829 656 141 150
350 5 110 300
829 52 140 150
828 30 150 150
685 69 150 150
294 61 179 150
638 20 174 150
466 60 95 300
522 58 181 150
694 14 89 300
308 44 109 300
503 17 129 300
767 60 84 300
548 42 144 150
596 628 88 300
638 34 139 150
450 38 137 150
583 40 144 150
756 59 143 150
172 52 87 300
545 500 138 150
491 63 127 300
577 40 133 150
722 49 174 150
736 61 140 150
631 2 186 150
828 7 137 150
795 322 98 300
186 52 102 300
639 214 177 150
631 53 172 150
638 53 176 150
522 22 142 150
541 14 179 150
470 40 142 150
637 458 131 150
422 61 137 150
568 57 138 300
344 38 136 150
544 474 149 150
545 67 134 150
606 44 98 300
329 13 123 300
837 24 140 150
831 593 154 150
423 61 149 150
735 40 154 150
232 575 85 300
325 49 144 150
413 18 86 300
740 834 144 150
654 527 145 150
342 507 86 300
521 56 138 150
636 29 127 150
636 343 135 150
608 36 96 300
529 50 137 150
790 26 92 300
525 2 126 150
741 29 121 300
484 12 125 300
204 5 171 150
738 31 99 300
174 519 166 150
791 22 85 300
430 839 129 150
637 649 135 150
551 40 141 150
758 14 135 150
707 40 164 150
415 29 79 300
172 37 168 150
682 344 87 300
191 4 168 150
417 343 86 300
353 837 138 150
757 1 173 150
521 57 138 150
571 22 95 300
476 47 102 300
543 727 170 150
622 22 82 300
146 635 137 150
206 6 136 150
444 69 137 150
231 69 121 150
354 46 122 300
378 44 84 300
290 18 89 300
560 23 88 300
636 58 120 150
543 13 125 150
422 26 79 300
806 43 93 300
585 1 88 300
285 40 135 150
540 14 135 150
456 40 133 150
839 66 135 150
185 175 129 150
610 40 129 150
585 53 81 300
803 69 125 150
831 338 133 150
231 28 82 300
247 69 128 150
771 493 81 300
390 61 134 150
836 58 138 150
618 61 133 150
189 6 131 150
233 40 138 150
262 40 122 150
174 818 156 150
210 69 131 150
832 57 120 150
655 43 91 300
544 377 123 150
758 143 120 150
834 19 126 150
143 62 80 300
787 757 122 150
692 52 76 300
541 23 125 150
189 4 119 150
540 679 117 150
729 42 80 300
709 54 82 300
518 179 127 150
189 3 122 150
726 61 128 150
757 11 133 150
801 40 117 150
549 0 117 150
702 40 121 150
148 40 123 150
646 40 112 150
734 58 80 300
696 3 157 150
503 217 88 300
673 28 81 300
692 11 78 300
668 48 88 300
424 10 76 300
729 55 78 300
675 61 138 150
200 27 129 150
319 40 124 150
541 53 126 150
215 33 72 300
548 63 125 150
175 5 113 150
194 37 115 150
209 43 114 150
608 57 113 300
270 60 87 300
540 58 124 150
697 19 76 300
500 6 128 150
412 6 113 150
620 57 88 300
185 32 117 150
220 53 115 300
190 44 116 150
204 48 117 150
178 36 117 150
174 14 149 150
694 184 109 150
349 0 115 300
206 296 125 150
568 696 147 150
499 4 112 150
641 248 114 300
742 177 150 150
553 195 145 150
513 13 146 150
683 170 113 150
512 43 119 150
497 4 108 150
424 184 104 150
501 4 109 150
461 4 114 150
770 20 116 300
584 37 107 150
295 30 69 300
191 16 144 150
189 48 110 150
595 4 147 150
178 33 118 150
267 17 109 300
185 29 143 150
300 21 77 300
714 552 73 300
730 55 146 150
177 59 119 150
687 59 148 150
413 59 158 150
247 41 79 300
595 357 68 300
275 25 73 300
278 9 74 300
507 37 105 150
492 196 116 150
464 36 143 150
429 59 144 150
429 3 118 150
429 518 120 150
319 286 79 300
411 32 146 150
501 28 143 150
814 197 118 150
413 28 144 150
762 3 129 150
739 3 117 150
291 659 70 300
452 3 155 150
475 3 117 150
222 172 143 150
445 18 83 300
169 52 107 300
148 15 78 300
275 668 72 300
793 5 116 150
389 50 73 300
483 207 128 150
185 670 139 150
292 64 77 300
185 16 108 150
666 776 110 300
474 5 115 150
207 7 140 150
171 271 108 150
173 294 113 150
280 718 71 300
557 6 113 150
472 586 109 150
208 16 112 150
553 4 107 150
742 584 139 150
579 816 109 150
583 42 109 150
740 252 73 300
326 6 102 150
497 767 107 150
493 41 138 150
356 345 79 300
641 4 142 150
570 42 99 150
568 505 103 150
697 565 103 150
576 412 96 150
388 42 136 150
248 6 141 150
767 44 110 150
627 485 140 150
581 420 107 150
818 739 118 150
457 146 71 300
176 52 142 150
817 503 107 150
185 63 136 150
499 500 101 150
207 12 107 150
391 29 71 300
185 34 102 150
174 17 138 150
179 41 105 150
737 44 110 150
300 4 102 150
484 62 137 150
470 43 102 150
695 43 99 150
293 48 142 150
793 55 105 150
468 44 99 150
722 458 80 300
606 6 111 150
354 204 95 150
209 8 111 150
699 35 100 150
492 65 98 150
620 497 109 150
420 323 138 150
681 596 134 150
195 50 147 150
795 48 99 150
186 19 134 150
268 12 67 300
413 65 109 150
768 32 104 150
286 63 78 300
507 60 139 150
672 45 74 300
561 28 104 150
581 28 93 150
696 60 142 150
287 197 97 150
440 206 108 150
701 22 74 300
472 763 109 150
796 55 97 150
504 48 98 150
693 27 99 150
578 62 110 150
192 63 133 150
165 394 75 300
483 37 118 150
415 48 98 150
488 19 70 300
237 6 103 150
619 645 73 300
692 36 93 150
509 36 97 150
198 51 137 150
273 3 98 150
768 65 108 150
693 33 102 150
726 15 68 300
172 13 96 150
466 28 102 150
350 47 64 300
762 59 107 150
432 44 133 150
508 28 95 150
260 578 136 150
185 21 102 150
814 54 109 150
217 46 79 300
490 400 131 150
422 45 137 150
602 5 101 150
262 564 135 150
441 699 136 150
476 27 106 150
172 225 95 150
195 13 108 150
188 610 95 150
430 3 101 150
202 642 107 150
147 5 135 150
238 663 68 300
322 37 107 150
220 37 100 150
388 588 94 150
512 8 105 150
770 25 72 300
370 6 94 150
340 4 93 150
640 366 69 300
778 201 99 150
515 154 108 150
372 6 89 150
343 779 72 300
495 448 134 150
173 234 94 150
348 65 129 150
265 42 133 150
441 36 144 150
685 619 131 150
357 59 129 150
741 587 94 150
300 299 134 150
815 26 133 150
202 2 91 150
663 575 134 150
444 48 133 150
364 3 93 150
209 52 88 150
673 6 114 150
481 476 98 150
497 9 133 150
300 388 130 150
207 53 103 150
687 41 98 150
141 233 76 300
583 34 93 150
298 42 93 150
494 320 98 150
652 4 98 150
711 6 103 150
233 178 104 150
300 44 99 150
301 44 99 150
195 29 93 150
189 57 108 150
655 508 127 150
568 24 103 150
387 276 132 150
553 36 94 150
681 9 132 150
294 55 97 150
787 62 127 150
563 24 102 150
203 63 90 150
551 33 92 150
296 62 93 150
641 59 129 150
728 42 135 150
307 15 131 150
371 4 91 150
485 59 98 150
283 692 93 150
288 694 93 150
570 23 128 150
781 54 135 150
802 5 97 150
762 34 92 150
739 700 131 150
808 179 90 150
190 26 97 150
420 41 103 150
556 28 101 150
491 271 89 150
465 167 129 150
509 480 101 150
474 296 91 150
236 195 102 150
278 43 96 150
581 253 126 150
741 685 89 150
791 18 96 150
461 30 128 150
211 35 127 150
148 6 102 150
650 59 131 150
789 172 90 150
748 55 95 150
437 11 65 300
776 48 126 150
429 24 97 150
283 35 97 150
156 4 109 150
467 246 129 150
513 652 101 150
375 192 93 150
466 14 95 150
504 52 136 150
584 16 100 150
256 54 125 150
586 31 90 150
686 2 128 150
606 813 88 150
168 37 90 150
287 59 84 150
198 23 99 150
698 14 88 150
662 36 124 150
813 50 127 150
186 58 101 150
605 574 99 150
556 48 99 150
553 54 103 150
503 45 97 150
178 661 102 150
586 57 125 150
780 373 66 300
465 741 99 150
502 10 128 150
475 15 90 150
288 27 86 150
581 58 124 150
278 65 83 150
384 28 88 150
796 31 95 150
603 59 97 150
303 45 135 150
464 715 128 150
426 66 127 150
153 35 124 150
413 60 89 150
178 0 98 150
362 588 89 150
487 225 125 150
342 212 74 300
724 4 83 150
303 62 98 150
493 31 89 150
222 41 123 150
194 56 110 150
729 3 98 150
575 14 98 150
648 47 65 300
505 46 88 150
220 504 104 150
271 32 93 150
774 3 86 150
716 193 87 150
252 26 69 300
444 474 94 150
581 8 87 150
430 35 93 150
649 5 88 150
366 58 58 300
696 264 102 150
515 11 96 150
439 577 97 150
700 5 86 150
689 18 87 150
466 13 96 150
403 43 97 150
353 43 85 150
799 29 86 150
249 3 97 150
477 45 96 150
583 12 86 150
588 12 96 150
219 53 77 300
150 20 73 300
394 64 67 300
268 42 80 150
775 21 76 300
417 19 128 150
595 28 105 150
344 561 96 150
796 613 80 150
171 19 80 150
165 298 124 150
766 26 85 150
225 54 87 150
361 462 93 150
236 65 90 150
357 35 80 150
655 384 124 150
742 41 90 150
495 29 107 150
445 768 84 150
434 27 83 150
695 8 93 150
573 30 89 150
369 18 120 150
360 54 85 150
552 34 79 150
508 9 99 150
355 28 90 150
583 26 104 150
393 62 85 150
716 813 90 150
258 483 119 150
391 53 73 300
568 20 85 150
622 9 89 150
586 21 84 150
413 9 93 150
344 55 82 150
806 33 89 150
575 26 93 150
349 43 95 150
475 12 83 150
731 395 94 150
416 12 84 150
609 618 119 150
233 1 71 300
554 308 85 150
816 47 95 150
611 67 95 150
769 20 92 150
583 23 83 150
488 593 88 150
712 20 56 300
166 0 61 300
223 36 96 150
380 244 122 150
764 156 88 150
481 24 83 150
335 59 98 150
581 52 89 150
224 27 95 150
578 66 92 150
808 13 122 150
298 607 84 150
815 441 94 150
797 25 92 150
350 27 95 150
674 64 61 300
554 719 117 150
471 21 93 150
803 43 83 150
805 43 94 150
441 65 81 150
587 10 88 150
673 1 67 300
444 55 82 150
572 0 98 150
268 35 96 150
778 48 96 150
480 13 88 150
377 434 122 150
424 30 87 150
336 410 94 150
705 43 92 150
740 24 82 150
562 66 76 150
314 695 88 150
677 814 87 150
322 47 121 150
572 50 79 150
718 36 95 150
399 36 92 150
581 50 86 150
583 10 82 150
375 27 92 150
283 20 117 150
248 507 96 150
332 50 60 300
749 23 120 150
776 497 82 150
653 60 121 150
643 689 85 150
484 64 117 150
387 53 121 150
693 66 96 150
154 42 90 150
788 44 76 150
677 288 128 150
696 52 97 150
249 470 82 150
562 56 78 150
654 696 91 150
601 41 76 150
662 67 86 150
802 55 110 150
656 32 87 150
231 33 91 150
701 51 71 300
383 10 120 150
372 32 91 150
747 24 81 150
151 302 120 150
764 52 81 150
508 17 86 150
592 149 118 150
307 14 81 150
749 66 121 150
812 53 86 150
659 768 80 150
554 31 75 150
775 44 81 150
807 65 90 150
165 65 85 150
379 27 95 150
329 141 116 150
739 10 86 150
737 719 82 150
296 222 87 150
742 15 90 150
145 63 60 300
597 14 86 150
701 48 92 150
494 17 75 150
375 54 80 150
420 9 91 150
674 65 81 150
312 65 78 150
160 421 90 150
782 35 75 150
335 35 91 150
763 1 80 150
668 59 75 150
658 65 90 150
775 42 80 150
791 0 78 150
475 30 90 150
793 50 77 150
724 64 70 300
813 53 80 150
481 45 75 150
325 23 115 150
417 50 85 150
593 24 79 150
640 32 90 150
156 59 79 150
652 42 89 150
697 714 74 150
219 812 81 150
312 565 102 150
212 35 89 150
429 53 85 150
247 36 86 150
811 50 74 150
150 55 89 150
815 10 78 150
338 59 79 150
243 33 85 150
503 56 88 150
734 332 84 150
627 17 74 150
154 36 78 150
332 36 90 150
694 332 84 150
806 28 80 150
662 35 101 150
622 23 89 150
602 52 114 150
553 29 85 150
776 67 89 150
155 27 77 150
503 7 94 150
240 54 74 150
424 50 80 150
216 254 64 300
627 164 78 150
290 46 88 150
315 476 89 150
239 555 77 150
763 2 89 150
302 7 118 150
609 56 113 150
722 33 89 150
595 46 84 150
463 1 77 150
362 9 121 150
365 9 114 150
145 28 83 150
270 0 118 150
561 50 91 150
251 35 77 150
424 165 78 150
613 294 88 150
503 51 73 150
305 31 73 150
712 33 79 150
681 56 89 150
612 644 126 150
306 45 88 150
215 10 59 300
458 24 88 150
395 302 84 150
145 65 90 150
619 24 77 150
259 48 78 150
590 45 76 150
574 7 87 150
472 50 88 150
579 57 91 150
246 62 91 150
222 24 77 150
389 8 77 150
154 62 88 150
553 9 78 150
262 309 82 150
350 488 87 150
245 59 87 150
318 33 87 150
466 58 75 150
388 442 77 150
576 52 95 150
768 11 90 150
509 51 87 150
364 23 121 150
388 370 81 150
253 8 117 150
507 7 88 150
168 22 118 150
444 2 111 150
552 20 76 150
735 19 75 150
718 483 81 150
397 34 77 150
489 25 80 150
682 7 86 150
248 400 115 150
357 13 81 150
709 19 58 300
474 19 75 150
430 46 84 150
387 663 81 150
355 15 86 150
646 20 127 150
484 8 86 150
786 311 110 150
276 29 81 150
808 16 91 150
745 376 81 150
232 24 70 150
214 25 115 150
651 15 80 150
433 60 85 150
489 47 75 150
777 24 80 150
393 17 111 150
659 34 80 150
163 34 90 150
701 298 69 150
278 12 74 150
270 22 69 150
305 665 74 150
642 18 80 150
484 25 84 150
357 51 112 150
651 679 113 150
166 703 109 150
367 46 73 150
721 30 113 150
280 665 74 150
156 349 120 150
283 802 78 150
299 53 79 150
551 53 79 150
159 484 72 150
290 10 78 150
726 640 111 150
159 41 71 150
749 803 68 150
432 46 83 150
388 1 78 150
449 454 72 150
430 8 81 150
610 46 93 150
663 325 81 150
295 1 73 150
711 776 110 150
166 34 69 150
727 18 86 150
246 299 82 150
307 56 88 150
366 29 78 150
307 53 77 150
371 60 73 150
268 57 109 150
168 729 112 150
481 641 82 150
606 20 82 150
748 53 88 150
483 17 67 150
258 2 110 150
645 24 71 150
480 56 66 150
742 717 74 150
553 66 91 150
809 14 82 150
304 17 72 150
604 644 71 150
722 45 78 150
721 64 107 150
245 24 66 150
456 30 73 150
359 619 72 150
721 10 106 150
287 722 77 150
369 12 76 150
364 8 72 150
661 56 111 150
379 45 71 150
157 14 70 150
349 29 65 150
385 57 72 150
430 29 80 150
648 14 71 150
652 51 108 150
234 19 106 150
303 57 76 150
749 0 69 150
806 13 90 150
372 12 76 150
345 611 66 150
389 11 71 150
329 64 71 150
275 728 72 150
722 329 75 150
719 51 118 150
329 0 79 150
329 53 70 150
788 238 76 150
675 18 65 150
808 610 80 150
671 747 90 150
259 51 114 150
729 57 109 150
278 10 75 150
604 778 67 150
250 57 105 150
313 50 110 150
727 11 117 150
319 45 67 150
346 9 69 150
434 30 69 150
220 155 74 150
803 13 69 150
678 16 69 150
243 46 84 150
805 18 68 150
654 18 79 150
328 57 69 150
771 8 84 150
260 25 71 150
369 21 79 150
671 430 74 150
309 17 81 150
369 20 79 150
663 14 82 150
399 375 70 150
362 20 68 150
326 58 65 150
452 23 80 150
143 16 78 150
306 53 82 150
788 31 67 150
333 31 79 150
616 52 73 150
239 8 78 150
740 19 79 150
444 52 73 150
265 30 77 150
257 31 77 150
440 26 66 150
442 12 68 150
400 66 72 150
340 66 72 150
777 25 74 150
216 22 82 150
744 11 77 150
254 343 72 150
363 151 65 150
594 2 67 150
394 23 73 150
458 7 67 150
143 14 79 150
400 240 62 150
237 23 72 150
213 16 67 150
313 29 67 150
667 26 73 150
354 66 66 150
320 19 76 150
256 46 66 150
442 375 69 150
677 29 69 150
679 29 61 150
449 47 66 150
439 57 71 150
353 17 66 150
331 22 76 150
805 52 72 150
440 641 76 150
379 9 66 150
151 31 75 150
611 149 77 150
225 58 71 150
245 220 77 150
216 21 80 150
343 23 75 150
704 718 70 150
771 643 70 150
711 239 68 150
226 63 62 150
801 370 64 150
662 315 69 150
366 66 76 150
369 66 76 150
379 58 69 150
228 19 76 150
247 9 62 150
434 53 74 150
652 441 58 150
651 17 69 150
353 57 62 150
667 30 63 150
315 20 69 150
729 52 68 150
250 66 69 150
165 0 71 150
728 448 69 150
210 22 69 150
160 10 69 150
148 20 63 150
147 784 63 150
375 19 73 150
215 25 74 150
160 23 67 150
228 7 74 150
263 216 83 150
248 157 60 150
145 23 64 150
242 640 71 150
656 784 81 150
213 9 57 150
702 715 74 150
773 20 57 150
654 23 74 150
216 47 72 150
397 0 82 150
804 254 63 150
238 0 73 150
777 248 62 150
809 10 74 150
214 30 65 150
650 11 76 150
160 0 60 150
666 0 60 150
728 63 67 150
267 53 75 150
704 719 67 150
249 52 64 150
642 713 60 150
313 56 58 150
659 651 71 150
649 17 73 150
154 64 70 150
157 64 69 150
259 7 66 150
700 1 60 150
643 53 59 150
674 30 70 150
652 66 73 150
659 66 74 150
332 53 71 150
661 66 80 150
777 669 74 150
776 19 65 150
169 64 80 150
148 63 60 150
802 52 70 150
775 0 81 150
217 19 70 150
164 11 68 150
644 51 65 150
214 19 77 150
211 0 72 150
662 17 72 150
243 719 72 150
675 2 58 150
723 11 77 150
153 2 67 150
313 19 63 150
154 50 78 150
253 58 57 150
