140 241 84 150
140 35 151 150
140 53 82 1000
140 33 171 150
141 661 84 1000
141 61 215 150
142 36 86 1000
142 642 161 300
142 68 163 1000
142 37 99 150
143 34 169 150
143 37 267 1000
143 38 267 150
143 173 100 150
143 530 151 150
143 51 116 150
143 439 179 1000
143 29 73 1000
144 57 60 300
144 52 230 150
144 54 85 150
144 23 215 150
145 65 86 1000
145 435 75 1000
145 37 210 150
145 63 75 150
146 414 228 1000
146 599 108 1000
147 65 178 1000
147 43 76 1000
147 53 240 150
147 45 197 150
148 60 86 1000
150 625 121 300
151 355 215 150
151 5 246 150
151 38 152 150
151 13 234 300
151 242 84 1000
151 52 182 150
151 667 209 300
152 4 96 1000
152 380 266 150
152 12 81 1000
153 64 65 150
153 25 151 300
154 66 67 150
154 291 217 1000
154 286 182 150
155 32 210 300
155 47 72 150
155 23 83 150
155 43 88 1000
155 39 309 150
156 33 85 150
156 17 62 1000
157 205 101 150
157 54 108 1000
157 30 184 150
157 815 148 1000
158 67 111 1000
158 574 118 150
160 24 88 150
160 490 215 150
160 69 125 150
160 22 87 150
162 24 105 1000
162 56 82 150
162 27 107 1000
162 53 67 150
162 49 326 150
163 9 142 300
163 210 282 1000
163 60 92 150
165 64 165 150
165 1 167 150
165 43 180 150
165 24 202 150
165 57 66 1000
165 31 75 300
167 40 139 1000
167 38 138 150
169 41 195 150
169 2 196 150
169 69 125 1000
171 64 158 150
171 34 115 1000
171 36 128 150
171 5 276 150
171 9 207 1000
171 299 243 1000
171 54 128 150
172 33 207 150
172 803 228 300
172 21 138 1000
173 416 130 300
173 25 137 1000
173 5 135 1000
173 30 184 300
173 45 283 150
174 593 115 300
174 59 144 1000
174 49 274 1000
174 175 124 1000
175 42 160 150
175 19 89 150
175 21 203 1000
176 69 166 1000
176 286 106 1000
177 722 218 1000
177 19 214 150
177 7 263 150
179 0 94 150
179 771 89 1000
179 41 254 1000
179 10 89 1000
179 437 230 1000
179 29 190 150
182 522 256 300
182 11 109 1000
182 4 126 150
182 66 232 300
185 36 109 150
185 62 199 150
186 56 96 1000
186 18 236 1000
186 4 308 1000
186 229 113 1000
187 9 173 150
187 27 114 150
187 28 129 150
188 24 257 1000
188 5 213 1000
190 50 91 1000
191 56 238 150
191 3 124 1000
192 65 216 150
192 12 149 1000
192 16 132 150
192 49 154 300
192 55 155 300
192 30 95 1000
193 9 185 150
193 2 203 150
193 28 265 150
193 62 155 1000
193 25 271 150
195 51 196 150
196 19 173 150
196 45 181 300
197 785 101 150
197 50 132 1000
197 27 111 1000
198 42 293 150
198 37 125 150
198 61 151 150
199 6 131 150
199 41 120 150
199 403 163 150
199 26 146 1000
199 59 249 150
199 348 213 150
202 0 250 1000
202 9 195 150
202 45 272 1000
202 48 117 150
202 19 209 150
202 191 134 300
204 433 185 1000
204 156 96 1000
204 4 217 300
205 474 128 150
205 51 207 150
206 18 224 1000
206 66 285 1000
206 711 265 150
207 824 258 150
207 24 130 150
207 47 209 150
207 13 279 150
207 63 283 1000
208 21 221 1000
208 655 193 150
209 0 245 150
209 65 173 1000
209 716 233 300
209 62 137 1000
212 804 186 1000
213 18 180 150
213 535 198 1000
215 242 67 300
215 38 308 1000
215 397 223 150
215 6 276 150
216 41 92 1000
216 34 185 150
216 67 192 150
216 4 193 150
216 37 181 150
217 292 88 1000
217 807 77 150
217 42 85 150
217 11 172 1000
217 396 164 300
217 56 226 1000
217 57 199 1000
217 27 117 150
219 34 256 150
219 292 157 150
220 44 125 1000
220 60 88 300
220 22 109 1000
221 792 167 150
221 1 69 1000
221 42 256 1000
221 36 85 150
221 47 93 150
222 1 114 1000
222 34 104 150
222 428 240 300
222 239 241 300
222 54 82 150
222 29 189 1000
222 63 249 150
223 50 190 1000
223 51 77 1000
223 47 98 150
225 408 197 1000
225 66 197 1000
225 35 76 150
225 68 333 150
225 823 142 300
226 224 65 300
226 18 206 1000
226 374 189 150
227 289 153 1000
227 368 180 150
227 53 79 1000
227 152 86 300
227 57 143 1000
227 828 184 300
228 592 246 150
228 27 293 1000
229 371 254 150
229 3 192 1000
229 501 112 150
229 222 120 150
229 15 166 1000
230 26 178 1000
231 24 119 1000
231 55 111 1000
232 38 302 150
232 23 114 150
233 58 152 300
233 317 102 1000
234 482 131 300
234 561 89 1000
234 18 107 300
234 502 223 1000
234 666 243 150
234 62 131 300
236 224 90 1000
236 64 86 150
236 15 89 150
236 53 72 300
236 54 190 1000
236 57 167 150
237 41 208 150
237 66 214 1000
237 35 192 300
237 57 228 300
238 64 86 150
238 384 165 1000
238 455 178 150
238 8 93 150
238 494 174 1000
238 15 103 150
238 414 133 300
239 676 94 150
239 15 99 150
240 746 280 150
240 428 243 300
240 45 128 150
240 750 177 1000
240 174 96 1000
240 10 81 1000
241 24 204 300
241 2 218 1000
241 18 189 150
241 62 102 150
241 7 217 150
242 212 132 1000
244 12 199 150
244 30 213 150
245 24 167 150
245 50 278 1000
246 58 153 150
246 43 119 150
246 386 251 150
247 17 155 1000
247 20 211 150
247 29 244 300
247 37 217 150
248 693 93 150
250 50 154 150
250 755 242 1000
250 63 124 300
251 276 86 150
251 580 202 300
251 53 217 150
251 703 155 150
254 3 176 1000
255 24 210 300
255 25 69 1000
255 436 88 1000
257 504 234 1000
257 53 75 1000
257 7 78 150
258 36 84 150
258 295 78 300
258 48 83 150
258 26 239 1000
258 31 128 150
258 63 159 150
259 8 85 1000
259 10 185 150
260 0 269 150
260 68 240 150
260 69 253 1000
260 40 148 1000
260 9 171 150
260 55 185 300
260 57 195 1000
260 5 260 150
263 64 225 1000
263 53 239 1000
263 55 130 150
264 56 187 300
264 410 126 1000
264 3 103 150
264 6 103 300
265 60 100 150
265 62 105 150
265 46 121 1000
265 455 100 150
266 408 167 1000
266 58 69 1000
266 4 115 300
266 142 236 150
267 21 155 150
267 23 101 300
268 42 169 150
270 24 127 150
270 66 91 150
270 59 107 1000
270 37 118 1000
271 25 145 1000
271 45 84 1000
271 23 156 300
273 705 220 150
273 609 115 1000
273 41 156 150
273 49 170 1000
273 18 158 150
273 20 94 150
273 21 75 150
273 24 128 1000
274 49 232 1000
274 9 155 300
274 10 155 1000
274 14 164 150
274 17 124 150
274 50 89 150
274 22 215 1000
274 63 145 1000
276 57 150 150
276 363 86 150
276 25 214 150
277 2 70 150
277 708 261 150
278 58 125 150
278 11 237 150
278 594 100 150
279 16 90 150
279 9 150 150
279 26 201 300
280 48 128 1000
280 593 107 150
281 745 118 150
281 17 208 1000
281 377 265 150
281 56 213 300
281 665 113 300
281 58 99 1000
282 484 87 300
282 39 163 1000
282 232 117 150
282 9 168 300
282 7 99 300
282 652 222 150
283 0 253 1000
283 603 94 1000
283 325 97 1000
283 169 72 1000
283 721 152 150
283 699 116 300
284 31 179 1000
285 64 214 150
285 260 194 150
285 30 93 150
286 57 251 1000
286 2 222 150
286 11 79 1000
286 49 139 1000
287 64 199 1000
288 219 223 1000
289 57 149 300
289 63 83 1000
289 55 107 150
291 265 92 150
292 17 111 150
292 823 166 150
292 55 153 150
294 44 109 1000
294 765 211 1000
295 227 137 150
295 55 213 150
296 64 165 150
296 51 88 1000
296 61 140 150
298 42 147 1000
298 51 78 1000
298 39 187 1000
299 44 155 1000
299 51 78 150
299 12 192 300
299 45 165 150
300 24 105 1000
300 25 159 150
300 44 130 1000
300 12 181 1000
301 24 74 1000
301 460 108 1000
303 145 106 150
303 3 96 150
303 23 135 300
304 25 224 150
305 50 68 1000
307 1 84 1000
307 12 162 1000
307 5 150 300
307 614 111 150
308 57 234 1000
308 13 128 150
309 288 154 300
309 226 126 1000
309 530 207 1000
309 14 94 1000
309 591 118 150
309 17 89 1000
309 594 180 1000
309 792 180 1000
311 0 77 150
311 32 89 150
311 226 100 1000
311 67 86 150
311 7 168 1000
311 48 176 150
311 50 204 1000
311 547 301 1000
311 54 236 1000
311 29 88 1000
312 34 148 1000
312 20 96 1000
313 64 203 150
313 39 265 150
313 751 191 150
313 63 75 1000
314 6 109 150
314 172 92 1000
314 46 89 150
314 54 130 150
314 55 86 1000
314 24 168 150
314 28 112 150
315 3 99 150
315 746 79 1000
315 51 79 1000
315 45 222 150
315 13 71 1000
316 34 123 1000
316 29 280 150
316 69 153 150
317 21 76 150
317 62 74 1000
319 688 172 150
319 57 65 150
320 69 253 300
320 14 96 150
320 53 139 1000
320 475 85 300
320 381 104 150
320 63 206 1000
321 12 208 150
321 45 85 1000
321 18 95 300
321 23 101 150
321 24 177 300
321 830 300 1000
322 0 71 1000
322 17 214 150
322 10 71 1000
322 27 225 150
322 37 189 150
323 58 205 150
324 60 183 1000
324 38 184 1000
324 22 262 300
325 771 75 1000
325 609 162 1000
325 35 96 150
325 398 97 150
325 6 269 150
326 9 251 300
326 10 71 150
326 364 177 150
326 42 106 300
327 48 176 150
327 6 115 150
328 18 218 1000
328 13 238 150
329 26 95 300
329 300 88 1000
329 58 74 1000
329 46 171 1000
331 449 142 150
331 36 123 150
331 53 153 150
331 190 89 150
332 11 124 300
332 4 96 300
332 443 177 150
332 62 224 1000
333 27 153 1000
333 58 198 1000
333 19 184 150
335 62 163 1000
335 575 137 150
336 457 255 150
336 273 77 1000
336 21 204 1000
336 7 79 150
337 0 76 1000
337 63 148 150
337 44 241 150
337 23 214 150
338 24 140 1000
338 52 189 1000
338 802 64 1000
338 43 87 150
338 12 66 1000
339 24 77 150
339 47 72 150
340 1 182 300
340 21 175 1000
340 29 133 1000
342 64 182 150
345 401 84 1000
345 50 107 150
345 13 155 1000
346 54 90 150
346 6 141 150
347 40 152 300
347 785 84 150
347 155 208 150
347 61 150 1000
348 54 133 150
349 48 88 150
349 56 110 1000
349 42 99 150
349 55 87 150
350 35 158 1000
350 53 191 1000
350 55 70 150
351 476 169 150
351 52 144 150
353 64 87 150
353 265 95 150
353 11 67 150
353 54 82 1000
353 51 91 150
355 50 179 1000
355 47 175 150
355 759 174 150
355 54 80 300
355 647 221 300
356 24 256 1000
356 56 226 150
356 682 114 150
356 52 79 150
356 6 121 150
358 4 133 150
359 63 224 300
363 16 198 1000
363 20 95 150
363 316 192 150
363 6 246 1000
363 1 174 300
364 33 85 300
364 45 137 150
364 14 250 150
364 371 226 1000
364 23 86 1000
364 57 75 300
364 26 95 300
365 23 214 300
365 60 107 1000
365 5 215 150
365 39 204 150
367 60 95 150
367 36 97 300
367 485 105 1000
367 46 93 150
367 23 174 150
368 14 86 1000
368 31 89 1000
370 592 79 1000
370 514 242 150
370 589 188 150
370 45 210 150
371 66 137 1000
371 3 96 1000
371 499 191 1000
371 241 80 1000
371 19 111 1000
371 55 179 150
373 48 159 150
373 32 134 150
373 59 106 1000
373 373 128 1000
374 25 92 300
374 20 246 300
374 22 124 1000
375 225 157 150
375 517 262 1000
375 38 154 1000
375 428 88 150
375 21 63 150
375 278 234 300
376 65 88 150
376 6 227 150
377 3 225 150
379 540 127 1000
380 48 113 300
380 11 83 150
380 605 84 1000
380 54 158 150
380 37 107 1000
381 635 212 300
381 67 187 150
381 53 193 1000
381 7 199 1000
382 482 122 300
382 586 202 1000
382 66 90 1000
382 276 86 150
382 693 98 1000
382 632 144 300
382 61 182 300
383 28 113 1000
383 52 159 300
384 69 160 150
384 9 147 150
384 15 111 300
384 16 135 300
384 242 159 150
384 731 265 150
384 60 105 1000
384 61 160 1000
385 17 167 150
385 28 203 150
385 38 274 150
386 26 180 150
387 4 178 1000
387 44 159 1000
387 46 92 1000
387 447 157 150
388 0 100 150
388 736 184 1000
390 42 102 1000
390 51 196 150
390 4 207 150
390 21 82 150
392 46 147 150
392 54 97 150
392 15 104 1000
395 2 254 150
395 67 108 1000
395 196 243 300
395 47 118 150
396 34 168 150
396 5 216 150
396 814 133 150
396 16 107 150
396 561 125 150
396 31 131 150
397 2 207 1000
397 40 179 150
397 780 88 150
397 17 200 150
397 468 202 300
397 28 161 150
398 741 68 150
398 520 180 300
398 232 123 150
398 53 68 150
398 790 124 1000
398 61 190 1000
399 25 155 150
399 67 136 1000
399 751 160 150
401 222 121 1000
403 775 180 300
405 8 99 150
405 51 117 150
405 612 100 150
405 758 283 300
407 67 113 1000
407 535 197 1000
408 51 238 1000
408 4 193 1000
408 31 128 150
411 490 167 300
411 61 126 1000
411 807 242 1000
412 1 214 150
412 36 100 1000
412 13 173 150
412 33 139 300
412 39 141 1000
413 37 145 1000
413 29 112 1000
414 48 94 150
414 17 108 150
414 11 105 150
414 25 154 150
415 177 122 150
416 16 110 1000
416 20 86 1000
416 14 83 1000
418 664 127 1000
418 609 177 150
418 45 124 300
419 8 82 150
419 364 93 1000
420 16 224 1000
420 65 153 150
420 42 116 300
420 68 160 150
420 278 112 300
421 803 114 1000
421 68 198 300
421 142 89 1000
421 25 87 150
421 36 92 1000
421 28 91 1000
424 22 75 150
424 7 123 150
426 323 113 150
426 52 102 1000
426 31 77 150
427 40 159 150
427 489 192 1000
427 47 76 300
427 12 146 150
427 7 119 150
428 23 89 1000
428 397 96 150
428 31 187 150
429 544 200 1000
429 8 88 150
429 274 157 150
431 60 187 150
431 594 107 150
431 4 129 150
431 54 114 300
431 294 199 150
432 64 125 300
432 68 238 300
432 328 189 300
432 47 201 300
432 51 77 150
432 52 100 150
432 27 101 1000
432 28 138 150
433 0 227 150
433 41 112 150
433 44 251 1000
435 54 122 1000
436 47 209 150
436 68 253 150
436 21 88 150
436 46 92 1000
436 7 68 150
437 37 117 150
437 7 88 300
437 169 111 150
437 47 165 1000
437 25 235 150
437 29 120 1000
437 5 146 150
438 48 101 1000
438 50 181 150
438 543 163 300
439 0 182 1000
439 2 216 1000
439 487 118 150
439 49 240 150
439 20 119 1000
439 28 169 150
440 19 84 1000
441 57 206 150
441 67 72 1000
441 22 94 150
441 7 67 1000
442 32 102 300
442 2 173 300
442 467 166 150
442 53 168 1000
443 504 181 150
443 3 92 1000
443 396 127 150
443 622 156 1000
443 631 147 150
444 41 191 300
444 19 69 1000
444 5 102 150
446 61 142 150
447 16 242 150
447 37 92 1000
447 7 159 150
447 11 266 150
447 560 113 1000
447 56 196 1000
447 62 160 150
449 610 235 150
449 3 107 150
449 587 107 150
449 368 91 300
449 594 95 1000
449 52 155 150
450 9 201 1000
450 20 182 150
452 50 168 150
452 151 151 1000
453 36 112 150
453 3 139 150
453 28 155 150
453 175 116 1000
453 287 83 1000
454 680 121 150
454 643 245 150
454 63 172 150
455 8 87 300
455 48 83 150
455 282 109 150
455 31 160 300
456 25 202 300
456 746 82 1000
457 27 84 150
457 533 205 1000
457 30 183 1000
457 62 73 1000
457 23 83 300
459 18 150 1000
459 515 101 150
459 399 96 150
460 65 217 150
460 12 121 300
460 69 137 150
460 46 125 1000
460 55 160 1000
461 8 102 1000
463 54 245 150
464 24 194 150
464 33 94 300
464 52 102 150
465 27 170 150
467 66 97 150
467 69 176 150
467 40 180 150
467 9 150 1000
467 534 148 1000
467 37 124 1000
469 44 112 150
470 66 250 300
470 7 95 1000
470 232 191 1000
470 45 152 150
470 46 106 150
470 53 125 300
470 478 168 1000
471 65 113 1000
471 46 119 300
471 622 166 1000
471 57 86 150
472 16 153 1000
472 530 221 1000
472 578 114 1000
474 42 204 150
474 28 104 1000
474 533 286 1000
474 54 236 1000
475 66 107 150
476 45 110 150
477 16 121 1000
477 35 181 150
478 482 174 1000
478 206 231 150
479 16 96 1000
479 17 88 1000
479 59 109 300
479 12 179 150
479 49 207 1000
480 16 144 1000
480 49 210 150
480 54 163 1000
480 62 114 150
481 26 154 150
481 35 144 150
481 245 193 150
481 53 207 150
482 20 78 150
482 69 211 150
483 34 130 150
483 59 223 1000
483 373 151 1000
484 790 105 1000
485 40 214 150
485 64 81 300
485 37 127 1000
486 4 213 1000
487 59 131 150
487 511 124 1000
488 33 182 1000
488 22 83 150
488 21 154 1000
488 758 184 1000
488 693 175 1000
489 387 113 1000
489 47 90 1000
490 64 86 150
490 59 100 1000
490 3 199 150
490 62 100 1000
490 15 106 150
491 67 100 300
491 305 199 150
491 713 179 1000
491 151 162 1000
491 45 166 1000
491 49 202 150
491 22 101 150
491 41 85 300
491 57 181 150
492 40 277 150
492 4 121 150
492 66 107 1000
492 59 160 1000
492 36 100 1000
494 44 113 1000
494 566 189 150
494 55 185 150
497 7 144 1000
497 14 199 150
497 830 105 300
497 39 168 1000
499 32 102 1000
499 68 194 150
499 12 106 150
499 15 112 150
500 9 86 150
500 50 197 150
500 51 167 1000
500 69 142 150
500 25 141 1000
501 56 92 1000
501 607 78 1000
501 35 102 150
501 7 165 300
502 10 80 150
502 14 150 300
502 48 84 150
502 19 121 150
502 24 98 300
502 25 90 1000
504 571 113 300
504 19 166 1000
504 28 156 1000
504 45 182 150
505 44 198 1000
505 21 132 150
505 54 176 1000
507 12 179 1000
507 829 153 150
507 358 98 150
507 23 93 150
508 43 163 150
509 0 77 150
509 35 106 300
509 336 97 300
509 53 170 150
509 55 101 1000
509 504 153 150
509 509 168 150
509 62 157 1000
511 41 107 1000
511 403 101 150
511 45 128 1000
511 142 91 150
512 17 105 150
512 11 92 150
512 572 311 300
512 750 232 1000
512 638 286 150
513 48 113 1000
513 56 94 150
513 18 241 150
513 326 106 1000
514 24 106 150
514 8 254 1000
514 19 143 150
514 757 266 1000
515 0 195 150
515 720 90 150
515 23 193 1000
517 67 251 1000
517 452 99 150
517 10 109 150
517 780 110 1000
517 605 229 1000
517 469 172 150
517 29 100 150
519 147 247 150
519 5 128 1000
519 16 104 300
519 403 96 150
519 56 183 1000
519 28 156 150
520 63 162 1000
522 65 237 150
522 67 189 150
522 622 157 150
522 447 150 1000
523 515 189 300
523 821 342 150
523 30 217 150
524 0 175 1000
524 33 290 1000
524 62 170 150
525 48 155 150
525 43 162 1000
526 25 229 1000
526 34 288 150
526 396 129 150
526 37 182 1000
526 47 154 150
527 829 327 150
530 56 146 1000
530 17 202 150
530 794 166 150
530 15 234 150
531 24 183 150
532 11 139 150
532 31 176 1000
532 36 187 1000
532 13 190 1000
532 7 159 150
533 51 218 1000
533 11 269 150
533 571 232 1000
534 32 154 1000
534 35 162 150
534 11 249 150
535 152 242 1000
535 66 184 150
535 182 264 150
535 55 182 150
537 69 239 1000
537 22 208 150
539 480 277 1000
539 37 199 1000
539 7 212 1000
539 45 169 150
539 61 188 1000
539 30 204 150
540 705 147 1000
540 292 160 300
540 5 171 1000
540 11 177 150
540 12 179 1000
540 55 236 1000
540 57 149 150
540 60 164 150
541 37 277 1000
542 42 135 150
542 21 114 150
542 628 178 150
542 197 176 300
542 647 146 1000
543 68 260 150
543 27 157 1000
543 52 136 1000
543 61 220 1000
543 55 160 150
544 145 203 300
544 358 126 150
546 16 128 1000
546 10 140 150
546 37 225 300
546 766 158 1000
546 45 152 1000
547 320 167 1000
547 45 148 1000
547 22 233 1000
548 35 115 150
548 36 174 1000
548 69 144 1000
548 39 213 1000
548 145 132 150
548 18 194 300
548 765 203 150
549 512 279 1000
549 64 139 150
549 62 201 150
550 21 224 300
550 29 198 300
551 53 103 150
551 815 133 1000
552 66 89 300
552 43 97 300
552 708 282 150
554 16 77 150
554 1 160 1000
554 179 230 1000
554 22 107 150
555 17 94 150
555 45 101 300
555 46 212 150
557 56 113 150
557 41 239 150
557 36 251 1000
557 21 162 300
558 8 94 150
558 3 268 1000
558 11 96 150
558 286 90 150
559 40 141 150
559 44 183 1000
559 47 200 1000
559 58 112 150
559 59 99 150
559 350 105 1000
560 224 116 150
560 10 132 1000
560 27 97 150
560 454 86 150
561 1 152 150
561 44 126 150
561 14 141 150
562 28 199 1000
562 60 146 150
563 412 124 1000
563 60 151 1000
563 25 190 300
564 32 117 1000
564 41 99 150
564 683 170 1000
564 15 99 300
565 32 114 150
565 41 119 150
566 4 127 300
566 29 162 1000
566 6 138 1000
567 35 234 300
567 2 179 300
567 219 237 150
567 26 85 1000
567 45 116 150
568 0 86 150
568 12 232 150
568 45 111 1000
568 463 145 1000
568 213 116 150
568 824 180 1000
568 26 109 300
568 543 130 150
569 57 155 150
569 50 99 150
569 12 115 1000
569 4 116 1000
569 7 173 1000
570 24 202 150
570 12 171 1000
570 34 237 150
570 4 253 150
570 49 255 300
571 27 152 300
571 4 132 150
572 337 111 150
572 767 111 150
573 1 178 150
573 40 117 150
573 53 97 150
573 25 83 1000
573 27 86 150
573 29 95 1000
574 640 206 150
574 39 212 150
574 29 211 150
574 5 141 150
575 50 191 1000
575 5 136 150
575 15 106 150
578 18 104 1000
578 36 122 1000
578 61 129 1000
579 24 222 1000
579 38 141 1000
580 65 98 1000
580 41 116 150
580 12 231 150
580 750 194 1000
580 15 105 150
580 48 153 1000
581 64 178 1000
581 42 201 1000
581 439 126 1000
582 838 168 1000
582 14 121 150
584 192 269 150
584 65 80 150
584 676 213 150
584 6 137 1000
584 505 133 150
584 63 173 150
585 16 190 150
585 34 84 1000
585 12 152 150
585 174 118 1000
585 671 213 150
586 35 78 1000
586 660 156 1000
586 45 135 150
588 15 175 150
588 5 141 300
588 765 144 150
588 53 100 150
589 68 155 150
589 28 248 1000
589 14 165 1000
589 31 93 150
590 28 201 150
590 60 184 150
591 32 100 1000
591 4 124 1000
591 140 79 1000
591 16 96 300
591 145 69 1000
591 27 91 1000
592 26 76 1000
592 42 190 1000
592 61 195 150
593 296 207 1000
593 1 107 300
593 598 83 150
593 49 264 150
594 33 104 1000
594 836 276 150
594 7 166 1000
594 48 101 1000
594 53 67 1000
594 4 114 150
595 27 131 150
595 20 218 150
595 53 97 150
595 54 126 150
596 40 149 1000
596 554 195 150
596 37 95 1000
597 433 125 300
597 42 245 1000
597 46 126 1000
597 7 147 1000
598 802 160 300
598 148 104 150
598 46 99 150
599 50 199 300
599 30 174 1000
599 543 245 150
601 1 174 300
601 66 154 300
601 65 92 1000
601 476 178 1000
601 42 107 300
601 12 100 150
601 20 243 150
601 54 120 150
601 283 94 1000
601 284 74 1000
602 11 70 150
602 431 160 300
602 16 253 150
602 50 238 150
602 29 113 150
602 30 123 150
603 64 86 1000
603 17 146 150
603 18 219 150
603 24 99 1000
603 60 214 150
603 62 271 1000
605 386 74 1000
605 456 112 300
605 66 184 300
605 47 108 1000
605 374 120 1000
605 59 166 1000
606 9 106 150
606 50 183 1000
606 485 84 150
606 405 158 150
606 63 172 150
607 8 96 1000
607 7 182 300
607 811 167 150
607 463 105 1000
607 31 191 150
609 66 102 1000
609 40 138 1000
609 44 213 1000
609 622 163 1000
609 757 241 1000
609 534 166 150
609 410 228 150
609 61 195 150
610 42 110 150
610 69 119 1000
612 57 179 1000
612 515 99 1000
614 0 74 1000
614 34 157 150
614 399 216 1000
614 7 107 1000
615 34 110 1000
615 55 218 300
615 45 95 300
615 53 99 150
617 449 107 1000
617 66 85 1000
617 260 178 1000
617 716 171 150
617 685 108 1000
617 15 102 150
617 61 231 150
618 49 134 150
619 56 191 1000
619 67 143 150
619 276 80 150
619 5 125 150
620 56 112 1000
620 712 168 150
620 45 147 150
620 46 166 150
622 36 154 150
622 13 193 150
623 0 122 150
623 24 113 1000
623 771 229 150
623 54 81 150
623 48 95 150
625 28 120 150
625 67 100 150
625 4 186 300
625 30 138 1000
625 65 138 150
626 25 90 1000
626 7 80 150
626 212 189 150
626 5 116 150
626 60 99 150
628 3 242 1000
628 21 122 300
628 45 122 150
629 4 112 300
629 52 83 150
629 22 190 300
629 39 299 1000
630 48 172 150
630 66 136 150
631 67 276 150
631 599 140 1000
631 17 150 1000
631 55 166 300
631 56 157 300
631 25 153 150
631 62 152 300
632 15 290 1000
632 50 228 150
632 53 146 150
632 150 262 1000
632 27 211 150
632 21 167 150
634 59 152 300
635 33 185 1000
635 44 153 150
636 420 188 1000
636 34 153 1000
636 396 143 1000
636 2 254 1000
636 47 218 150
637 224 160 150
637 43 165 300
637 635 340 1000
637 16 139 1000
638 643 259 150
638 68 321 150
638 46 142 150
639 33 166 1000
639 11 159 150
639 39 219 1000
640 511 255 1000
641 49 291 1000
641 28 199 150
641 45 196 1000
641 6 94 150
641 327 165 150
642 65 286 1000
642 836 309 150
642 16 130 1000
642 532 228 150
642 36 95 150
642 319 200 1000
643 53 174 300
645 25 214 1000
645 66 82 150
647 50 191 150
647 31 199 150
647 61 258 1000
647 767 211 150
649 40 155 150
649 513 101 150
649 36 86 300
649 13 91 150
651 714 262 300
651 676 213 150
651 18 75 150
651 54 147 150
652 8 86 300
652 42 125 1000
652 52 134 150
653 833 207 1000
653 3 103 150
653 4 233 1000
653 37 244 150
653 241 67 150
653 18 75 150
653 21 213 150
653 26 204 150
653 316 199 1000
654 609 165 1000
654 3 184 1000
654 36 133 150
654 6 171 1000
654 41 275 1000
654 27 153 1000
655 60 135 1000
655 44 145 150
655 46 73 150
655 38 258 1000
658 171 99 1000
658 412 235 1000
659 60 156 1000
659 36 211 1000
660 37 257 1000
660 55 102 150
661 436 90 150
661 28 193 150
662 65 97 1000
662 20 195 150
662 33 105 300
662 25 86 150
663 188 99 300
663 60 111 150
663 29 110 150
664 68 193 1000
664 37 187 150
664 744 242 1000
664 14 130 150
664 18 171 150
664 51 249 150
665 27 108 300
665 46 75 300
665 558 166 150
665 55 101 1000
666 17 63 1000
667 264 139 1000
667 753 238 150
667 34 104 1000
667 530 323 150
667 333 69 300
668 59 105 1000
669 475 209 150
669 28 95 1000
669 374 132 150
669 831 126 1000
671 65 177 150
671 19 158 1000
671 814 123 150
671 7 263 1000
672 64 65 300
672 686 228 150
672 46 121 300
673 392 97 150
673 25 171 150
673 46 74 150
673 63 59 1000
674 9 195 1000
674 731 188 150
674 549 138 150
674 303 196 1000
674 15 78 300
675 476 238 1000
675 66 62 150
675 35 172 1000
675 20 86 150
676 32 146 150
676 14 209 1000
676 54 195 1000
678 40 126 150
678 3 195 150
679 816 83 1000
679 49 247 1000
679 676 128 150
679 15 134 300
680 28 134 1000
680 2 127 150
680 12 102 150
680 14 103 150
681 47 95 150
682 570 154 150
682 43 127 150
683 49 135 300
683 31 104 1000
683 44 218 150
683 17 184 150
684 25 146 1000
684 67 130 1000
684 38 140 150
685 43 107 1000
686 515 254 150
686 67 90 1000
686 51 150 150
686 21 182 1000
686 263 92 1000
687 28 104 150
687 54 196 150
688 9 172 150
688 11 95 150
688 48 124 150
688 23 83 150
688 57 121 150
688 26 163 1000
689 416 73 150
689 43 108 150
689 4 136 1000
690 672 100 1000
690 63 172 1000
690 39 269 1000
692 642 155 1000
692 8 116 150
692 13 112 150
692 53 199 150
692 55 96 1000
692 824 298 1000
693 1 254 150
693 19 143 150
693 22 91 300
695 10 87 1000
695 45 125 150
696 28 196 150
698 47 91 150
699 831 210 1000
699 53 184 1000
699 29 88 1000
702 43 146 1000
702 11 133 1000
702 382 70 300
702 686 87 1000
702 483 184 150
703 265 64 150
703 36 91 150
703 37 187 1000
704 488 76 1000
704 4 93 1000
704 63 165 1000
705 57 139 1000
705 41 168 150
705 22 153 150
705 383 91 150
708 379 76 150
708 24 74 1000
708 50 166 150
708 43 84 1000
708 29 63 150
710 42 121 1000
710 21 70 150
710 55 99 1000
711 5 207 150
711 62 278 150
712 57 198 1000
712 19 168 1000
713 49 147 150
713 57 74 300
714 14 171 300
716 25 193 150
716 27 99 150
716 44 130 1000
716 5 99 1000
716 15 131 150
719 24 145 150
719 19 173 1000
719 172 233 1000
720 242 67 150
720 731 109 150
720 50 250 150
720 46 238 150
720 15 71 150
721 65 193 1000
721 156 62 300
721 557 95 150
721 38 222 1000
722 16 198 150
722 778 236 1000
722 13 155 1000
722 176 178 1000
722 20 148 300
722 54 192 300
722 27 83 150
723 24 76 300
723 1 65 1000
723 2 64 1000
723 35 168 150
723 30 150 150
724 38 173 1000
724 14 150 150
724 18 116 150
724 20 85 1000
724 57 222 150
724 191 187 150
725 29 175 150
725 38 167 1000
726 26 143 1000
726 67 187 1000
726 38 142 150
726 15 91 1000
729 42 121 1000
729 51 57 1000
730 24 214 1000
730 39 167 1000
731 353 89 300
731 3 165 150
731 36 119 1000
731 44 132 150
731 47 149 1000
731 527 183 300
731 61 160 150
732 49 227 150
732 54 114 300
732 55 106 150
733 592 194 1000
733 49 127 150
733 59 81 1000
733 3 247 150
734 785 109 1000
736 42 138 300
736 220 84 150
736 173 142 300
736 327 99 150
738 0 125 1000
738 20 95 150
739 38 140 150
739 44 159 1000
739 176 117 1000
739 52 103 300
739 54 114 1000
739 29 157 1000
741 730 209 1000
741 52 89 150
742 1 241 150
742 690 92 1000
742 794 104 300
742 38 259 300
742 381 117 1000
743 500 144 150
743 27 208 1000
743 668 151 1000
743 61 185 150
743 21 88 150
744 25 178 1000
744 710 151 1000
745 48 112 1000
746 250 160 150
746 5 127 150
747 43 250 1000
747 51 219 1000
747 60 119 1000
748 18 196 150
748 19 78 1000
748 55 182 150
749 65 274 1000
749 37 141 1000
749 43 95 150
749 14 104 150
749 18 123 150
749 56 149 150
750 65 149 1000
750 202 176 1000
750 63 203 150
751 8 225 1000
751 42 256 300
751 15 180 1000
751 791 216 1000
752 11 120 150
752 548 211 150
752 14 122 1000
753 16 140 150
753 785 157 1000
753 59 157 150
753 227 118 150
754 65 133 150
755 65 150 150
755 13 210 150
755 606 119 1000
756 3 198 1000
756 4 327 1000
756 53 222 1000
756 22 148 150
757 1 117 150
757 35 218 150
757 614 133 300
757 11 182 150
757 557 137 1000
757 62 122 150
757 54 202 300
757 766 135 1000
757 223 121 150
758 12 230 1000
758 204 168 150
758 37 213 1000
758 14 165 1000
759 56 167 150
759 25 213 1000
759 34 151 1000
759 19 161 150
759 21 179 150
760 642 114 150
760 324 196 1000
760 37 135 150
760 44 113 1000
760 206 142 1000
760 14 196 1000
760 698 243 1000
760 28 172 1000
764 66 129 150
764 820 137 150
765 64 216 1000
765 33 206 1000
765 775 190 1000
765 17 83 1000
765 308 102 150
765 54 104 150
765 440 140 1000
765 410 106 150
766 20 156 1000
766 21 80 1000
766 14 149 150
767 15 230 150
769 1 88 1000
771 754 214 300
771 29 196 150
771 358 82 1000
771 23 237 1000
772 32 208 1000
772 39 158 1000
772 44 181 150
772 684 86 150
772 20 85 150
772 373 73 1000
772 62 163 150
774 1 76 150
774 29 72 1000
775 42 86 1000
775 19 204 300
775 598 201 150
775 69 154 1000
775 486 79 150
776 60 190 1000
776 5 245 300
778 24 77 1000
778 11 64 150
778 19 75 1000
780 50 60 150
785 56 82 150
785 145 201 300
785 15 78 1000
786 66 67 300
786 259 77 150
786 37 89 150
786 12 66 1000
786 52 253 150
786 21 66 150
786 23 62 150
786 376 230 1000
788 42 167 1000
788 45 131 300
790 44 107 150
790 20 260 150
790 57 89 150
790 511 138 1000
791 56 83 150
791 1 78 150
791 283 188 1000
791 28 193 150
791 45 169 150
792 40 152 1000
792 3 146 150
792 37 136 150
792 38 150 150
794 4 208 150
794 40 180 1000
794 364 161 150
794 20 97 1000
794 56 197 1000
794 29 256 1000
795 24 110 150
795 497 136 150
795 6 142 150
796 595 102 1000
796 19 88 300
796 549 156 1000
796 459 96 1000
796 63 101 300
797 2 115 1000
797 4 143 1000
797 5 193 150
797 337 152 150
797 11 96 1000
797 17 133 1000
797 19 209 150
797 20 87 1000
797 29 89 1000
797 62 94 1000
798 57 205 1000
798 58 184 150
798 29 196 150
799 585 122 150
799 58 170 300
799 55 104 150
799 311 159 150
800 2 198 1000
800 53 146 150
800 47 83 150
801 65 82 1000
801 59 74 150
801 21 185 150
801 537 156 150
802 49 205 150
802 4 84 1000
802 53 226 1000
803 8 250 150
804 280 74 150
804 17 58 150
804 532 182 150
804 22 108 1000
804 63 249 150
806 44 260 1000
806 68 143 1000
806 55 142 300
807 40 134 150
807 21 124 300
807 68 226 1000
807 5 103 150
807 599 120 1000
809 40 113 150
809 584 97 150
809 3 94 150
809 21 145 300
811 35 77 150
811 11 111 150
811 44 97 150
811 17 175 150
811 724 94 1000
811 504 223 1000
813 0 98 1000
813 36 106 300
814 45 202 150
814 29 93 1000
814 37 105 150
815 64 166 150
815 51 187 150
815 439 154 1000
817 539 226 150
817 66 188 150
817 803 125 150
817 435 144 150
817 147 105 150
817 27 176 300
819 24 112 1000
819 68 181 300
820 32 229 300
821 37 180 150
821 679 184 1000
821 10 244 300
821 11 211 150
821 44 303 150
821 16 152 150
821 443 234 1000
822 48 165 300
822 68 290 300
822 44 143 150
822 15 304 150
825 57 145 1000
825 29 243 1000
827 570 189 1000
827 51 235 1000
828 8 243 1000
828 54 165 1000
829 1 214 1000
829 3 199 1000
829 8 167 150
829 13 174 150
829 333 184 150
829 18 268 1000
830 26 279 1000
830 27 146 150
830 21 145 150
831 24 148 1000
831 17 177 1000
831 411 138 1000
831 540 175 150
831 5 224 150
832 368 139 1000
832 517 190 150
833 37 278 150
833 11 198 1000
833 61 275 150
833 15 214 1000
834 66 266 150
836 1 141 300
836 58 201 300
836 10 191 300
836 274 137 150
838 57 158 150
838 788 210 1000
838 317 209 1000
838 537 233 1000
839 34 205 1000
839 7 139 1000
839 13 190 1000
839 21 207 1000
839 61 280 1000
