141 65 91 150
141 11 159 300
141 805 110 150
141 7 186 150
144 24 183 150
144 155 85 1000
144 68 182 150
145 69 169 1000
145 807 109 1000
146 8 106 150
146 65 114 150
146 34 211 150
146 19 114 150
147 335 114 150
147 62 95 1000
147 31 116 1000
148 16 211 1000
148 4 263 150
148 34 236 150
148 12 130 150
148 581 122 150
149 0 119 150
149 25 374 1000
149 45 125 150
150 58 72 1000
150 62 240 300
151 51 88 1000
151 44 330 150
151 415 283 150
152 545 123 150
152 68 172 150
152 23 101 1000
152 300 117 150
152 14 113 1000
152 49 170 150
152 55 287 150
153 10 101 150
153 38 274 1000
153 62 160 1000
153 31 169 300
155 67 126 150
155 36 112 1000
155 333 106 300
158 209 141 150
158 41 105 1000
158 45 150 300
158 49 184 150
158 50 175 1000
158 54 88 1000
159 43 128 1000
159 28 103 1000
159 54 135 1000
160 41 380 1000
160 326 151 150
160 7 324 150
161 10 184 1000
161 779 176 1000
161 28 82 150
161 613 116 1000
161 38 141 300
165 24 118 1000
165 465 198 1000
165 10 99 300
165 30 181 150
165 55 120 150
167 49 171 150
167 33 90 150
167 35 136 1000
167 613 114 150
167 647 112 1000
169 329 238 1000
169 519 143 1000
170 48 144 150
170 65 168 1000
170 617 260 150
170 30 140 150
170 47 157 1000
171 16 412 150
171 0 144 150
171 10 131 1000
171 11 255 150
172 767 265 150
173 3 175 1000
173 642 269 1000
173 67 153 150
174 289 252 1000
174 42 115 1000
174 46 321 1000
174 47 141 150
174 61 150 150
174 31 305 300
175 64 148 1000
175 22 219 300
175 390 192 150
177 27 229 150
178 40 190 150
178 19 133 150
178 30 154 150
179 800 141 150
179 4 170 1000
179 5 167 150
179 806 303 150
179 39 279 150
180 2 132 1000
180 43 213 1000
180 21 131 1000
180 23 145 1000
181 69 222 1000
181 29 214 150
182 56 246 1000
182 34 252 150
182 35 161 150
182 5 292 300
182 45 113 1000
183 34 192 150
183 158 195 150
184 473 203 1000
184 59 154 150
184 53 135 150
184 13 134 1000
185 533 221 1000
185 238 209 1000
187 34 163 1000
187 68 255 150
187 41 205 300
187 56 182 1000
187 27 155 150
187 348 137 1000
187 31 159 1000
188 490 146 150
188 602 313 1000
188 5 331 150
188 63 148 150
189 772 140 1000
189 46 144 150
191 227 197 1000
191 7 248 300
191 15 373 150
191 53 194 150
191 22 91 1000
191 57 218 1000
191 61 181 150
191 831 234 150
192 32 197 150
192 68 211 1000
192 229 263 150
192 15 323 150
192 24 154 150
192 26 184 300
192 61 191 150
194 22 295 1000
195 2 129 1000
195 195 173 150
195 296 184 150
195 42 146 300
195 13 188 300
195 21 194 300
195 791 155 150
195 24 322 300
195 315 230 300
196 283 160 150
197 65 414 1000
197 34 239 150
197 51 146 1000
198 16 133 1000
198 33 168 1000
198 43 114 150
198 0 100 300
199 1 137 1000
199 58 146 300
199 9 294 1000
200 1 343 150
200 427 163 150
200 59 153 300
200 6 192 1000
200 39 298 150
202 69 258 1000
202 23 266 150
203 420 150 150
203 342 220 1000
204 36 326 150
205 48 215 150
205 12 133 150
205 61 198 150
207 51 154 1000
207 398 277 300
207 214 294 1000
208 456 249 300
208 69 202 1000
208 526 200 150
209 38 224 150
210 65 459 150
210 67 208 150
210 612 136 150
210 43 159 150
210 44 149 1000
210 657 119 150
211 731 243 1000
211 46 180 150
212 544 164 1000
212 387 205 1000
212 44 131 1000
212 50 182 1000
212 56 264 1000
212 28 122 1000
212 29 105 150
213 18 74 150
213 629 252 1000
214 320 124 1000
214 42 140 150
214 43 119 1000
214 66 275 1000
214 13 132 1000
217 9 180 150
217 3 223 1000
217 38 132 1000
219 58 110 150
219 3 130 150
220 680 158 150
220 49 221 1000
220 5 207 300
220 767 300 150
221 40 152 1000
221 42 204 1000
221 51 136 150
221 213 110 150
221 63 154 1000
222 0 240 150
222 25 116 300
223 65 115 300
223 46 118 150
224 32 123 1000
224 8 111 300
224 67 89 150
224 589 290 150
225 296 101 300
225 25 263 150
225 59 331 1000
225 68 290 300
227 368 175 1000
227 41 115 150
227 26 106 150
227 54 104 1000
228 43 103 150
228 52 321 1000
229 2 98 150
229 8 206 300
229 301 113 150
229 46 109 1000
229 625 238 1000
229 56 223 150
229 57 258 150
229 797 99 150
230 65 196 300
230 66 234 1000
230 524 162 150
230 46 94 150
230 816 108 1000
230 57 155 150
231 64 221 150
231 58 220 150
231 53 167 150
232 0 161 1000
232 4 116 150
232 19 171 150
232 659 145 150
232 535 176 150
233 11 85 150
233 69 272 150
233 39 193 1000
233 779 199 300
233 52 88 1000
233 62 245 300
235 3 131 1000
235 41 169 150
235 362 212 150
235 649 174 150
235 57 144 150
235 699 211 150
235 185 127 300
236 16 114 1000
236 22 251 150
237 13 160 150
237 21 276 150
238 2 156 1000
238 158 169 150
238 54 214 1000
238 53 64 150
239 608 143 150
239 26 103 150
239 2 233 150
239 5 344 150
239 47 114 1000
240 240 156 300
240 19 168 150
240 53 156 150
240 6 295 1000
241 385 117 150
241 702 232 1000
242 1 182 150
242 298 128 1000
242 43 107 150
242 52 84 1000
242 161 108 150
244 40 121 300
244 25 104 150
244 44 256 1000
244 582 136 150
244 63 175 1000
246 30 134 1000
246 487 118 1000
247 39 159 1000
247 11 271 150
247 45 112 1000
247 51 110 150
247 29 161 1000
247 31 98 1000
248 24 163 150
248 753 165 1000
248 50 183 300
250 34 87 150
250 28 194 150
254 378 349 1000
254 43 114 1000
254 5 255 1000
254 183 139 1000
255 460 119 1000
256 1 71 1000
256 29 320 150
256 543 215 150
257 51 160 150
257 12 99 1000
257 53 102 1000
259 66 127 1000
259 29 233 150
260 58 371 150
260 260 314 1000
262 225 134 300
262 35 112 150
262 9 234 1000
262 11 117 1000
262 28 300 150
262 29 377 1000
264 66 334 150
264 27 190 150
264 206 213 150
266 1 172 150
266 23 173 1000
267 16 187 150
267 229 87 150
267 350 262 1000
267 7 116 300
268 535 227 300
268 65 134 1000
268 19 116 1000
268 327 444 150
269 65 161 1000
269 3 152 150
269 62 171 150
270 51 147 150
270 36 169 1000
272 64 144 1000
272 49 286 150
273 32 189 150
273 60 165 150
274 32 230 150
274 65 386 300
274 58 163 300
274 21 184 150
274 41 182 150
276 747 169 150
276 215 193 150
276 646 113 150
276 591 222 150
277 26 170 1000
277 66 188 150
278 10 400 1000
278 61 131 1000
278 36 179 1000
278 50 321 300
278 63 176 150
279 12 118 150
279 650 171 150
279 36 113 300
279 434 77 150
279 60 252 1000
280 544 161 1000
280 609 240 1000
280 4 197 150
282 9 104 150
282 10 97 150
282 43 118 1000
282 14 102 300
283 42 180 300
283 551 154 150
283 44 114 150
283 23 154 1000
284 26 88 150
284 21 98 1000
284 63 97 150
285 1 234 1000
285 22 169 150
286 40 137 300
286 24 128 150
286 204 134 150
286 65 117 1000
287 320 119 150
287 67 96 1000
287 68 182 150
287 8 269 1000
287 15 161 1000
287 28 122 1000
288 42 117 1000
288 10 171 150
288 436 116 1000
288 493 296 150
288 23 184 300
290 576 182 150
290 18 285 1000
290 387 126 150
290 228 101 150
290 39 172 1000
294 200 295 150
294 552 121 150
294 28 161 1000
294 29 81 150
295 323 122 1000
295 63 197 300
295 14 170 150
295 31 152 150
296 64 365 1000
296 7 142 150
296 467 260 1000
296 31 112 150
296 62 155 1000
296 63 232 300
298 8 104 1000
299 22 99 150
300 16 153 1000
301 56 265 150
301 29 159 150
303 56 114 300
303 57 97 1000
303 657 155 150
306 25 105 150
306 45 167 150
307 2 87 1000
307 52 168 150
307 47 168 300
308 731 107 1000
308 45 297 150
308 831 152 150
309 66 111 300
309 35 172 1000
309 60 168 300
309 29 97 150
309 519 147 150
310 65 127 1000
310 50 282 150
310 17 141 150
310 31 183 150
311 50 151 300
311 23 241 300
312 10 380 1000
312 52 107 1000
313 41 216 150
313 30 143 150
313 45 195 150
313 6 227 1000
314 50 98 150
314 798 194 1000
314 30 182 150
314 63 272 1000
315 42 199 300
315 55 293 1000
316 35 166 1000
316 61 164 150
317 32 147 1000
317 22 104 1000
317 394 232 150
317 529 276 150
317 150 114 1000
317 27 124 150
317 348 377 300
318 21 143 1000
319 24 185 150
319 64 107 150
319 593 222 1000
320 33 133 1000
320 43 130 150
321 796 145 150
321 47 114 1000
323 34 301 150
323 50 328 1000
323 67 125 150
323 66 103 1000
324 568 130 150
325 51 280 150
325 60 181 1000
325 37 147 150
325 15 201 1000
326 368 162 1000
326 69 223 1000
326 22 102 1000
328 8 166 1000
328 24 124 150
328 10 163 1000
328 7 113 1000
329 50 207 150
329 35 401 150
329 38 175 1000
330 42 138 1000
330 684 137 1000
330 797 194 1000
331 50 127 1000
331 451 144 300
332 48 86 150
332 46 280 150
333 50 239 300
333 11 66 1000
333 62 110 150
335 385 356 1000
335 28 233 1000
335 54 89 150
335 25 183 1000
336 537 237 150
336 20 233 150
336 221 100 150
336 61 188 1000
337 52 168 300
337 39 205 300
338 59 113 1000
339 0 152 150
339 3 135 300
339 46 236 150
341 49 134 150
342 35 158 1000
342 44 123 150
342 46 164 1000
343 834 183 150
343 67 196 150
343 12 108 150
343 42 124 1000
343 11 171 150
343 44 455 150
343 48 109 1000
343 55 246 1000
343 59 206 1000
344 64 113 150
344 38 159 1000
344 319 65 150
345 632 184 300
347 760 195 150
347 13 115 1000
348 361 207 300
348 28 222 150
349 32 199 1000
349 2 373 150
349 3 129 300
349 68 217 1000
349 287 378 150
350 9 282 1000
350 28 161 150
350 620 396 1000
350 7 182 150
351 1 105 150
351 11 92 150
351 36 212 1000
351 311 84 1000
352 17 109 150
352 2 108 300
352 60 111 150
352 63 92 150
353 53 99 1000
354 48 201 150
354 531 217 1000
356 59 104 300
356 58 173 1000
356 67 119 150
356 170 182 300
358 21 120 1000
358 30 229 150
359 696 331 150
359 19 97 1000
359 42 109 1000
359 51 146 300
359 55 236 1000
360 768 203 150
360 12 88 150
360 15 112 150
360 410 168 1000
360 59 113 300
360 30 265 1000
361 21 384 150
361 14 146 150
361 799 110 1000
362 208 200 1000
362 17 166 150
362 37 131 150
362 30 171 150
362 55 298 150
363 549 203 150
363 518 137 150
363 41 380 150
363 17 166 150
363 150 149 1000
363 26 294 1000
363 63 113 1000
364 8 78 1000
364 19 122 150
364 254 107 150
366 5 114 1000
366 6 234 150
366 311 160 150
367 34 141 150
367 6 196 1000
367 7 92 1000
367 171 153 1000
367 18 180 1000
367 28 242 150
367 222 369 1000
367 63 61 150
368 44 136 150
370 768 114 150
370 68 213 150
370 69 154 150
370 7 103 150
370 392 207 1000
370 430 105 1000
370 51 174 1000
371 36 110 1000
371 46 95 1000
372 824 181 300
372 31 148 1000
374 450 112 150
374 278 146 150
374 18 173 150
374 14 91 1000
374 48 298 150
374 722 95 150
374 54 110 1000
374 62 463 1000
375 10 258 150
375 11 269 150
375 44 299 150
375 21 112 1000
375 54 121 150
375 55 144 150
375 24 154 150
376 16 190 1000
376 41 108 150
376 771 187 150
376 29 169 1000
377 66 281 300
377 12 124 150
377 578 110 150
377 14 237 150
377 370 169 150
377 26 122 300
378 8 75 150
378 333 182 150
378 231 183 1000
379 3 128 150
380 25 206 150
380 59 151 1000
380 12 95 300
380 13 88 150
381 56 85 150
381 55 105 1000
381 22 85 150
381 47 208 1000
382 652 155 300
382 565 299 150
382 14 200 150
383 65 111 1000
383 34 301 1000
383 611 147 1000
383 9 157 150
383 2 214 1000
383 25 167 1000
384 9 348 150
384 380 105 1000
384 15 90 1000
385 17 75 150
385 26 94 150
385 28 140 150
385 45 87 1000
385 775 135 150
386 4 143 150
386 45 168 150
386 18 123 150
386 58 317 1000
386 349 94 1000
386 63 89 300
387 65 145 150
387 5 129 150
387 616 103 1000
387 40 164 150
387 24 174 300
387 444 72 300
387 62 182 150
389 63 231 150
390 8 105 150
390 65 170 1000
390 3 138 1000
390 29 104 1000
390 6 265 150
392 16 168 1000
392 40 144 150
392 53 150 1000
394 64 233 1000
394 8 120 150
394 51 107 150
394 181 204 150
395 46 308 150
395 7 100 150
396 170 137 150
396 35 247 1000
396 149 435 150
396 23 158 150
397 264 147 150
397 58 222 1000
397 244 100 150
397 6 255 150
398 40 213 1000
398 49 228 150
398 2 329 300
399 65 113 150
399 4 140 150
399 10 216 150
399 50 73 1000
399 335 258 150
399 306 239 150
399 537 256 150
399 382 191 300
400 45 102 150
401 287 190 300
401 2 110 150
401 243 232 1000
401 12 234 150
401 31 99 1000
402 24 168 150
402 650 194 150
402 19 174 150
402 37 121 1000
402 62 199 300
403 224 375 1000
403 68 284 150
403 69 352 150
403 361 107 1000
403 13 170 150
403 55 391 150
405 2 222 1000
406 0 105 150
406 35 182 1000
406 9 110 150
406 42 187 1000
406 12 118 1000
406 814 189 1000
406 16 132 1000
407 29 108 1000
407 47 306 150
408 225 171 1000
408 1 183 150
408 52 99 1000
408 6 135 150
408 9 164 1000
410 0 151 1000
410 33 179 1000
410 42 103 1000
410 28 222 150
412 32 215 150
412 10 78 1000
412 66 93 1000
412 413 119 150
413 41 107 150
413 5 243 150
413 13 151 300
413 49 127 300
414 50 120 150
414 204 130 150
415 34 152 1000
415 2 81 300
415 785 100 1000
415 54 147 150
415 60 162 150
415 31 86 1000
416 32 102 1000
416 35 111 150
416 9 84 1000
416 13 189 1000
416 47 137 1000
416 465 92 300
416 147 74 1000
417 753 248 1000
417 50 131 1000
417 653 81 150
417 14 235 150
418 63 80 150
419 48 93 150
420 51 319 1000
421 456 183 1000
421 60 105 150
421 44 163 1000
421 544 188 1000
425 15 161 300
426 25 157 150
426 18 255 150
426 562 116 1000
426 6 201 1000
426 399 192 150
427 39 212 150
427 47 199 150
427 49 157 1000
427 50 146 1000
427 54 187 300
427 345 143 150
428 33 170 150
428 34 195 150
428 6 139 1000
428 43 191 150
428 18 341 150
428 60 155 150
430 41 103 150
430 4 102 300
430 717 105 150
430 199 262 1000
434 570 112 1000
434 51 223 1000
435 36 177 150
435 774 95 150
435 29 325 300
435 48 124 150
435 56 176 150
435 61 163 1000
436 56 237 150
436 4 140 1000
436 63 93 150
439 1 82 150
439 402 170 150
439 2 447 150
439 20 156 150
439 37 136 1000
440 17 167 1000
440 347 171 150
441 57 62 1000
441 58 231 150
441 755 224 150
442 1 97 1000
442 47 218 1000
442 23 220 1000
442 57 269 300
442 540 134 150
442 383 123 150
443 276 169 150
443 638 161 150
444 19 163 150
444 658 107 1000
444 39 186 150
444 15 114 150
446 56 111 150
446 41 183 1000
446 12 224 150
446 496 186 1000
446 32 274 1000
449 24 113 1000
449 67 122 1000
449 444 207 150
449 13 125 1000
450 709 308 150
451 65 109 300
451 60 119 150
451 45 146 150
451 623 182 150
454 800 72 300
454 38 436 300
454 7 115 150
454 592 140 1000
454 17 168 150
454 25 215 1000
455 24 106 150
455 35 186 150
456 800 209 1000
456 32 106 1000
456 45 188 1000
456 40 222 150
457 17 99 150
457 67 237 150
457 4 167 300
457 39 252 1000
458 3 183 1000
458 5 117 150
458 44 115 1000
458 61 220 1000
458 26 306 300
458 60 95 1000
458 29 164 150
459 288 190 300
459 43 134 1000
460 66 168 1000
460 743 91 1000
460 12 166 1000
460 47 104 300
460 314 101 150
460 27 100 150
461 35 95 150
462 1 73 300
462 13 251 1000
464 382 137 150
464 31 218 150
465 10 87 300
465 27 107 150
467 57 152 150
467 52 104 1000
468 8 95 1000
468 40 183 150
468 34 82 1000
468 27 313 150
469 48 319 1000
469 33 95 150
469 750 165 150
470 6 133 150
470 549 212 150
470 14 168 150
470 519 129 150
471 264 99 1000
471 45 83 150
471 22 160 1000
471 55 216 150
472 14 273 150
472 15 82 300
473 36 172 150
473 66 144 1000
473 668 92 150
475 554 304 1000
475 511 294 150
477 795 109 150
477 614 156 150
477 14 137 150
477 17 352 1000
477 54 91 1000
477 311 116 1000
477 729 119 1000
477 59 175 1000
478 20 155 150
478 762 154 300
478 60 156 150
478 38 154 150
479 345 165 1000
479 66 208 150
479 68 162 150
479 822 359 300
481 41 113 150
481 29 85 150
481 62 126 150
482 30 137 1000
482 823 163 1000
483 68 215 150
483 19 296 1000
483 196 268 1000
483 569 146 150
483 29 182 1000
483 36 101 1000
485 25 162 150
485 66 117 150
485 13 158 150
486 32 267 150
486 65 118 150
486 290 108 1000
486 15 88 1000
486 49 150 1000
486 347 210 150
487 56 323 1000
487 67 93 1000
487 37 100 1000
489 821 229 1000
489 23 220 150
490 1 124 300
490 284 218 150
490 556 93 1000
491 32 175 1000
491 18 93 150
491 30 358 300
491 671 197 1000
492 16 111 1000
492 362 214 150
492 604 105 150
493 0 140 150
494 620 182 1000
494 60 94 150
494 765 224 150
495 49 203 150
495 36 208 150
495 30 100 1000
495 47 321 150
496 329 96 150
496 19 83 150
497 68 285 150
499 33 114 300
499 69 270 1000
499 769 111 150
500 41 98 150
500 60 165 1000
501 42 156 150
501 28 105 150
502 25 217 150
502 689 98 1000
502 23 83 1000
504 450 107 300
504 5 128 150
504 7 96 1000
504 10 131 1000
504 19 391 150
504 596 88 150
504 502 192 150
504 20 82 1000
505 59 377 1000
505 227 90 300
505 387 103 1000
505 31 138 1000
506 40 411 1000
506 36 107 150
507 760 179 1000
507 20 166 1000
509 241 211 1000
509 371 253 300
511 19 363 1000
511 38 208 300
511 40 299 150
511 43 202 1000
511 208 193 1000
511 530 494 150
511 403 143 150
513 28 156 150
513 69 259 150
513 46 466 300
513 21 129 1000
514 60 131 150
514 10 123 1000
514 36 385 150
514 29 202 150
514 39 296 1000
515 17 254 1000
515 620 217 1000
515 22 223 150
515 1 159 150
516 33 110 150
516 68 393 1000
516 41 291 300
516 714 235 150
516 14 138 150
516 51 157 1000
518 40 161 1000
518 561 150 1000
518 189 144 1000
519 56 186 150
520 36 279 1000
520 5 174 150
520 40 230 1000
520 13 330 150
520 19 158 1000
520 217 298 150
521 27 174 150
521 66 139 150
521 19 196 300
521 36 235 1000
525 20 201 1000
525 627 155 300
525 44 350 150
525 13 148 150
525 63 141 1000
526 16 493 150
526 51 154 300
526 37 238 150
528 440 297 1000
528 254 143 150
529 11 134 300
529 65 222 300
529 59 365 150
529 13 170 150
529 47 227 150
530 64 254 150
530 257 182 150
530 68 269 1000
531 48 182 150
531 25 258 150
531 20 274 150
531 485 176 150
531 569 317 1000
532 161 428 1000
532 155 173 150
532 59 207 150
533 184 193 300
533 1 142 150
533 283 238 1000
533 308 313 300
535 1 182 150
535 35 202 150
535 13 198 150
535 20 146 300
535 30 232 1000
535 62 160 150
536 49 228 150
536 3 326 150
536 28 170 1000
537 3 209 1000
537 39 229 150
538 49 223 150
538 42 339 1000
538 692 506 1000
538 13 151 300
540 44 188 150
540 642 130 1000
540 59 183 300
540 28 176 150
541 0 111 1000
541 65 203 150
541 4 143 1000
541 40 240 150
541 364 217 150
541 749 250 150
541 18 197 1000
542 66 130 150
542 41 138 1000
542 151 255 1000
542 269 184 1000
542 48 151 1000
542 823 259 300
543 49 423 150
543 4 216 1000
543 62 260 150
544 8 122 150
544 759 202 1000
545 64 186 150
545 706 157 1000
545 11 175 150
545 7 128 150
545 43 151 1000
545 58 117 150
545 60 197 1000
545 63 123 1000
549 26 197 150
549 46 206 1000
550 40 146 1000
550 745 165 150
550 677 316 1000
550 62 242 150
550 41 161 150
551 22 108 150
551 62 174 150
551 525 240 1000
552 57 109 1000
553 48 318 150
553 15 388 150
553 750 172 150
553 638 159 150
553 47 227 150
554 33 109 1000
554 2 81 300
554 17 172 150
554 65 106 150
554 425 110 150
555 56 317 1000
555 45 100 300
555 6 108 1000
555 23 106 300
556 41 301 1000
556 58 116 1000
557 248 92 150
557 52 330 150
559 641 78 1000
559 40 146 150
559 45 314 150
559 468 217 1000
559 533 184 150
559 26 137 150
560 35 276 1000
560 36 180 300
560 45 149 150
561 768 204 1000
561 66 146 1000
561 13 362 150
562 2 88 150
562 44 246 150
562 366 156 1000
562 6 230 150
562 55 142 1000
564 49 153 150
564 58 249 150
564 407 104 150
565 832 137 300
565 59 105 1000
565 68 170 150
565 46 163 150
567 11 153 1000
567 6 205 150
568 144 252 300
568 24 228 1000
568 3 121 300
568 229 304 1000
568 814 123 1000
569 41 201 1000
569 10 206 150
569 45 85 300
569 47 151 300
569 434 106 150
569 342 108 1000
569 28 228 150
569 61 207 150
570 56 155 1000
570 68 150 1000
570 61 169 150
570 318 93 1000
571 19 85 150
571 4 130 300
572 34 106 1000
572 38 237 1000
572 205 183 150
572 17 134 300
572 52 107 1000
572 23 171 1000
572 30 162 1000
574 32 120 150
574 581 185 150
574 554 107 150
574 11 248 150
574 496 138 1000
574 465 171 1000
574 23 247 1000
574 60 260 150
574 485 346 150
578 17 218 300
578 50 210 150
578 233 83 1000
579 41 102 150
579 69 399 1000
579 13 153 150
580 11 159 1000
580 43 96 150
580 46 99 1000
580 815 155 1000
580 560 181 1000
580 466 374 150
580 526 212 1000
581 60 226 150
581 13 91 1000
582 16 132 150
582 765 165 300
582 774 90 150
582 599 219 150
583 736 250 1000
583 10 133 150
584 170 332 1000
584 17 152 300
584 53 143 150
584 538 165 150
584 60 193 300
584 62 94 150
586 67 87 1000
586 13 95 1000
586 63 122 150
587 332 153 1000
587 60 103 150
587 51 98 1000
587 228 203 300
589 0 130 150
589 64 95 1000
589 9 181 300
589 42 137 1000
589 13 274 1000
589 313 133 1000
590 12 283 1000
590 23 106 1000
591 33 102 300
591 4 136 150
591 37 204 150
592 51 116 1000
592 68 419 150
592 38 137 150
593 33 110 1000
593 6 211 150
593 170 254 150
593 17 113 150
593 53 233 150
593 57 316 1000
594 41 113 1000
594 21 163 1000
596 64 104 1000
596 2 154 150
596 67 138 300
596 52 185 150
596 26 111 150
597 387 179 1000
597 420 238 150
597 785 187 1000
597 35 177 1000
597 54 299 150
597 29 68 150
598 11 154 1000
598 364 112 1000
598 38 180 1000
599 2 125 150
599 38 189 150
599 46 202 1000
599 15 152 1000
599 337 120 150
599 21 95 1000
599 30 108 1000
601 691 192 1000
601 9 262 150
601 578 180 150
601 3 291 150
601 37 197 1000
602 40 261 150
602 47 91 150
602 49 407 1000
602 56 94 150
602 26 271 300
602 827 432 150
604 550 188 150
605 33 298 150
605 34 123 1000
605 4 133 150
605 39 169 150
605 332 101 1000
605 60 93 300
605 255 223 300
606 35 108 300
606 28 201 1000
606 6 136 150
607 25 105 1000
607 68 167 150
608 25 178 1000
608 51 135 150
608 20 168 1000
609 288 243 1000
609 33 128 150
609 51 161 150
609 22 108 150
609 803 169 150
610 0 110 1000
610 625 142 150
611 506 198 150
612 412 101 150
612 237 158 1000
613 35 248 150
613 47 216 150
614 8 264 150
614 425 183 1000
614 658 126 300
614 11 96 1000
614 382 181 1000
616 51 92 1000
616 348 122 1000
616 62 121 1000
616 774 100 150
617 10 178 150
617 604 156 150
617 22 152 300
618 17 271 1000
618 47 187 1000
618 7 97 1000
620 17 158 1000
620 58 181 150
620 62 236 150
620 287 210 1000
622 27 200 1000
623 456 303 150
623 30 144 150
624 456 140 150
624 26 90 1000
624 46 93 1000
625 32 145 150
625 58 163 150
625 51 362 1000
625 66 150 300
626 20 103 150
626 62 102 150
627 8 90 150
627 57 80 150
628 59 103 150
628 427 110 1000
628 49 483 1000
629 40 210 150
629 307 92 1000
629 14 96 150
630 16 137 150
630 32 153 150
630 650 188 300
630 549 440 150
631 58 121 150
631 52 412 150
631 13 209 150
632 48 147 300
632 327 199 150
632 700 259 1000
632 45 323 1000
632 15 201 150
633 26 320 300
633 20 146 1000
633 30 125 150
635 49 308 150
635 58 133 150
635 23 141 150
638 1 143 300
638 60 290 1000
638 61 247 150
638 30 297 1000
639 41 196 150
641 40 225 1000
641 66 100 1000
641 18 73 1000
641 13 139 150
642 5 211 1000
642 774 337 1000
642 15 313 150
644 67 388 1000
644 54 242 150
644 38 177 150
644 222 89 1000
644 31 108 300
645 624 170 1000
645 65 173 150
645 730 197 1000
645 46 114 1000
645 511 142 1000
646 714 154 150
646 626 84 1000
646 57 228 150
646 10 111 150
646 42 121 150
646 62 254 150
647 48 196 150
647 472 211 150
647 21 174 1000
649 2 108 300
649 14 120 150
650 29 115 1000
651 219 99 150
651 12 114 1000
651 13 119 150
651 45 161 150
652 42 229 150
652 795 164 1000
652 14 146 1000
653 13 103 1000
653 790 194 150
654 745 173 150
654 11 281 1000
654 14 104 150
654 15 164 150
654 50 160 150
654 366 181 150
654 63 160 150
657 0 101 150
657 64 113 1000
657 61 230 1000
658 8 181 1000
658 401 446 1000
658 69 269 1000
659 194 140 150
659 35 83 150
659 69 148 1000
660 21 210 1000
660 574 207 1000
660 39 226 150
661 17 380 150
661 242 181 1000
661 67 120 150
663 376 83 1000
663 8 190 1000
663 45 121 150
663 30 277 150
663 55 171 1000
664 9 79 1000
664 23 103 300
665 0 178 150
665 58 96 150
665 645 165 1000
665 206 215 150
666 296 171 1000
666 48 93 150
666 524 183 300
666 725 327 150
666 46 109 150
667 24 116 300
667 49 219 1000
667 612 194 150
667 295 261 150
668 52 101 1000
668 39 188 1000
669 16 183 1000
669 36 129 300
669 287 82 300
670 65 124 1000
670 507 171 1000
670 829 194 150
671 2 79 150
671 30 109 150
671 31 174 150
673 1 111 1000
673 36 160 150
673 18 160 300
673 21 230 1000
673 54 126 1000
673 57 198 150
673 58 111 150
673 28 128 150
674 489 92 300
674 562 223 150
674 179 246 1000
674 68 229 150
674 66 176 150
676 24 270 150
676 57 162 150
676 779 152 1000
676 27 249 300
676 47 133 150
677 25 303 1000
677 14 213 300
677 313 166 150
678 3 134 150
678 36 232 300
678 37 100 150
678 10 223 150
678 51 99 150
678 406 194 150
678 23 106 150
678 22 104 150
680 52 86 150
680 45 199 150
681 65 107 150
681 34 110 150
681 38 324 1000
681 15 158 150
682 48 151 1000
682 25 95 300
682 58 271 150
682 4 422 1000
682 26 89 150
684 19 147 150
684 18 83 150
684 67 173 150
689 40 188 150
689 657 87 150
689 26 308 150
690 10 89 150
690 590 100 150
691 3 120 150
691 66 166 1000
691 59 144 150
691 52 142 300
691 46 99 150
692 68 196 1000
692 204 143 1000
693 554 305 150
693 755 196 150
693 4 101 150
693 397 347 150
695 67 94 150
695 40 199 1000
695 41 170 150
695 48 155 1000
695 313 154 150
695 28 107 1000
696 64 88 1000
696 65 170 300
696 33 91 150
696 497 122 150
696 54 182 150
696 31 156 150
698 50 92 1000
698 46 222 1000
698 22 84 1000
699 217 144 150
699 5 114 150
699 45 98 300
700 2 77 1000
700 10 177 150
700 698 225 150
700 63 162 150
701 555 166 1000
702 37 131 1000
703 10 181 150
703 62 160 1000
703 63 175 150
704 51 163 150
705 3 128 1000
705 1 267 150
705 267 117 150
706 32 142 150
706 36 281 150
708 440 107 1000
708 9 166 150
708 4 134 1000
708 1 169 1000
709 34 190 1000
709 20 290 150
709 54 182 150
711 40 175 1000
711 17 178 150
711 69 377 1000
712 6 153 1000
713 5 134 1000
713 285 129 150
714 17 372 1000
714 36 144 150
714 53 162 1000
715 48 180 150
715 57 121 150
715 19 117 150
715 28 172 150
716 47 115 150
716 29 129 1000
716 223 160 150
716 15 214 150
717 69 156 150
717 9 243 150
717 61 284 300
717 26 114 1000
717 314 228 1000
717 58 235 300
717 222 209 1000
718 33 245 1000
720 24 164 300
720 66 113 150
720 19 97 150
720 37 130 150
720 46 113 150
721 48 221 300
721 9 257 150
721 58 282 300
721 471 164 1000
722 32 297 150
722 65 246 1000
722 66 225 150
722 5 137 1000
722 47 258 150
722 57 72 1000
725 64 98 150
725 68 178 1000
725 197 146 300
725 15 119 1000
725 561 97 300
725 54 171 150
726 53 166 150
727 1 76 300
727 486 172 150
727 38 473 1000
727 10 93 1000
727 19 230 150
727 63 60 1000
729 624 319 1000
729 479 233 1000
729 255 122 1000
730 40 152 1000
730 57 79 1000
730 61 253 1000
731 352 143 150
731 27 296 1000
731 60 146 150
731 5 326 300
732 36 223 1000
732 342 97 300
733 609 118 1000
733 30 99 1000
733 57 249 150
734 46 98 1000
736 212 315 150
736 31 364 1000
738 65 119 150
738 12 328 1000
739 65 98 300
739 18 97 1000
739 37 113 1000
739 1 255 1000
740 57 147 150
740 34 211 150
740 339 107 150
740 53 108 300
743 1 221 1000
743 2 148 1000
743 36 234 150
743 19 104 300
743 26 142 150
743 28 145 1000
744 40 163 1000
744 12 130 1000
744 572 129 300
744 65 126 150
745 48 197 300
745 57 108 150
745 66 126 1000
745 667 236 150
745 813 108 1000
746 58 222 300
746 69 212 150
746 550 121 1000
747 1 319 150
747 66 96 1000
747 310 65 150
747 289 187 300
748 11 147 1000
748 52 97 300
749 9 107 150
749 28 182 1000
750 32 273 150
750 9 119 1000
750 18 149 150
750 516 166 300
753 504 142 150
753 17 149 150
753 69 253 150
753 528 189 150
753 629 142 150
754 610 219 150
754 528 206 1000
754 596 209 300
754 661 302 1000
754 792 183 150
754 53 126 1000
755 48 162 1000
755 34 186 300
755 499 216 150
755 29 397 1000
755 55 147 150
756 56 401 1000
756 53 244 150
756 574 189 1000
757 57 201 150
757 2 187 150
757 35 140 150
758 805 178 150
758 69 180 150
758 29 138 1000
759 48 198 300
759 231 136 150
759 391 435 1000
759 494 155 150
759 400 135 1000
759 799 160 150
759 831 199 150
760 24 159 1000
760 65 104 150
760 13 172 150
760 14 94 150
761 9 122 150
761 28 132 1000
761 213 132 150
761 23 78 150
762 4 118 150
762 677 196 300
762 15 136 300
762 401 95 1000
762 23 363 1000
762 61 311 300
763 34 284 300
763 44 156 150
763 50 159 1000
765 440 268 150
765 53 347 300
765 14 96 150
767 202 126 150
767 6 119 1000
768 616 103 1000
768 67 175 1000
768 39 171 1000
769 8 82 1000
769 57 431 150
769 23 74 150
771 57 189 150
771 66 141 1000
771 12 118 1000
771 758 214 1000
772 32 114 1000
772 185 264 1000
772 61 147 150
773 2 129 150
773 7 187 150
773 43 259 1000
773 15 169 150
773 271 137 1000
773 765 184 150
774 1 94 1000
775 31 221 150
777 17 179 1000
777 274 204 1000
777 809 155 300
778 40 215 300
778 17 111 150
779 49 286 150
779 738 112 1000
779 19 232 300
779 52 112 150
779 46 100 150
780 64 145 150
780 2 225 150
780 4 256 150
780 197 140 150
780 44 88 1000
780 24 214 150
783 56 130 150
783 185 128 1000
783 66 115 1000
783 367 223 1000
783 15 121 150
785 41 161 1000
785 61 207 1000
786 64 180 1000
786 39 216 1000
786 40 117 300
786 11 167 1000
786 22 112 1000
786 61 226 150
787 47 181 1000
787 22 169 150
787 31 171 300
788 34 164 1000
788 67 233 150
788 708 179 1000
788 6 152 1000
788 8 112 1000
788 590 175 150
790 42 145 1000
790 419 167 150
791 10 105 1000
791 492 119 150
792 713 203 150
792 579 180 150
792 653 95 1000
792 15 99 150
793 59 115 150
793 310 98 150
793 22 86 1000
794 35 110 150
794 4 136 150
794 213 259 1000
795 6 140 1000
796 761 108 150
796 36 123 150
796 54 81 1000
796 38 154 1000
797 64 369 1000
797 17 90 300
797 68 229 150
798 780 214 1000
799 41 92 150
799 35 230 1000
799 1 138 300
799 33 156 1000
800 50 87 150
800 28 138 300
800 30 108 150
800 7 109 150
801 408 172 1000
801 10 321 150
801 693 118 150
802 256 109 300
802 61 264 150
802 45 189 1000
803 560 200 1000
803 46 173 1000
805 819 176 150
805 44 143 1000
805 797 129 1000
806 10 65 150
806 67 118 150
806 4 357 1000
807 32 87 150
807 18 123 150
807 28 198 1000
808 63 250 150
808 700 278 1000
808 46 117 150
808 14 116 150
808 173 189 1000
809 152 157 150
809 161 77 1000
809 42 200 150
809 543 127 1000
809 32 126 150
812 470 105 1000
812 14 209 1000
813 52 121 150
813 37 233 150
814 21 79 150
815 0 137 1000
815 467 107 150
816 56 154 150
816 57 91 150
816 58 123 1000
816 25 158 1000
816 39 144 1000
817 0 238 150
817 58 165 150
817 38 190 150
818 39 170 1000
818 775 186 150
819 606 295 150
819 486 83 150
820 4 222 150
820 5 171 300
820 14 143 300
820 47 149 150
821 34 170 150
821 4 306 150
821 405 197 150
821 158 183 150
821 605 140 1000
822 48 235 1000
823 1 361 1000
823 316 153 1000
823 11 331 1000
823 21 141 300
823 28 173 300
823 29 150 1000
824 582 501 150
826 32 239 150
826 1 222 1000
826 12 137 150
826 467 185 150
826 53 207 300
826 25 148 150
827 37 273 1000
827 6 164 150
827 39 222 150
827 45 260 150
827 720 217 150
827 49 284 150
827 25 152 150
828 816 165 150
828 58 167 150
828 678 302 300
829 18 362 150
829 43 171 150
829 46 199 150
831 1 282 1000
831 18 153 1000
831 28 145 150
832 40 272 150
832 57 206 150
832 50 340 150
832 819 142 150
832 6 158 150
833 184 161 300
833 16 240 150
833 5 160 150
833 64 145 150
834 48 219 150
834 657 184 150
834 35 253 150
834 68 282 300
835 528 471 150
835 49 203 150
835 506 271 1000
835 55 154 1000
837 536 214 1000
837 545 253 300
837 490 148 300
837 19 290 1000
837 52 167 1000
838 66 145 150
838 3 323 1000
838 61 286 150
838 24 315 150
838 440 150 1000
838 15 299 150
838 29 203 1000
839 49 201 1000
839 29 138 150
