320 0 79
320 33 103
320 771 94
320 935 190
320 28 69
320 62 70
322 0 204
322 34 79
322 35 89
324 18 189
324 29 79
324 1221 82
325 2 100
325 5 88
327 9 88
327 50 189
327 530 76
328 52 144
328 38 189
329 59 88
329 12 79
330 56 179
330 48 100
331 992 190
331 504 85
331 45 103
331 38 88
333 813 106
333 757 101
333 53 69
333 1212 76
333 862 95
333 63 79
334 1145 76
334 28 109
334 740 85
334 62 89
338 817 81
338 18 155
338 51 145
339 952 101
339 1309 87
339 798 71
341 476 146
341 766 87
342 586 90
344 1290 161
344 11 79
344 36 79
345 670 91
346 50 79
346 1234 160
349 1083 91
349 4 130
350 1064 85
350 832 119
350 11 89
352 861 150
352 6 140
354 896 106
354 904 95
354 1184 104
354 862 91
355 848 180
355 1 95
355 1275 112
356 607 121
357 601 165
357 50 79
357 1195 94
357 1044 104
357 1029 94
358 1153 85
358 3 100
358 452 90
358 773 75
358 929 85
358 43 174
358 14 209
358 495 165
358 48 79
358 51 99
359 10 115
359 894 85
362 447 180
365 804 121
365 477 86
366 538 121
366 430 94
367 2 79
367 1194 115
368 34 179
368 862 85
368 55 79
369 736 85
369 1153 85
369 11 159
369 646 106
369 7 174
369 523 85
371 515 91
371 341 94
373 57 113
373 27 99
373 4 89
375 399 109
377 1024 105
377 52 88
377 14 89
378 482 95
379 32 89
379 713 94
379 1295 104
379 483 75
379 63 98
380 35 89
380 555 75
381 58 79
381 1013 91
382 9 88
382 1116 95
382 5 99
384 6 183
385 945 109
385 1019 79
385 476 114
386 54 104
386 438 114
386 1310 85
387 31 199
387 55 83
388 36 103
388 1289 110
388 586 164
388 13 143
388 51 73
388 375 99
388 991 79
389 35 224
389 421 235
389 829 79
391 16 158
391 5 123
393 6 93
393 3 158
393 29 138
393 62 83
394 1328 85
395 1312 212
395 52 224
395 36 123
395 13 93
396 8 93
396 969 154
396 458 110
396 41 153
396 375 89
397 50 133
397 1195 160
397 52 83
397 6 148
398 736 230
398 732 89
398 53 254
399 60 239
401 1 234
401 743 139
401 396 235
401 19 93
401 54 123
401 60 103
404 56 73
404 584 89
404 1000 119
404 830 184
405 456 220
405 19 113
405 36 163
405 23 128
406 583 139
406 44 73
406 13 163
406 46 89
406 825 104
406 60 83
407 456 79
408 1208 80
408 2 119
408 29 158
409 9 168
409 43 179
409 405 105
409 54 224
409 28 123
409 478 95
410 42 189
410 62 83
412 700 110
412 981 215
413 21 123
413 30 113
414 48 133
414 793 119
414 55 158
415 40 123
415 48 119
415 19 134
415 6 103
416 9 83
416 1070 164
417 48 93
417 37 88
418 729 105
418 555 120
418 60 83
418 45 179
418 22 214
419 48 88
419 33 148
419 1122 175
419 38 129
420 16 259
420 420 89
421 49 73
421 19 173
421 4 104
421 935 140
422 11 99
423 2 88
423 1244 115
424 32 119
425 905 124
425 2 199
425 45 89
426 48 129
426 960 110
426 19 113
426 365 184
428 32 89
428 25 209
428 846 95
430 897 89
431 410 144
432 59 138
434 1232 155
434 29 164
435 1064 144
436 785 119
436 26 264
437 322 104
438 10 133
438 11 119
441 48 148
441 733 144
442 748 169
442 34 163
442 60 113
442 53 83
442 44 153
444 56 103
444 28 173
446 35 128
447 34 129
447 63 138
450 35 99
450 14 83
451 8 114
451 553 135
451 1007 120
452 41 89
452 453 119
453 1091 194
454 861 174
454 38 163
456 32 89
456 1 129
456 794 109
456 1280 109
458 476 110
458 13 104
459 14 123
461 29 229
462 34 118
462 1027 104
462 420 89
463 2 138
463 7 73
463 1067 154
463 48 188
463 20 104
463 60 194
465 931 119
465 39 173
467 35 104
467 7 104
468 48 163
468 42 158
468 61 104
469 1041 195
470 17 128
470 1286 164
475 50 113
475 1070 110
475 903 215
476 3 129
477 61 148
478 744 79
479 877 149
479 30 249
480 15 234
481 392 295
481 19 83
481 620 119
481 53 74
481 31 108
482 36 144
483 8 153
485 412 79
485 52 104
485 495 144
487 1337 174
487 39 138
488 24 123
488 553 80
488 40 104
488 41 189
489 537 159
489 502 110
490 432 99
490 48 143
490 1274 230
490 19 73
491 16 128
491 41 264
491 832 110
491 15 184
492 14 84
492 454 135
492 895 129
493 25 119
494 520 89
494 1209 90
494 21 93
495 28 108
496 60 93
496 53 183
497 11 219
497 557 200
502 673 75
502 12 158
502 17 123
503 56 114
504 12 179
504 855 154
504 332 110
504 1085 119
504 23 83
505 587 194
505 61 178
505 63 123
506 1290 75
507 1259 131
507 36 123
507 21 119
508 1065 154
509 11 104
510 2 198
510 49 224
510 19 113
510 20 138
510 59 129
510 60 133
512 825 179
512 59 183
513 34 99
513 13 118
514 912 190
514 52 83
515 27 133
515 1244 245
515 21 123
516 24 93
517 1265 99
517 1244 170
517 989 79
517 615 250
518 25 103
518 3 83
518 542 200
518 951 165
519 1240 109
519 1209 80
519 21 103
520 28 99
520 1167 150
521 1 108
521 62 143
522 25 148
523 12 83
523 28 98
525 26 98
525 37 113
525 375 220
526 8 128
526 26 189
526 51 113
526 898 139
527 1015 154
528 24 148
528 798 139
528 23 148
529 549 144
529 943 144
530 711 89
531 9 154
531 1074 119
531 3 128
531 14 89
532 3 128
532 557 89
532 15 123
533 27 108
533 430 124
534 25 173
534 34 93
535 1138 105
535 33 103
535 18 103
535 1331 75
535 770 89
537 48 144
537 392 169
537 850 144
537 1122 164
537 786 134
538 42 169
538 530 129
538 938 99
539 20 73
539 34 83
539 44 229
539 54 163
540 837 139
542 1 163
543 654 206
546 505 105
546 1221 144
547 7 83
547 887 235
548 12 113
548 5 93
549 36 88
549 1171 154
549 60 88
550 1326 85
551 10 93
552 45 74
552 30 104
553 1293 95
556 1296 95
556 705 255
556 5 103
556 21 108
557 1113 95
557 58 89
559 425 149
559 483 99
559 14 123
560 33 93
560 638 99
560 1103 169
562 1144 120
562 18 163
562 820 109
562 2 148
562 799 125
564 48 93
564 384 159
566 506 165
566 780 194
567 1217 175
567 38 73
567 31 99
568 48 103
568 930 95
568 1091 109
569 49 224
571 9 93
571 610 99
571 787 154
571 1195 270
572 782 189
572 38 83
573 1144 115
573 60 133
573 1282 179
573 20 123
573 349 89
574 58 83
577 459 116
577 29 129
578 51 235
578 1173 96
578 55 109
579 330 165
579 788 89
579 1095 107
580 32 73
580 882 106
580 61 123
581 2 134
582 48 160
583 8 85
583 2 84
583 996 109
584 1000 160
584 40 149
585 3 200
585 37 110
585 766 100
586 54 170
586 23 113
587 1065 171
588 0 200
588 593 105
588 1010 251
588 648 150
589 938 221
589 5 93
589 54 93
589 55 139
590 1112 100
590 416 91
590 1146 177
590 34 109
591 56 80
591 496 176
591 11 104
591 63 89
592 384 90
592 63 89
592 387 145
592 926 150
592 55 89
593 0 169
594 3 205
594 14 73
594 790 115
595 48 99
595 32 113
595 572 89
597 12 103
598 13 109
598 21 103
598 7 110
599 381 140
599 14 149
599 855 140
601 0 100
601 4 79
602 18 76
602 339 92
602 788 141
602 29 89
606 721 282
606 1058 237
606 887 105
607 595 171
607 1234 115
607 43 206
607 38 211
608 8 94
609 732 89
609 45 124
609 509 145
610 658 162
610 51 115
611 591 119
611 51 109
611 594 135
611 23 230
614 461 131
615 7 124
615 8 113
615 9 114
615 1170 101
615 1242 111
615 59 144
617 20 85
617 5 115
617 423 160
618 15 79
618 28 189
618 847 171
620 424 151
620 908 89
620 22 90
621 350 176
623 21 225
623 54 105
623 47 255
624 32 134
626 32 103
627 1227 79
630 689 91
630 330 145
630 5 85
630 57 200
631 25 195
631 52 103
632 11 159
632 60 235
632 61 114
632 6 113
633 1282 85
634 21 210
636 21 165
636 590 140
637 49 115
637 618 115
637 396 106
637 62 210
637 47 104
638 22 169
638 30 144
639 42 99
639 27 120
639 13 169
639 358 130
639 15 150
641 26 198
642 369 129
642 770 125
643 577 79
643 618 210
643 58 119
643 410 154
644 13 73
645 33 219
645 63 174
646 56 118
646 3 93
646 895 110
647 8 128
647 859 164
647 1287 119
648 793 89
648 3 239
649 40 99
649 32 93
649 51 88
649 14 99
650 16 93
650 30 173
650 46 214
650 39 148
651 26 74
651 11 89
651 734 245
654 1144 95
654 827 255
655 1313 110
655 43 114
655 953 90
655 593 119
656 57 103
656 1141 105
656 38 143
658 3 214
659 11 93
659 1221 120
659 423 110
660 538 144
660 12 128
660 502 110
662 392 79
662 740 124
665 40 99
665 947 125
665 549 210
666 815 110
668 49 103
668 1284 161
669 678 75
669 1174 110
670 24 119
670 59 123
670 28 239
671 859 79
671 18 108
671 51 98
671 38 98
671 1019 175
672 1283 85
672 507 144
673 48 123
673 557 124
673 983 109
674 1104 105
674 621 99
674 38 93
677 607 164
678 1257 96
678 50 148
678 42 148
681 892 154
681 14 163
682 1280 231
682 5 83
683 18 113
683 22 123
683 30 119
684 52 154
685 57 189
685 515 144
686 16 189
686 669 110
687 49 193
687 18 138
688 1200 169
688 1192 190
688 38 138
688 583 90
689 17 113
689 51 219
689 25 93
690 458 119
690 27 138
691 32 99
691 731 129
692 36 113
692 485 90
693 11 98
693 37 219
696 57 168
696 33 119
696 15 168
697 1163 164
697 414 190
699 24 118
699 43 164
700 365 99
701 16 93
701 8 99
701 26 83
701 834 204
702 10 103
703 516 129
705 3 108
705 532 134
705 22 184
706 1330 176
707 9 163
707 475 95
707 1214 124
709 1331 211
709 12 103
709 1237 79
710 659 81
713 37 104
713 543 220
717 18 128
717 963 215
717 815 124
719 459 124
719 1300 125
720 42 194
720 806 95
720 711 170
721 418 149
722 747 149
722 1148 110
722 21 168
723 49 113
723 506 110
723 916 99
723 44 118
723 29 73
724 35 194
724 683 110
724 31 143
725 0 163
725 799 89
725 39 219
726 40 199
726 51 93
726 1237 210
727 873 139
727 20 153
727 53 134
727 702 170
728 401 110
728 60 104
729 402 120
729 571 179
729 39 84
730 24 168
730 57 73
730 1220 121
730 702 174
731 32 154
731 8 114
731 553 120
731 42 204
731 46 138
731 19 193
733 341 89
734 25 89
735 502 250
735 422 189
736 1194 110
736 19 89
736 21 139
738 800 180
740 1024 80
740 809 190
740 4 138
740 868 164
740 25 114
743 27 103
743 13 159
744 0 99
744 1116 180
744 22 128
744 62 173
745 36 89
745 4 219
745 342 79
745 38 158
746 45 83
746 4 93
746 29 168
746 61 159
747 457 99
748 17 153
748 28 133
748 47 138
749 1332 75
749 862 159
749 476 79
749 21 93
749 1110 165
750 25 128
750 34 88
751 27 93
751 19 104
751 3 103
751 52 119
751 61 108
753 40 133
753 1138 115
753 62 128
754 24 98
754 609 150
754 45 74
754 1333 135
754 1007 215
756 525 119
757 329 189
758 50 173
758 419 240
761 864 99
761 4 99
761 5 249
762 803 179
762 45 113
762 6 113
763 57 129
763 35 164
763 1005 99
764 12 174
766 16 99
767 1201 109
767 34 104
767 20 163
767 60 199
768 1016 220
768 1042 89
768 61 138
768 1086 120
768 31 198
769 465 135
769 18 98
769 38 93
770 44 103
772 379 89
772 676 120
772 1165 185
773 883 110
774 33 189
775 379 89
775 27 173
777 8 194
777 19 114
777 994 195
777 555 90
782 10 148
783 999 139
784 666 75
785 63 104
786 515 250
786 1279 130
787 0 108
787 40 249
787 42 99
788 33 93
788 11 89
788 884 169
788 894 129
788 23 74
790 1201 99
790 949 170
790 358 89
790 1207 245
791 1160 110
791 738 225
791 388 210
791 1029 230
791 806 95
792 2 93
792 20 173
792 6 99
792 62 199
793 59 158
794 0 83
794 42 158
794 1189 155
794 989 149
795 47 73
796 42 74
796 21 104
797 833 149
797 60 99
798 27 98
798 787 129
799 25 129
799 5 74
800 34 148
800 322 95
800 38 73
800 29 199
801 14 123
803 56 83
803 697 226
804 59 93
806 1015 135
807 1042 99
807 61 174
808 896 109
808 1009 104
808 19 229
808 55 133
809 1187 105
809 60 143
809 1079 135
812 25 108
812 59 153
813 36 98
814 784 124
814 42 118
814 52 138
815 20 214
815 14 84
816 389 144
817 1086 200
819 1208 90
819 46 163
819 727 159
821 857 175
822 2 174
823 422 135
824 28 149
824 751 190
825 41 173
825 1010 110
826 19 209
827 963 169
828 633 154
828 3 88
828 463 159
829 17 119
829 14 163
830 424 154
830 37 133
830 669 95
830 647 110
832 56 104
832 50 189
833 34 148
834 864 110
834 36 173
834 6 199
834 38 103
834 13 119
835 420 80
835 34 244
835 4 83
835 430 169
835 39 138
836 870 235
836 38 138
838 9 123
839 602 245
840 1 119
840 46 89
842 24 93
842 1322 119
842 4 204
842 13 93
842 54 114
843 19 123
843 687 211
846 1062 99
846 55 148
847 1083 119
848 59 194
849 618 95
849 796 179
850 56 143
850 57 123
850 989 134
851 24 138
851 35 104
851 507 134
851 30 103
851 57 199
852 12 83
852 46 83
852 55 83
852 954 109
852 58 89
852 410 134
853 32 209
854 1069 159
855 416 109
855 790 169
856 45 98
857 838 165
857 6 123
857 750 275
857 596 99
857 539 109
857 60 194
858 546 179
859 1152 114
859 1217 220
859 10 103
859 3 88
860 40 93
860 21 163
861 49 89
862 24 88
862 53 219
862 38 119
863 9 74
863 11 133
863 493 119
863 905 120
864 24 103
864 58 224
864 963 79
865 546 94
865 50 113
865 53 118
866 9 128
866 1090 105
866 1322 85
866 42 119
866 1287 85
867 56 148
867 330 129
867 1180 105
870 1331 110
870 63 108
871 864 94
871 51 93
872 1202 144
872 10 264
872 1132 105
872 61 104
872 63 103
873 25 99
873 1226 99
873 1210 105
873 1167 79
874 16 93
874 773 114
874 1014 95
874 877 200
876 1108 196
877 54 103
877 358 164
880 865 79
880 885 190
882 51 89
882 1101 232
883 9 93
883 38 183
883 7 249
884 1041 104
884 2 174
884 27 129
884 15 134
885 53 83
885 14 73
885 1101 124
886 809 159
886 11 83
888 578 110
889 1161 255
889 21 164
892 585 99
892 44 114
892 373 79
892 470 180
893 22 254
894 584 195
894 27 173
894 12 128
894 509 230
896 37 183
896 47 123
897 408 129
897 17 183
897 812 139
897 6 174
897 40 113
898 14 153
900 1010 139
900 58 83
901 56 104
901 41 104
902 826 95
902 5 89
903 17 209
903 531 89
903 20 158
904 56 104
904 25 73
904 1170 170
904 55 93
905 56 93
907 1 138
907 26 123
907 44 193
907 13 103
907 36 103
910 682 199
910 21 113
910 7 73
911 63 159
912 44 224
912 29 104
912 39 83
914 34 84
915 43 73
915 47 119
916 952 210
916 34 93
916 31 163
918 1153 170
918 4 168
919 642 75
919 30 204
919 55 113
920 505 115
920 482 120
920 13 163
921 47 89
923 1304 211
923 458 160
923 357 119
926 56 119
926 32 83
926 420 99
926 22 74
929 50 148
930 930 109
930 611 189
930 1063 174
931 896 94
931 1 83
931 50 93
933 48 114
933 16 83
933 1273 100
933 1 123
936 40 159
936 1132 130
936 61 143
936 662 110
936 15 99
939 20 89
939 38 73
942 1 123
942 3 204
942 4 83
942 46 74
943 20 138
943 53 133
943 14 83
944 44 93
944 647 125
946 803 79
946 334 180
947 394 190
948 53 229
948 1294 120
949 596 204
950 57 239
950 27 83
951 2 89
951 11 89
952 8 133
952 41 289
952 10 143
952 602 119
952 509 79
953 877 195
954 24 129
954 55 128
956 785 104
956 749 225
956 422 154
958 9 103
958 27 244
958 420 79
958 1215 94
959 2 89
959 60 188
959 13 83
959 6 93
960 1342 94
960 847 89
961 33 79
961 1327 81
962 48 103
962 36 100
962 349 85
962 23 144
963 37 79
964 49 73
964 1214 85
965 46 73
966 11 88
966 900 136
966 503 99
967 54 93
968 24 103
968 25 100
968 1123 171
969 22 83
969 47 88
970 9 79
970 36 209
971 618 89
971 60 164
972 1218 165
972 939 165
972 61 164
973 36 204
973 60 144
974 482 76
974 59 115
974 44 100
974 6 79
974 46 83
976 21 154
977 24 169
977 17 93
977 62 103
978 28 93
978 39 103
981 1243 90
981 1037 79
982 993 121
982 34 88
982 13 115
983 1244 89
984 8 100
984 57 179
985 1170 185
985 674 106
985 366 175
986 63 88
987 45 93
989 919 85
991 405 165
991 5 93
992 7 103
994 48 103
994 56 93
994 28 79
994 678 121
994 32 100
995 23 88
996 12 88
996 1202 106
996 36 100
996 23 100
997 1099 91
997 51 79
998 1080 76
998 689 161
998 21 79
998 15 83
999 25 179
1000 867 102
1000 63 81
1002 52 75
1002 60 84
1002 5 84
1003 538 81
1003 28 180
1003 1334 72
1005 453 81
1005 806 176
1006 1240 101
1007 327 132
1008 57 79
1008 62 88
1009 21 154
1010 1234 90
1011 31 79
1011 647 85
1013 34 179
1013 12 164
1013 492 99
1013 397 106
1013 781 94
1013 19 73
1013 407 190
1014 52 79
1015 41 93
1016 9 79
1016 421 94
1016 63 159
1018 577 85
1018 13 83
1018 1119 106
1019 1282 75
1019 45 100
1022 41 103
1022 20 88
1022 453 76
1022 38 79
1023 793 106
1023 850 136
1023 1285 94
1023 1070 180
1024 3 93
1024 10 269
1024 762 169
1024 379 154
1024 21 219
1025 57 143
1025 34 209
1025 14 158
1026 1 154
1026 58 163
1026 369 80
1026 22 74
1026 57 129
1027 28 133
1029 25 138
1029 2 174
1029 1037 79
1029 23 158
1030 729 144
1030 2 224
1030 650 251
1030 39 98
1031 945 124
1031 756 245
1031 37 259
1034 56 183
1034 1 83
1034 19 118
1034 1111 105
1036 57 98
1036 38 89
1036 910 79
1037 624 99
1037 1202 160
1037 3 73
1037 36 89
1039 18 163
1039 543 174
1041 933 144
1041 22 224
1042 24 119
1042 41 89
1043 856 154
1043 1322 75
1044 512 105
1044 61 254
1045 41 123
1045 2 133
1045 1012 105
1048 1280 85
1048 48 103
1048 454 109
1048 14 183
1048 16 138
1048 55 144
1048 26 103
1048 829 89
1049 61 113
1050 33 138
1050 862 119
1050 7 93
1052 42 83
1052 7 163
1052 870 119
1052 1023 104
1053 13 214
1054 0 104
1054 34 199
1054 44 98
1054 367 110
1058 24 169
1058 10 98
1062 623 89
1062 960 129
1062 51 143
1062 678 114
1062 31 114
1063 42 73
1063 36 83
1063 29 129
1064 710 140
1064 39 113
1064 462 150
1064 23 269
1064 56 93
1064 61 108
1065 35 123
1065 964 120
1066 1185 214
1067 1284 135
1068 808 119
1068 3 74
1069 22 214
1069 29 133
1069 54 133
1069 1119 155
1070 58 104
1070 1234 174
1071 63 153
1071 1171 154
1071 1134 115
1071 47 209
1074 43 119
1074 916 134
1075 1200 230
1075 487 125
1076 852 89
1077 33 239
1077 25 103
1078 813 154
1079 1331 75
1079 43 93
1081 35 74
1081 453 95
1081 614 110
1081 18 89
1081 21 138
1081 31 83
1082 1298 95
1082 1076 99
1082 13 103
1082 22 93
1082 567 195
1083 1080 89
1083 51 113
1083 415 255
1084 49 114
1084 28 138
1084 974 120
1084 54 153
1084 359 89
1085 956 129
1086 1 163
1086 36 104
1089 722 180
1089 459 106
1089 1166 89
1090 529 101
1090 1165 104
1090 537 85
1092 1276 90
1092 828 104
1093 842 85
1093 1083 155
1093 614 94
1093 39 93
1095 45 88
1096 794 205
1096 1300 91
1099 42 70
1099 4 184
1099 981 94
1099 598 99
1100 982 94
1100 38 113
1100 535 131
1102 672 176
1102 57 79
1102 362 119
1102 29 103
1103 42 100
1103 931 101
1103 781 131
1104 1200 131
1104 18 100
1104 938 109
1104 29 93
1105 33 179
1105 54 73
1105 39 79
1108 34 194
1108 4 115
1108 42 89
1108 43 93
1108 1132 86
1108 1252 89
1110 41 79
1110 34 179
1111 11 93
1111 954 99
1111 51 79
1111 44 85
1111 2 159
1112 457 165
1112 1067 95
1112 430 79
1113 546 160
1113 682 104
1113 45 98
1113 57 110
1113 349 150
1113 62 88
1114 16 169
1114 18 85
1114 380 94
1114 58 83
1114 23 115
1116 49 73
1116 482 85
1116 14 100
1116 31 159
1117 42 209
1117 28 194
1119 1125 221
1119 15 100
1121 454 99
1122 2 169
1122 452 91
1123 8 88
1123 4 95
1124 4 85
1125 801 131
1126 1257 85
1126 51 89
1126 885 94
1127 578 205
1129 13 175
1129 61 75
1130 24 79
1130 33 85
1130 418 181
1130 30 99
1131 21 126
1132 42 135
1132 1070 90
1132 37 79
1132 54 76
1133 1208 82
1133 1105 90
1133 21 69
1134 34 185
1134 28 106
1136 8 79
1136 846 85
1137 1243 99
1137 28 149
1138 45 100
1138 357 85
1139 16 85
1139 3 79
1139 63 85
1140 1283 91
1140 60 98
1140 61 115
1140 54 164
1141 467 85
1142 55 79
1144 0 79
1144 27 98
1144 627 85
1144 6 73
1144 1305 176
1145 29 144
1145 30 85
1146 18 79
1148 11 189
1148 54 79
1153 986 180
1155 57 84
1155 6 84
1156 1202 120
1156 3 129
1156 365 129
1156 893 129
1156 15 178
1157 650 75
1157 21 93
1157 526 180
1158 976 104
1158 25 118
1159 8 93
1159 44 133
1159 998 109
1159 14 118
1160 32 104
1160 774 215
1161 2 118
1161 5 143
1161 17 83
1161 600 109
1161 26 239
1161 59 134
1162 821 99
1162 822 174
1163 688 75
1163 41 103
1165 34 118
1165 1331 271
1165 23 113
1166 477 204
1166 1093 179
1167 5 89
1167 38 244
1167 972 99
1167 880 144
1167 882 95
1167 27 104
1167 989 94
1169 49 148
1169 826 169
1170 1083 164
1170 28 129
1170 37 143
1170 54 93
1170 15 74
1171 521 285
1171 654 216
1172 780 215
1172 13 144
1172 14 163
1172 31 74
1172 28 113
1172 959 154
1173 1 98
1174 1074 179
1174 883 104
1174 10 183
1175 11 113
1175 30 194
1176 1 84
1176 44 134
1176 425 119
1177 448 200
1177 51 239
1177 1302 95
1178 405 135
1178 53 73
1180 42 118
1180 636 210
1183 33 118
1184 1090 95
1184 36 83
1184 823 79
1185 8 103
1185 19 103
1185 45 148
1186 456 109
1186 43 93
1186 493 100
1187 362 124
1189 398 139
1191 1 104
1191 602 79
1191 502 140
1192 6 239
1193 1108 226
1193 63 89
1194 60 249
1194 764 139
1194 52 189
1195 2 104
1195 6 173
1198 39 83
1199 857 154
1199 1092 189
1199 29 74
1199 9 159
1202 1148 154
1202 330 195
1202 28 163
1203 1079 134
1203 679 211
1204 18 183
1204 37 164
1204 46 113
1204 645 125
1207 710 135
1208 13 74
1208 30 163
1209 2 129
1209 26 158
1209 642 155
1209 46 143
1210 764 99
1210 6 229
1212 352 119
1212 42 189
1214 24 148
1214 28 93
1214 20 89
1214 61 123
1214 1151 95
1216 34 74
1216 668 155
1216 14 184
1216 815 154
1217 592 110
1217 842 129
1217 1174 95
1218 26 229
1219 49 138
1219 1219 89
1219 9 73
1219 35 99
1219 631 79
1220 60 178
1220 50 143
1220 28 173
1220 902 195
1220 7 73
1221 817 105
1226 56 149
1226 781 124
1227 19 158
1228 795 79
1228 23 169
1229 368 119
1229 681 139
1229 800 164
1232 63 73
1232 5 123
1232 31 108
1234 38 173
1234 6 164
1234 8 118
1234 55 73
1234 860 215
1234 1247 164
1235 62 103
1235 1086 164
1235 431 104
1236 48 249
1236 1195 135
1236 31 103
1237 344 125
1237 1145 125
1238 942 270
1239 904 310
1239 61 209
1240 1336 164
1240 59 133
1240 620 95
1241 539 80
1241 599 105
1242 459 125
1242 1037 129
1242 13 173
1243 56 89
1243 24 103
1243 10 148
1243 452 110
1243 55 93
1244 526 99
1245 24 99
1245 51 74
1245 853 144
1245 6 148
1246 513 225
1247 3 89
1247 60 169
1247 1327 110
1249 42 103
1249 1052 99
1249 58 83
1249 7 149
1250 896 255
1250 59 103
1252 32 108
1252 577 114
1252 709 154
1252 9 103
1252 1101 71
1252 48 229
1252 1239 99
1252 60 149
1253 1024 230
1253 34 103
1253 43 88
1253 45 138
1253 855 119
1255 1034 230
1255 646 110
1256 1323 139
1257 601 149
1257 1062 89
1259 692 75
1261 27 198
1261 14 148
1261 1030 189
1262 34 89
1265 1123 105
1265 14 114
1269 1173 109
1269 461 89
1271 34 73
1271 611 169
1271 773 89
1271 22 99
1271 39 84
1272 19 98
1272 28 123
1273 1162 250
1274 17 164
1274 43 239
1274 724 215
1274 414 95
1275 56 104
1275 33 89
1275 1090 110
1275 51 104
1276 1081 149
1277 36 133
1277 1212 80
1277 5 153
1277 785 144
1278 1034 110
1278 62 83
1278 1342 85
1279 26 114
1279 19 163
1280 24 209
1280 1114 155
1280 19 83
1281 333 99
1282 32 103
1282 25 129
1282 5 129
1282 446 109
1283 4 153
1284 928 89
1284 34 134
1284 7 133
1284 553 124
1284 57 113
1284 31 73
1285 33 129
1285 962 205
1285 11 119
1285 1126 176
1286 0 148
1286 409 89
1286 26 114
1286 16 104
1287 40 158
1287 1241 160
1287 61 254
1288 1326 139
1288 54 173
1289 425 109
1290 504 89
1290 1010 125
1290 20 144
1293 928 95
1293 6 83
1294 55 119
1294 1015 105
1294 39 103
1295 45 189
1295 870 104
1295 589 134
1296 0 103
1296 481 159
1296 47 138
1297 1306 95
1297 52 104
1297 758 110
1298 48 89
1298 39 73
1298 7 239
1299 1104 75
1299 475 99
1299 52 123
1299 62 114
1300 18 239
1300 19 93
1301 25 98
1301 827 260
1301 1013 295
1302 10 219
1302 30 118
1302 423 169
1304 1057 129
1304 1166 180
1305 1099 101
1305 972 79
1306 46 158
1309 16 113
1309 785 210
1309 50 113
1309 1043 144
1309 54 254
1310 568 109
1311 615 104
1311 17 133
1311 18 113
1311 22 188
1311 58 103
1311 1245 130
1312 817 159
1312 6 174
1313 1176 114
1314 50 93
1319 0 93
1319 52 174
1319 591 179
1322 21 129
1323 5 104
1323 22 89
1323 23 144
1324 36 93
1324 21 98
1326 1137 105
1326 43 83
1327 40 269
1327 763 195
1328 27 128
1328 1100 104
1328 438 80
1330 62 153
1330 373 89
1330 422 109
1330 53 249
1331 17 143
1332 62 224
1332 31 104
1333 1192 134
1333 652 119
1333 341 159
1333 1198 190
1334 0 93
1336 25 83
1336 562 94
1336 620 159
1336 61 119
1336 783 169
1337 1122 165
1337 15 209
1340 859 125
1340 725 139
1340 1141 154
1342 56 74
1342 40 164
1342 371 199
1343 492 90
1343 53 153
