384 97 123
127 120 125
344 255 125
346 165 137
383 357 121
385 355 135
82 465 123
82 150 127
84 103 123
89 3 127
123 402 123
145 290 135
145 126 131
147 86 137
149 402 137
165 165 125
171 3 121
178 1 125
178 146 129
181 449 137
205 3 119
208 126 133
223 338 133
225 204 125
229 405 123
242 1 123
242 437 123
243 3 123
243 1 121
246 338 123
247 163 125
248 410 123
342 9 119
343 161 123
347 20 123
355 1 123
373 332 119
376 3 133
377 1 133
380 451 123
384 14 119
386 459 123
386 20 123
390 6 125
391 9 129
414 261 123
435 167 125
436 405 135
437 1 133
440 258 127
440 355 123
440 3 133
444 3 131
447 1 123
448 340 137
449 436 123
463 444 119
465 1 125
82 186 125
87 0 127
87 6 117
89 2 119
91 0 135
91 12 135
91 343 131
91 25 121
94 265 123
96 35 133
101 27 121
104 171 127
109 1 121
109 102 123
111 225 119
111 164 125
117 473 127
126 6 133
145 8 129
146 33 123
150 472 125
151 371 125
156 1 127
156 255 119
165 343 127
167 36 135
170 14 121
173 472 121
176 14 123
179 266 133
180 14 121
180 199 125
183 131 133
186 448 121
187 107 129
198 178 121
203 0 137
204 384 125
204 17 117
206 33 131
206 8 133
207 478 135
208 484 117
210 17 121
213 409 123
219 173 137
226 140 117
227 33 131
228 383 125
228 38 121
229 20 119
230 0 121
231 348 125
238 109 121
242 277 127
244 241 123
245 20 135
248 32 121
248 36 117
255 238 121
256 156 135
258 328 125
259 387 117
260 25 121
261 473 121
264 411 123
272 87 121
273 229 121
273 255 121
279 283 133
282 412 119
291 102 127
302 167 123
303 409 121
303 407 119
308 89 121
308 178 127
308 105 131
319 332 127
321 110 123
332 253 125
335 412 127
340 165 127
343 37 117
354 20 121
355 14 121
356 14 121
357 137 121
361 38 131
369 169 123
377 14 117
380 32 121
386 18 121
386 24 121
395 414 127
398 242 131
407 338 127
409 108 121
413 155 117
415 9 121
423 150 127
431 226 125
435 14 127
436 8 121
438 342 127
439 453 125
443 9 131
446 274 131
460 3 121
463 16 123
463 27 121
470 32 125
471 364 121
473 1 121
82 19 115
87 24 119
94 37 135
95 11 119
103 159 127
104 2 121
104 36 123
111 14 125
119 5 115
121 11 117
122 19 121
124 11 123
141 8 129
155 387 119
159 25 121
163 40 121
163 10 119
167 31 133
169 37 119
182 8 121
186 2 115
191 160 123
194 20 123
198 38 119
199 4 115
200 485 121
200 8 135
200 472 123
204 7 115
207 7 119
209 7 121
209 5 119
215 215 119
225 28 119
231 39 119
234 27 119
236 38 117
236 20 119
241 17 129
244 31 119
246 19 115
247 28 121
248 19 123
260 7 131
260 30 115
261 28 119
264 9 123
265 12 123
271 36 115
273 483 119
275 350 125
278 193 123
279 382 119
280 367 119
282 6 121
282 38 121
283 8 117
284 6 135
284 20 119
289 238 121
292 415 115
295 412 123
301 256 133
301 168 121
302 9 115
309 399 121
309 16 123
310 350 127
310 6 115
312 25 119
312 12 121
313 33 123
333 2 121
333 281 119
335 156 123
335 17 131
336 152 119
337 36 125
341 392 119
341 2 131
363 33 115
374 296 119
380 15 119
391 319 123
399 36 115
399 454 129
407 263 123
410 382 139
411 36 115
421 24 125
425 2 129
427 9 125
429 32 129
432 11 119
434 24 119
435 297 121
440 10 119
443 37 123
445 5 119
450 15 119
451 19 117
454 183 119
459 27 123
462 31 129
468 5 115
472 392 121
473 213 123
473 183 123
474 27 125
477 33 119
481 385 135
481 20 133
483 9 129
484 395 119
485 25 119
486 219 121
486 27 119
487 35 123
487 25 119
488 38 119
96 316 113
101 310 127
105 13 133
107 7 119
108 19 115
110 15 119
120 306 121
126 312 125
149 308 113
152 19 125
152 7 129
159 13 131
159 31 127
160 18 127
161 39 119
177 431 119
186 40 127
194 26 121
195 13 117
195 18 127
200 5 115
206 321 123
209 29 125
215 5 127
218 10 113
232 15 127
234 378 123
235 7 123
236 376 113
243 29 117
266 39 119
269 15 121
272 10 117
275 30 127
278 10 127
283 18 117
287 24 125
296 199 121
300 38 117
303 7 119
306 18 115
309 40 127
314 293 121
314 13 117
323 14 113
325 214 115
326 270 121
328 385 137
329 4 113
332 26 115
332 30 133
337 7 123
347 34 113
359 29 127
362 37 117
366 19 127
366 13 113
371 292 121
381 321 131
403 39 117
403 297 125
405 24 121
406 10 123
411 7 119
413 309 113
422 37 127
422 39 121
471 428 121
475 37 113
478 26 127
85 115 71
199 423 119
205 34 125
231 23 121
233 305 125
239 29 115
251 23 113
280 21 115
287 21 115
295 37 115
301 37 111
321 29 115
322 31 131
328 10 115
329 11 123
363 423 121
376 34 119
398 431 123
447 23 111
450 23 121
456 429 117
459 427 123
471 23 115
82 334 79
88 3 79
89 94 79
94 151 81
101 207 73
102 22 111
115 207 69
117 336 79
122 122 81
126 359 71
129 447 69
162 123 69
164 440 69
166 167 73
168 209 71
170 3 69
170 84 69
171 245 79
179 118 93
180 290 71
194 34 113
264 34 113
287 22 123
295 310 117
300 29 117
342 229 79
344 165 81
351 3 89
386 291 69
390 110 89
391 408 89
395 34 119
403 23 113
409 96 81
443 121 83
457 23 113
488 22 109
82 451 77
84 82 98
85 275 69
86 284 87
88 1 79
88 33 67
88 176 78
93 33 71
94 32 67
95 166 82
95 281 67
96 27 69
97 382 86
97 438 77
101 16 67
104 410 67
107 402 69
114 32 81
114 2 67
116 347 67
117 36 67
117 94 78
119 364 71
119 332 77
119 121 76
120 179 79
120 14 69
121 2 81
121 263 67
122 2 77
124 329 77
125 181 84
125 217 69
131 2 67
146 102 77
150 229 79
150 394 69
151 344 69
164 325 67
165 438 87
167 390 92
167 264 79
167 86 88
168 2 67
169 8 67
169 205 77
171 32 79
171 163 91
171 25 67
173 383 71
178 173 79
178 27 69
179 132 69
179 9 69
201 114 67
205 1 77
207 224 87
208 341 71
209 107 67
209 108 67
210 1 77
224 402 87
225 208 71
225 447 87
226 168 67
226 340 77
227 3 81
244 102 71
245 291 67
246 87 69
247 1 77
250 88 81
251 289 81
252 412 77
253 1 67
255 162 87
260 209 81
260 89 83
274 115 77
291 176 77
293 22 109
325 120 69
334 119 83
335 108 67
335 127 77
343 394 87
344 32 77
345 384 77
345 16 77
345 279 67
346 16 67
346 125 86
348 36 77
348 16 77
350 329 67
353 202 77
355 410 69
359 123 71
374 258 67
376 261 67
379 176 77
380 87 77
380 412 77
382 25 77
383 32 77
383 129 76
385 166 92
386 14 77
387 385 96
390 478 77
403 1 67
403 353 69
405 3 71
410 437 67
412 420 77
412 468 71
414 259 81
415 227 71
421 261 67
421 412 77
434 1 89
434 449 81
435 86 73
438 355 87
439 470 67
439 410 71
440 169 83
446 247 91
447 211 77
448 290 77
449 462 89
465 448 71
465 164 71
465 177 79
468 289 77
468 85 71
471 3 71
471 413 71
488 119 77
82 1 74
82 4 75
83 108 82
85 24 67
86 356 80
86 232 75
86 276 87
87 26 82
88 36 79
88 5 75
93 8 87
94 326 77
94 40 67
95 372 69
96 379 70
97 276 75
101 453 77
101 12 79
102 3 81
102 459 75
103 122 77
103 91 74
104 1 89
104 407 81
109 103 75
114 33 77
114 324 87
114 420 76
115 0 78
115 31 65
116 0 77
116 35 77
116 17 89
116 247 88
117 325 77
117 13 65
118 8 80
118 383 83
119 33 91
119 406 92
119 152 80
121 26 74
122 4 86
122 27 79
122 382 79
123 489 87
124 17 77
124 183 89
125 5 67
126 226 70
126 3 74
127 334 80
129 8 76
136 210 79
138 254 75
145 20 75
145 26 90
146 40 67
146 287 82
147 35 75
149 109 84
151 357 90
151 31 67
155 140 67
156 38 65
159 36 65
160 347 74
160 181 86
160 367 67
161 170 74
162 221 75
163 37 65
163 351 83
164 16 79
164 2 85
164 368 77
165 223 80
166 183 79
166 472 89
166 445 74
167 362 75
169 412 84
170 0 86
170 36 79
170 6 77
170 16 87
171 108 74
173 3 82
173 102 72
173 468 80
173 443 74
176 32 75
176 323 79
176 5 77
176 9 92
176 13 75
177 103 70
177 10 67
177 212 79
177 27 75
178 19 75
180 2 77
180 30 71
181 10 77
181 205 80
183 357 65
183 434 87
195 258 69
196 410 69
197 413 65
198 355 75
199 435 77
204 14 75
205 460 79
206 25 75
207 9 77
207 14 65
208 386 75
208 198 69
210 395 65
210 187 75
211 274 75
213 104 79
214 408 79
215 438 75
215 286 75
216 404 79
217 111 69
218 287 69
221 450 65
221 254 75
222 2 65
222 35 69
222 190 79
226 123 80
229 32 65
230 20 75
231 36 77
232 403 79
232 409 75
233 261 75
234 162 77
239 451 79
240 3 79
241 338 65
242 32 75
242 343 75
244 216 77
245 200 79
245 117 90
245 217 75
247 0 75
248 241 69
248 4 71
250 145 74
251 25 85
253 265 75
253 20 79
253 184 69
254 152 77
258 9 75
258 36 75
259 474 69
260 181 94
260 351 74
261 35 75
261 392 75
261 387 84
264 448 69
269 412 85
273 174 67
273 402 77
274 209 69
274 445 69
276 208 75
280 86 65
282 83 74
284 150 90
284 127 81
286 453 65
287 35 75
287 344 65
287 338 77
302 418 79
303 3 75
305 82 65
311 149 69
316 181 81
322 1 69
325 1 65
329 251 75
330 125 77
332 2 77
332 114 78
332 383 80
334 0 65
334 487 75
334 17 67
334 147 88
335 38 75
335 415 85
341 179 77
342 0 80
342 40 75
342 18 65
342 26 74
345 15 75
345 413 80
347 353 74
347 37 65
347 13 75
347 28 65
348 3 70
348 37 67
348 8 80
351 286 74
353 217 85
355 117 74
356 33 69
356 2 75
356 116 84
357 32 65
357 453 75
357 265 79
359 93 80
362 434 65
364 411 65
365 84 67
367 437 89
369 340 75
379 8 65
380 212 65
381 383 79
382 354 84
382 379 74
382 15 75
383 5 65
383 11 65
383 244 76
384 39 75
384 341 84
385 4 90
387 4 74
387 5 67
387 6 84
387 18 65
387 410 74
387 443 84
389 4 84
396 222 65
403 82 77
404 231 87
404 116 76
404 89 78
405 173 80
405 186 65
406 145 70
406 33 77
406 103 91
407 385 74
408 25 65
409 197 65
411 33 67
413 6 71
415 33 75
418 8 75
420 342 79
420 27 69
421 0 81
423 1 75
425 111 65
426 337 87
427 168 81
432 2 69
433 193 75
433 27 75
434 9 71
434 343 79
436 38 69
436 16 85
436 20 85
437 36 87
438 36 89
438 25 69
439 4 77
439 17 75
443 363 77
444 138 79
445 4 71
445 9 75
445 25 65
448 12 77
451 86 78
455 407 69
456 104 75
457 178 65
458 210 77
462 265 79
462 179 78
463 363 75
463 14 65
465 129 86
465 8 81
465 9 81
465 263 75
465 364 75
467 484 69
467 362 79
468 12 79
468 2 75
470 186 75
471 184 69
472 260 69
472 359 69
473 290 65
475 122 77
477 421 77
483 256 79
484 178 71
485 438 75
485 287 65
83 14 72
84 314 74
84 14 90
85 29 63
86 456 80
86 16 78
86 29 69
87 18 77
89 38 72
89 456 72
91 7 73
91 21 65
93 392 86
94 7 72
95 39 73
95 306 67
97 324 80
101 40 79
102 111 72
102 378 63
105 17 73
109 10 65
109 410 86
110 223 78
114 233 82
115 7 72
118 21 65
119 14 76
121 24 73
121 27 78
123 33 92
124 29 74
125 35 74
125 475 90
127 7 68
129 17 82
129 7 74
132 8 79
132 16 73
136 35 63
137 12 75
137 174 82
138 363 77
138 36 63
141 489 73
141 473 67
145 5 77
146 309 79
149 368 78
149 233 82
150 11 83
150 15 87
151 25 84
151 29 67
152 284 68
155 18 63
156 31 65
156 6 80
159 454 73
159 211 72
159 438 78
161 247 84
163 459 94
163 371 78
163 20 90
164 35 82
164 5 77
166 11 77
166 29 68
166 276 72
168 24 73
169 16 84
169 26 87
169 31 85
170 33 72
170 35 68
173 484 74
173 31 77
177 33 78
177 18 73
178 20 82
179 268 70
182 33 67
182 20 63
184 132 73
186 36 67
186 179 76
186 25 77
187 488 63
187 384 77
188 170 84
188 16 77
188 472 67
190 36 73
191 392 63
193 368 67
193 4 67
194 266 67
195 35 73
195 6 73
196 168 82
196 275 77
196 179 86
198 348 78
198 382 92
199 33 67
199 472 77
200 36 67
200 9 83
201 390 67
201 275 75
202 335 78
204 256 92
205 19 73
206 448 82
207 290 72
207 40 65
207 11 67
208 4 68
209 229 82
210 6 88
210 253 74
211 11 77
211 243 82
211 244 72
211 408 82
212 25 77
213 264 77
214 2 73
214 9 75
215 25 77
215 219 77
217 161 69
218 391 82
218 398 73
219 2 75
219 14 67
219 12 67
221 232 63
224 9 88
225 37 63
225 6 76
225 39 77
225 7 65
226 4 72
226 19 63
226 405 76
227 37 77
231 3 68
231 37 63
231 18 73
231 24 67
233 348 77
235 35 63
236 8 75
236 348 78
238 326 67
240 232 67
241 20 73
241 343 72
242 438 78
243 26 79
244 418 72
244 290 72
246 8 82
247 261 82
248 10 67
250 0 92
250 13 63
250 444 82
251 354 82
252 26 84
252 31 67
253 222 78
254 292 73
254 336 72
254 378 81
255 224 86
256 110 82
259 447 68
260 8 72
260 10 67
261 11 87
261 403 78
262 14 63
263 32 67
263 350 76
265 38 77
266 32 63
266 2 83
268 178 82
270 32 77
270 36 67
270 371 73
270 27 83
271 9 87
271 124 72
272 453 77
273 475 63
275 16 73
276 363 77
278 145 82
279 16 77
279 25 73
280 122 72
282 204 68
283 38 75
283 446 76
284 1 80
284 402 78
291 17 75
291 4 72
291 159 76
294 150 63
295 246 73
306 6 69
309 12 77
310 125 82
313 0 63
313 389 82
314 343 67
315 213 67
315 25 67
316 8 73
318 167 82
321 369 75
323 198 65
324 35 67
324 88 73
324 217 63
328 432 85
328 383 84
330 8 69
333 33 83
333 437 78
334 160 92
336 4 80
336 335 82
336 239 83
337 40 63
337 332 72
337 373 84
343 16 72
343 212 78
345 429 83
345 14 72
345 305 83
345 316 72
348 369 88
350 14 82
351 2 82
353 337 80
354 11 77
356 381 78
357 355 70
357 11 63
359 468 82
364 274 67
366 396 63
368 395 73
369 35 63
369 12 65
372 15 83
376 10 63
376 11 63
378 202 82
378 19 73
379 294 73
382 32 78
383 35 82
384 366 82
385 366 82
387 2 68
389 36 78
392 85 82
394 89 82
394 386 82
395 347 76
396 271 73
398 9 75
398 20 73
399 217 77
400 195 87
402 7 65
403 13 63
404 40 63
404 206 80
404 412 96
405 17 73
405 26 72
407 37 73
409 382 91
411 475 79
411 156 78
412 378 82
414 7 85
418 361 74
420 18 77
420 30 78
421 260 82
422 12 75
422 173 82
423 392 77
423 12 73
423 14 73
425 36 75
425 14 67
425 272 77
427 2 63
427 400 73
427 17 67
427 85 86
428 488 67
428 25 73
429 184 83
429 94 76
430 35 77
430 132 77
430 14 73
430 178 78
431 484 75
434 332 72
435 1 86
435 40 63
435 432 72
438 13 75
439 19 67
439 404 82
443 10 73
443 463 78
443 15 85
444 37 77
445 19 67
446 4 72
446 5 73
446 26 75
447 15 67
447 26 71
450 287 72
451 9 78
451 10 67
451 13 67
451 247 76
451 30 82
454 4 63
454 489 75
454 20 77
455 2 67
457 2 73
457 328 63
458 14 85
459 129 82
460 9 67
462 7 83
462 40 63
472 101 86
472 9 69
472 241 77
473 9 63
473 17 73
477 138 67
479 17 77
479 36 77
479 33 73
481 0 75
481 2 85
482 9 77
483 32 87
483 38 63
483 8 83
483 241 67
485 487 77
485 343 71
486 131 72
486 363 83
487 33 85
487 9 69
487 94 86
489 162 78
82 11 70
82 28 78
84 18 82
87 11 78
87 22 78
88 11 76
89 319 87
94 24 82
101 186 82
102 5 81
102 27 76
103 25 70
103 479 82
105 39 77
108 18 81
110 7 70
111 35 80
111 33 68
111 29 80
114 34 78
115 15 70
115 23 70
116 13 72
118 34 84
120 18 76
123 40 88
124 422 73
125 28 82
126 15 68
127 19 76
129 24 70
136 336 74
136 37 65
137 334 84
140 0 80
140 3 80
141 1 70
141 30 65
145 295 88
150 22 78
151 28 80
160 422 61
161 36 72
162 13 82
162 37 76
164 34 65
167 28 70
168 22 72
168 31 78
169 22 78
171 19 76
174 21 73
178 23 82
181 19 72
183 341 80
183 5 71
184 24 73
184 229 80
184 334 84
184 159 90
187 26 66
188 18 65
188 28 65
190 39 65
191 30 76
193 379 70
193 206 92
195 24 65
195 26 74
197 30 65
198 470 80
199 3 82
200 449 90
201 15 85
201 208 66
203 38 90
204 16 70
205 14 90
205 21 65
205 25 70
205 315 65
206 12 66
206 271 78
213 224 84
213 105 86
213 24 81
215 1 82
215 210 94
216 418 80
216 4 76
216 10 81
217 206 82
218 8 84
218 9 74
218 206 76
218 408 80
219 6 74
221 7 65
223 17 66
224 12 80
225 32 90
225 395 86
225 365 82
225 14 84
226 16 70
226 36 70
227 484 90
227 431 73
227 35 70
227 485 70
228 213 66
229 12 70
229 14 70
229 431 69
230 236 76
230 477 80
232 30 80
233 9 74
235 24 75
238 13 61
241 0 90
241 250 80
242 197 80
242 198 84
242 394 70
242 315 80
243 33 70
245 423 80
246 12 94
247 35 80
247 311 70
251 2 66
252 303 73
252 21 65
253 280 76
254 32 80
254 2 70
254 266 70
254 25 84
254 29 80
255 16 66
259 29 61
261 29 75
263 19 75
263 300 71
264 0 86
264 24 75
265 206 84
266 152 80
266 231 66
268 39 61
268 13 65
269 3 74
270 283 74
271 37 71
271 39 61
273 3 74
273 9 74
274 287 94
276 355 76
276 5 61
277 8 82
277 4 80
280 332 94
281 301 81
282 316 78
283 265 80
283 430 86
286 16 94
286 33 88
287 14 80
290 17 70
292 217 75
292 167 74
294 36 61
294 6 61
294 265 73
294 213 75
296 474 75
297 33 61
297 114 76
297 36 65
300 2 65
302 13 75
305 355 80
305 40 71
305 18 73
308 209 80
309 1 84
310 102 70
311 19 71
311 28 73
313 9 70
313 336 74
313 24 71
314 376 75
315 0 90
315 209 70
315 254 94
316 4 70
316 13 61
318 8 84
318 223 80
319 31 75
322 2 71
322 228 70
322 233 83
322 25 75
324 105 80
324 15 61
324 19 61
325 277 71
325 28 63
326 411 94
328 32 71
328 228 80
328 26 61
329 290 82
331 9 80
331 1 80
332 305 70
332 20 80
333 40 85
333 214 70
333 25 70
334 31 71
335 26 73
336 10 75
336 216 90
337 240 70
338 316 65
342 301 66
342 22 65
345 34 63
348 23 70
353 17 80
359 27 78
363 1 78
363 30 65
364 19 71
366 297 61
366 10 71
367 374 61
368 445 80
369 19 61
369 381 75
371 18 71
371 28 81
372 305 76
372 331 80
373 20 80
378 428 86
380 398 70
383 23 80
384 40 90
386 34 66
387 40 80
389 5 80
391 23 65
392 410 80
395 209 66
396 6 82
399 405 80
400 31 65
402 26 71
402 371 80
402 37 73
402 303 63
403 33 70
404 36 86
404 371 80
407 36 78
407 14 82
407 213 70
408 200 80
409 36 88
409 12 76
410 137 68
411 27 72
411 29 70
412 14 80
412 21 65
412 36 70
414 38 74
414 456 70
414 330 70
418 314 70
420 33 84
421 20 84
421 36 76
422 340 70
423 15 73
425 10 85
425 28 75
426 18 81
426 26 70
426 203 80
427 6 84
428 4 84
429 11 61
429 13 71
430 11 75
430 30 79
431 3 74
431 24 71
434 21 61
436 25 84
437 482 80
438 17 70
438 29 65
439 325 70
444 321 69
444 429 65
446 262 70
446 312 81
451 197 76
454 37 65
454 39 65
454 203 84
454 300 61
457 18 61
458 208 70
459 7 77
460 4 74
460 110 76
460 248 80
462 213 82
463 38 84
465 400 80
470 456 80
474 286 76
475 0 74
477 13 85
479 449 84
482 11 61
483 13 61
483 26 80
484 1 70
486 231 84
488 9 80
488 467 70
489 8 92
489 231 74
85 10 78
104 310 69
109 19 78
110 34 69
111 301 90
123 21 76
127 21 76
132 321 74
132 14 78
140 16 82
141 428 72
141 17 74
161 31 76
167 23 71
186 312 73
188 32 82
188 303 78
188 27 74
190 234 90
193 27 68
194 136 72
197 7 78
197 392 88
197 217 78
199 233 72
199 455 68
200 2 78
200 324 74
201 395 80
203 40 68
203 19 72
204 18 64
204 19 68
205 37 68
205 18 78
207 37 92
208 37 74
210 37 68
210 11 78
211 22 64
212 36 82
214 280 68
214 314 78
215 20 90
216 422 73
218 218 78
222 19 68
222 39 78
224 23 73
227 34 71
228 39 74
230 24 78
231 13 78
232 21 73
232 27 80
233 7 68
234 212 64
235 431 74
236 7 68
238 27 80
239 17 82
240 29 74
240 215 88
241 16 64
243 39 72
243 22 82
243 23 59
246 5 68
246 23 63
248 13 80
250 23 73
251 22 74
252 39 78
252 22 68
254 22 90
259 37 72
259 31 78
264 36 78
264 331 78
264 17 78
265 33 82
265 485 78
265 17 90
266 486 74
268 198 92
268 366 82
269 328 78
269 271 78
269 319 73
270 396 78
272 318 78
278 36 78
280 14 88
280 475 80
281 395 82
281 21 73
282 24 68
286 19 74
286 21 69
293 414 78
294 18 63
294 406 68
295 7 69
296 37 63
300 40 73
300 39 63
305 219 78
306 400 78
306 33 82
309 195 78
309 233 88
309 483 78
310 12 68
311 371 88
312 32 82
313 17 72
314 16 78
314 25 78
315 38 68
316 398 72
318 428 78
319 38 68
319 423 78
319 425 80
319 271 68
319 16 92
323 17 74
323 25 86
325 427 69
329 25 80
330 24 85
331 33 68
333 18 64
336 11 64
341 23 70
354 22 69
359 22 78
361 22 78
362 309 61
364 32 78
364 38 82
364 199 64
364 200 68
367 32 68
367 20 88
371 194 82
371 263 74
373 34 79
373 37 68
376 23 59
378 37 70
378 11 74
379 31 78
380 22 74
381 11 74
381 39 70
385 188 82
395 363 78
396 7 70
398 322 68
398 456 82
399 422 78
399 29 59
405 22 78
406 24 66
409 21 75
410 11 74
410 29 71
418 10 76
418 22 63
420 15 82
422 371 88
425 25 78
427 35 78
427 483 72
427 21 73
428 271 74
429 14 78
429 141 72
430 198 82
431 21 73
432 34 63
432 22 74
433 23 68
437 37 72
439 37 72
440 292 78
440 18 64
444 15 78
445 39 72
447 11 82
450 24 74
453 17 82
453 427 78
455 305 82
455 20 82
457 33 88
457 36 64
457 281 78
459 29 82
460 32 82
463 13 88
465 34 63
465 37 72
467 18 68
467 31 72
468 34 68
472 271 64
472 25 78
473 12 68
474 29 69
477 29 59
482 38 72
483 234 72
485 279 92
485 29 72
486 194 68
486 430 59
489 25 80
86 10 72
89 10 82
136 39 66
137 40 62
137 23 65
138 13 76
168 5 78
183 37 76
183 24 66
195 34 86
195 15 80
196 28 80
197 294 62
198 22 86
198 23 78
201 24 70
213 23 80
214 22 72
216 23 65
218 39 76
228 21 76
232 34 66
232 37 66
233 19 66
234 37 78
235 11 66
236 11 76
238 34 62
239 19 66
239 11 76
240 18 66
241 19 80
256 21 76
266 11 78
268 34 67
269 39 76
271 10 76
273 37 66
275 39 78
276 34 76
278 22 71
279 37 76
279 15 76
281 24 66
284 21 74
287 34 73
292 193 86
292 12 66
294 16 86
294 20 76
301 32 80
305 34 75
305 37 66
305 10 76
305 23 71
306 39 76
307 15 80
308 15 66
314 15 76
314 22 71
319 5 70
319 11 62
319 19 66
324 18 72
325 24 78
328 13 90
329 22 90
330 37 66
332 132 72
335 21 74
353 140 86
363 39 70
367 292 76
367 23 66
369 40 62
371 15 74
378 21 72
392 22 71
392 5 66
394 18 66
400 39 80
405 21 72
415 21 76
423 19 70
425 13 90
425 23 65
426 5 80
428 34 76
429 15 76
431 28 78
431 31 70
454 18 80
455 22 76
456 40 66
472 22 61
474 297 76
475 40 80
478 31 66
479 18 76
484 37 70
484 11 90
487 15 66
108 10 68
140 21 64
191 21 78
198 21 78
261 5 82
271 21 70
289 10 68
293 23 59
296 19 74
296 39 68
297 24 74
301 23 60
314 183 72
322 21 78
398 21 68
422 21 80
439 5 76
449 5 78
451 5 78
459 186 82
484 184 60
214 5 68
474 5 74
297 10 78
301 10 78
