384 97 127
127 120 125
344 255 125
346 165 135
383 357 125
385 355 129
82 465 123
82 150 125
84 103 125
89 3 127
123 402 127
145 290 129
145 126 123
147 86 125
149 402 125
165 165 129
171 3 125
178 1 127
178 146 123
181 449 125
205 3 123
208 126 133
223 338 123
225 204 127
229 405 123
242 1 123
242 437 123
243 3 125
243 1 123
246 338 137
247 163 123
248 410 123
342 9 123
343 161 123
347 20 123
355 1 127
373 332 133
376 3 123
377 1 123
380 451 123
384 14 123
386 459 127
386 20 123
390 6 123
391 9 123
82 186 121
87 0 125
87 6 129
89 2 121
91 0 123
91 12 123
91 343 135
91 25 123
104 171 127
109 1 121
109 102 123
111 225 131
111 164 123
126 6 125
145 8 127
146 33 121
150 472 123
151 371 123
156 1 125
156 255 123
165 343 125
167 36 121
170 14 123
173 472 123
176 14 125
177 431 125
180 14 137
180 199 121
183 131 121
186 448 121
187 107 125
198 178 121
203 0 135
204 384 125
204 17 121
206 33 121
206 8 121
207 478 125
208 484 125
210 17 121
213 409 121
219 173 123
226 140 121
227 33 121
228 383 125
228 38 121
229 20 121
230 0 121
231 348 123
238 109 125
242 277 125
244 241 131
245 20 121
248 32 121
248 36 123
255 238 121
256 156 125
258 328 121
259 387 121
260 25 131
261 473 123
264 411 125
272 87 125
273 229 121
273 255 121
279 283 123
282 412 123
291 102 123
302 167 125
303 409 121
303 407 121
308 89 121
308 178 123
308 105 125
319 332 125
321 110 121
332 253 121
335 412 123
340 165 125
343 37 121
347 34 125
354 20 121
355 14 121
356 14 121
357 137 131
361 38 125
369 169 125
377 14 121
380 32 121
386 24 121
395 414 125
398 242 121
423 150 125
431 226 121
473 1 121
82 19 119
87 24 121
96 35 125
101 27 127
103 159 119
104 2 119
104 36 121
111 14 121
117 473 125
122 19 123
124 11 119
141 8 119
155 387 121
159 25 123
163 40 123
163 10 125
167 31 119
169 37 131
182 8 119
186 2 123
191 160 119
194 20 123
198 38 119
199 4 119
199 423 119
200 485 121
200 8 123
200 472 133
204 7 119
205 34 119
207 7 119
209 7 121
209 5 119
215 215 123
225 28 119
231 39 119
234 27 119
236 38 121
236 20 123
241 17 123
244 31 119
246 19 119
247 28 119
248 19 121
260 7 119
260 30 123
261 28 119
264 9 121
265 12 119
271 36 121
273 483 133
275 350 123
278 193 129
279 382 119
280 367 121
282 6 121
282 38 121
283 8 125
284 6 119
284 20 121
289 238 121
292 415 123
295 412 123
301 256 123
301 168 119
302 9 119
309 399 121
309 16 123
310 350 119
310 6 123
312 25 119
312 12 119
313 33 119
333 2 119
333 281 123
335 156 125
335 17 119
336 152 121
337 36 121
341 392 123
341 2 121
363 33 123
363 423 119
374 296 119
376 34 119
380 15 119
391 319 119
398 431 123
399 36 119
399 454 119
407 338 121
409 108 123
414 261 127
425 2 123
427 9 119
429 32 119
435 167 119
436 405 135
437 1 127
440 258 137
440 355 119
440 3 123
444 3 133
447 1 125
448 340 127
449 436 137
463 444 123
465 1 123
472 392 119
473 213 121
473 183 123
474 27 123
477 33 119
481 385 119
481 20 121
483 9 123
484 395 119
485 25 123
486 219 119
486 27 119
487 35 119
487 25 121
488 38 123
94 37 125
95 11 117
105 13 117
107 7 119
108 19 119
110 15 121
119 5 135
121 11 119
126 312 119
149 308 119
152 19 121
152 7 121
159 13 123
159 31 117
161 39 119
179 266 123
186 40 131
194 34 117
194 26 121
195 13 117
200 5 117
206 321 117
209 29 117
215 5 121
218 10 131
232 15 127
234 378 117
235 7 117
236 376 123
243 29 117
264 34 121
266 39 117
269 15 117
272 10 117
275 30 119
278 10 121
287 24 123
296 199 117
300 38 117
303 7 119
309 40 121
314 293 117
314 13 121
323 14 117
325 214 119
328 385 119
329 4 121
332 26 127
332 30 127
337 7 117
359 29 117
362 37 117
366 19 117
366 13 117
371 292 121
381 321 117
386 18 121
395 34 117
410 382 119
411 36 123
413 155 125
415 9 117
422 37 117
422 39 117
435 14 123
436 8 125
438 342 125
439 453 121
443 9 123
446 274 117
460 3 123
463 16 125
463 27 125
470 32 117
471 364 121
471 428 121
475 37 119
478 26 131
94 265 123
96 316 127
101 310 119
120 306 115
231 23 115
233 305 119
239 29 119
251 23 115
280 21 115
287 21 115
295 37 119
301 37 115
321 29 119
322 31 115
328 10 117
329 11 117
403 39 119
403 297 121
405 24 123
406 10 115
411 7 117
421 24 119
432 11 119
434 24 123
435 297 123
440 10 119
443 37 129
445 5 115
450 15 121
451 19 123
454 183 123
456 429 125
459 427 119
459 27 119
462 31 121
468 5 123
102 22 119
160 18 117
195 18 117
283 18 115
287 22 115
295 310 121
300 29 127
306 18 113
326 270 117
407 263 121
413 309 131
488 22 117
85 115 73
88 176 76
95 166 76
117 94 76
119 121 76
293 22 119
346 125 86
383 129 76
385 166 86
387 385 86
403 23 111
447 23 119
450 23 119
471 23 119
82 1 74
82 334 69
84 82 86
87 26 76
88 3 71
89 94 89
94 151 69
96 379 74
101 207 79
103 91 76
114 420 78
115 0 84
115 207 69
116 247 74
117 336 69
119 152 76
121 26 78
122 4 74
122 122 69
125 181 84
126 226 76
126 3 76
126 359 73
129 447 69
129 8 74
146 287 74
160 347 76
161 170 76
162 123 73
164 440 69
166 167 69
166 445 84
167 390 88
167 86 86
168 209 81
170 0 74
170 3 69
170 84 69
171 108 76
171 245 71
173 102 88
173 443 74
177 103 84
179 118 79
180 290 71
226 123 84
245 117 88
250 145 74
260 181 84
260 351 74
261 387 86
282 83 74
332 114 78
334 147 74
342 0 84
342 229 79
342 26 74
344 165 79
345 413 78
348 3 74
348 8 84
351 3 79
351 286 74
355 117 78
356 116 78
359 93 94
382 354 84
382 379 84
383 244 74
384 341 76
385 4 88
386 291 69
387 4 74
387 6 84
387 410 74
387 443 74
389 4 88
390 110 79
391 408 79
404 116 74
404 89 74
406 145 76
407 385 88
409 96 79
443 121 69
451 86 74
457 23 115
462 179 78
82 451 81
83 108 82
83 14 72
84 314 72
85 275 69
86 356 94
86 284 81
88 1 77
88 33 67
89 38 72
89 456 74
93 33 67
94 32 71
94 7 82
95 281 67
96 27 67
97 382 92
101 16 69
102 111 76
104 410 67
107 402 67
114 32 67
114 2 67
114 233 74
115 7 76
116 347 67
117 36 67
119 364 67
119 14 72
120 14 69
121 2 71
122 2 67
124 329 67
124 29 72
125 35 74
125 217 69
127 334 88
127 7 72
129 7 72
131 2 67
137 174 86
145 26 86
146 102 89
149 233 82
149 109 82
150 229 79
150 394 69
151 357 86
151 344 71
152 284 72
160 181 82
164 325 67
165 438 79
165 223 86
166 29 74
166 276 72
168 2 67
169 8 67
169 205 81
169 16 74
169 412 94
170 33 72
170 35 72
171 32 67
171 163 81
171 25 69
173 3 88
173 484 72
173 383 67
173 468 82
176 9 84
178 173 83
178 27 69
179 268 72
179 132 67
179 9 67
181 205 86
186 179 76
188 170 86
196 168 82
196 179 82
198 348 84
198 382 86
201 114 71
202 335 76
204 256 82
205 1 77
206 448 82
207 224 77
207 290 76
208 341 71
208 4 72
209 229 92
209 107 67
209 108 69
210 1 71
210 6 86
210 253 72
211 243 82
211 244 72
211 408 82
218 391 82
224 9 82
224 402 77
225 6 72
225 208 67
225 447 89
226 4 76
226 168 71
226 340 77
226 405 72
227 3 77
231 3 76
236 348 86
241 343 76
242 438 82
244 418 72
244 102 67
244 290 76
245 291 71
246 8 76
246 87 67
247 1 87
247 261 82
250 0 84
250 88 71
250 444 86
251 289 77
251 354 82
252 26 82
252 412 79
253 1 71
253 222 86
254 336 72
255 224 92
255 162 77
256 110 84
259 447 86
260 8 76
260 209 67
260 89 67
261 403 82
263 350 86
268 178 82
271 124 76
274 115 77
278 145 82
280 122 86
283 446 72
284 150 88
291 176 71
291 4 72
291 159 72
310 125 82
313 389 76
318 167 86
325 120 71
328 383 72
332 383 82
334 119 79
335 108 79
335 127 71
336 335 76
337 332 72
343 16 72
343 394 77
344 32 77
345 384 67
345 429 81
345 14 82
345 16 77
345 279 67
345 316 72
346 16 69
347 353 76
348 36 77
348 16 77
348 369 82
350 329 67
350 14 82
351 2 76
353 337 72
353 202 77
355 410 67
356 381 82
359 123 71
359 468 86
374 258 67
376 261 67
378 202 82
379 176 87
380 87 77
380 412 81
382 32 82
382 25 67
383 32 67
383 35 72
384 366 82
385 366 82
386 14 77
387 2 72
389 36 82
390 478 77
392 85 86
394 89 86
394 386 82
395 347 72
403 1 67
403 353 67
405 3 69
405 26 76
410 437 67
412 420 67
412 468 67
414 259 71
415 227 71
421 261 71
422 173 82
427 85 82
429 94 76
430 178 86
434 332 72
435 432 76
435 86 67
439 404 72
439 470 67
439 410 71
446 4 76
447 211 71
450 287 72
451 247 72
465 448 67
465 164 71
468 85 71
471 3 71
471 413 67
472 101 72
486 131 76
487 94 86
488 119 87
489 162 86
82 4 75
84 14 82
85 24 65
86 456 82
86 16 84
86 232 79
86 276 75
88 36 77
88 5 65
94 40 65
95 372 67
97 438 83
102 3 75
102 459 65
103 25 70
103 122 89
104 1 75
104 407 81
109 103 75
109 410 82
110 7 70
110 223 80
111 35 72
111 33 74
115 15 70
115 23 70
115 31 65
117 13 65
118 8 86
119 332 83
119 406 82
120 179 75
122 27 77
122 382 77
123 33 84
123 489 79
124 422 75
124 17 77
124 183 87
125 5 67
125 475 82
126 15 72
129 24 70
129 17 80
136 336 70
136 210 79
137 334 84
138 254 75
140 0 80
140 3 80
141 1 84
145 20 79
146 40 67
147 35 77
149 368 80
151 25 82
151 31 65
155 140 67
156 38 67
156 6 86
159 36 65
159 438 80
160 422 65
160 367 67
161 247 82
161 36 82
162 221 75
162 37 70
163 37 65
163 459 84
163 371 82
163 20 84
163 351 75
164 16 87
164 2 77
164 35 84
164 34 67
164 368 81
166 183 75
166 472 77
167 362 77
167 28 82
168 22 72
170 36 91
170 6 75
170 16 77
171 19 70
176 32 89
176 323 79
176 5 69
176 13 65
177 33 80
177 10 65
177 212 77
177 27 79
178 19 67
178 20 90
180 2 87
180 30 65
181 10 67
181 19 72
183 357 69
183 434 75
183 341 70
184 229 82
184 334 74
184 159 84
187 26 74
191 30 80
193 379 70
193 206 80
195 258 69
195 26 74
196 410 69
197 413 65
198 355 75
198 470 82
199 3 84
199 435 75
200 449 84
203 38 80
204 14 75
204 16 70
205 460 67
205 14 80
205 25 74
206 271 70
206 25 75
207 9 75
207 14 65
208 386 79
208 198 69
210 395 65
210 187 75
211 274 75
213 224 74
213 104 69
213 105 84
214 408 65
215 1 80
215 210 80
215 438 77
215 286 79
216 418 84
216 4 70
216 404 75
217 206 82
217 111 69
218 8 84
218 9 74
218 206 80
218 408 80
218 287 69
219 6 74
221 450 69
221 254 69
222 2 65
222 35 65
222 190 65
223 17 74
224 12 84
225 32 84
225 395 90
225 365 80
225 14 70
226 16 74
226 36 74
227 484 84
227 431 75
227 35 70
227 485 70
229 32 69
229 14 74
229 431 69
230 236 80
230 477 70
230 20 75
231 36 77
232 403 69
232 409 79
232 30 80
233 261 75
233 9 70
234 162 77
239 451 69
240 3 79
241 0 80
241 338 65
241 250 80
242 32 69
242 197 84
242 198 84
242 394 70
242 343 75
242 315 80
243 33 74
244 216 79
245 423 84
245 200 85
245 217 75
246 12 80
247 0 87
247 35 84
247 311 74
248 241 65
248 4 65
251 2 70
251 25 75
253 280 82
253 20 79
253 184 65
254 32 80
254 2 70
254 266 74
254 152 75
254 25 84
254 29 80
255 16 70
258 9 75
258 36 69
259 474 69
261 35 75
261 392 75
264 0 80
264 448 69
265 206 84
266 152 80
266 231 74
269 3 70
269 412 85
270 283 74
273 3 74
273 9 74
273 174 69
273 402 75
274 209 65
274 445 69
274 287 84
276 208 75
277 8 84
277 4 80
280 332 80
280 86 69
284 1 82
284 402 86
284 127 91
286 453 65
287 35 65
287 344 65
287 338 77
290 17 74
292 167 74
297 114 80
302 418 75
303 3 69
305 355 84
305 82 69
308 209 84
309 1 80
310 102 70
311 149 69
313 9 74
313 336 74
315 0 84
315 254 90
316 4 70
316 181 89
318 8 84
318 223 80
322 1 69
322 228 70
325 1 65
328 228 70
329 251 67
330 125 69
331 1 74
332 2 65
332 305 80
332 20 70
333 437 84
333 25 74
334 0 69
334 160 80
334 487 65
334 17 65
335 38 67
335 415 81
336 4 82
337 240 70
337 373 80
341 179 77
342 40 75
342 301 70
345 34 69
345 15 65
347 37 65
347 13 75
347 28 75
348 37 67
348 23 84
353 17 80
353 217 75
356 33 65
356 2 85
357 32 69
357 355 74
357 453 75
362 434 65
363 1 70
364 411 67
365 84 69
367 437 79
368 445 80
369 340 65
372 305 80
372 331 80
373 20 80
378 428 84
379 8 65
380 398 70
380 212 75
381 383 75
382 15 75
383 5 69
383 11 65
383 23 90
384 39 85
384 40 90
386 34 70
387 5 69
387 40 80
389 5 70
392 410 72
396 222 69
396 6 74
399 405 94
403 33 70
404 371 70
405 173 82
405 186 65
406 33 67
408 25 69
409 197 65
410 137 70
411 33 65
411 29 70
412 36 74
413 6 79
414 38 70
414 456 70
414 330 70
418 361 74
418 314 74
420 27 69
422 340 70
423 1 65
425 111 69
426 337 79
426 26 74
426 203 80
427 6 80
427 168 75
428 4 82
431 3 74
432 2 65
433 193 69
434 9 65
436 38 65
436 25 70
438 17 74
438 25 69
439 325 74
444 138 65
444 429 65
445 4 65
445 25 69
446 262 74
455 407 69
457 178 65
460 4 70
463 363 65
463 14 69
465 129 98
465 364 69
467 484 65
468 12 65
471 184 65
472 260 69
472 359 69
473 290 69
474 286 70
475 0 70
475 122 75
477 421 77
479 449 84
483 256 79
483 26 80
484 1 70
484 178 69
485 438 79
485 287 69
486 231 84
488 9 80
488 467 70
489 8 80
489 231 74
82 28 82
84 18 82
85 10 78
85 29 63
86 29 63
87 22 80
88 11 82
91 7 79
91 21 63
93 392 80
93 8 73
94 326 77
95 306 69
97 324 96
97 276 75
101 453 73
101 12 77
101 186 82
102 378 65
102 27 84
103 479 78
105 17 73
109 10 63
110 34 63
111 29 82
114 33 81
114 324 73
116 0 85
116 35 77
116 17 77
117 325 79
118 21 67
118 383 75
119 33 77
121 263 63
121 27 82
123 40 82
125 28 82
127 19 78
132 8 73
132 321 68
132 14 78
132 16 77
136 35 67
137 12 73
138 363 73
138 36 67
140 16 78
141 489 77
141 428 72
141 17 78
141 473 63
145 5 73
145 295 80
146 309 69
150 11 77
150 15 73
150 22 80
151 28 80
151 29 65
156 31 65
159 454 89
159 211 68
162 13 78
164 5 75
166 11 75
167 264 69
168 24 77
168 31 78
169 22 80
169 26 75
169 31 77
173 31 77
178 23 84
182 33 73
182 20 63
184 132 67
186 36 67
186 25 73
187 488 67
187 384 73
188 32 68
188 303 72
188 16 67
188 472 67
188 27 82
190 234 78
190 36 73
191 392 67
193 368 67
193 4 67
194 136 72
195 35 73
195 6 73
196 275 67
197 7 82
197 392 78
199 33 67
199 233 68
199 455 68
199 472 77
200 2 72
200 36 67
200 9 87
200 324 78
201 390 63
201 395 80
201 275 73
203 40 68
203 19 72
204 18 68
204 19 68
205 37 68
205 18 78
205 19 77
207 37 82
207 40 63
207 11 63
208 37 78
210 37 70
210 11 82
211 11 77
211 22 68
212 25 83
212 36 78
214 2 75
214 9 67
214 280 72
214 314 68
215 20 78
215 25 77
215 219 77
216 422 73
217 161 67
218 398 63
218 218 78
219 2 75
219 14 77
219 12 77
221 232 67
222 19 68
222 39 78
225 37 63
225 39 73
225 7 77
226 19 67
227 34 73
227 37 73
228 39 78
230 24 78
231 37 67
231 13 82
231 24 63
232 27 78
233 7 78
233 348 75
235 35 67
235 431 78
236 7 68
236 8 63
238 27 78
238 326 67
239 17 72
240 232 77
240 29 78
240 215 78
241 16 68
241 20 73
243 39 72
243 22 92
243 26 73
246 5 68
248 10 73
248 13 80
250 13 67
251 22 78
252 39 68
252 22 78
252 31 63
254 292 75
254 22 82
254 378 67
259 37 68
259 31 78
260 10 63
261 11 73
262 14 67
263 32 67
264 36 78
264 331 68
264 17 80
265 33 72
265 485 82
265 38 73
265 17 78
266 32 63
266 2 75
266 486 82
268 198 78
268 366 82
269 328 68
269 271 78
270 32 75
270 36 67
270 396 78
270 371 77
270 27 83
271 9 73
272 453 73
272 318 82
273 475 67
275 16 77
276 363 73
276 355 68
278 36 80
279 16 73
279 25 67
280 14 82
280 475 78
281 395 78
282 316 78
282 204 68
282 24 72
283 38 75
283 265 78
283 430 80
286 16 80
286 33 80
287 14 84
291 17 79
293 414 78
294 150 63
294 406 72
295 246 77
305 219 82
306 400 92
306 33 68
306 6 63
309 233 78
309 12 75
309 483 82
311 371 82
312 32 78
313 0 63
313 17 82
314 343 67
314 16 72
314 25 82
315 38 68
315 213 63
315 25 67
316 8 77
316 398 72
318 428 82
319 38 68
319 423 78
319 425 80
319 271 82
319 16 82
321 369 77
323 198 63
324 35 63
324 105 78
324 88 75
324 217 65
325 427 67
326 411 78
328 432 75
329 290 80
329 25 70
330 8 77
331 9 84
331 33 68
333 33 73
333 18 78
336 216 82
336 239 75
337 40 67
341 23 68
343 212 68
345 305 73
354 11 73
357 11 67
359 22 72
359 27 68
361 22 68
364 32 78
364 38 78
364 274 77
366 396 67
367 32 68
367 20 78
368 395 63
369 35 65
369 12 67
371 194 82
371 263 68
372 15 73
373 34 73
373 37 68
376 10 65
376 11 67
378 37 68
378 11 78
378 19 63
379 294 73
379 31 78
380 22 72
381 11 78
381 39 68
385 188 72
395 363 78
396 7 72
398 322 72
398 456 78
398 9 63
398 20 73
399 422 72
399 217 67
400 195 73
402 7 73
403 13 63
403 82 75
404 231 77
404 40 65
404 206 86
404 412 78
405 22 68
406 24 78
406 103 85
407 37 65
411 27 72
411 156 80
412 378 82
420 15 68
420 30 78
421 260 86
421 412 81
422 12 73
422 371 78
423 392 67
423 12 77
423 14 77
425 36 77
425 14 63
425 272 63
425 25 78
427 2 67
427 35 82
427 400 77
427 17 63
427 483 78
428 488 67
428 25 77
428 271 72
429 14 82
429 141 68
429 184 73
430 35 67
430 132 77
430 198 82
430 14 67
431 484 73
432 34 63
432 22 68
433 23 72
434 1 81
434 449 81
435 1 82
435 40 63
437 37 68
438 355 79
439 19 67
439 37 72
440 169 73
440 18 68
443 10 63
443 463 84
444 37 67
445 39 72
445 19 73
446 247 77
447 15 63
447 26 77
448 290 81
449 462 81
451 9 82
451 10 63
451 13 73
451 30 84
453 17 72
453 427 72
454 4 73
454 20 63
455 2 63
457 36 72
457 328 67
459 129 86
459 29 78
460 9 63
462 40 63
465 34 67
465 37 72
465 177 81
467 18 68
467 31 68
468 289 77
468 34 82
472 9 67
472 271 72
472 241 73
472 25 68
473 9 67
473 17 77
477 138 67
479 17 73
479 36 73
479 33 63
481 0 85
481 2 77
482 9 83
482 38 72
483 32 73
483 38 63
483 8 75
483 234 72
483 241 67
485 487 77
485 343 63
485 279 78
485 29 82
486 363 77
486 430 77
487 33 77
487 9 63
489 25 78
82 11 66
86 10 68
87 11 72
89 10 70
89 319 71
94 24 76
95 39 75
101 40 75
102 5 75
105 39 77
109 19 76
111 301 78
114 34 76
116 13 66
118 34 82
120 18 84
121 24 73
123 21 88
127 21 78
136 37 65
136 39 70
137 40 70
138 13 76
141 30 61
161 31 76
174 21 73
183 37 80
183 24 70
183 5 71
184 24 71
188 28 75
190 39 65
193 27 70
195 34 76
195 15 76
195 24 61
196 28 70
197 294 70
197 30 65
198 22 80
198 23 86
201 15 71
201 208 70
201 24 70
205 21 65
205 315 65
206 12 66
213 23 66
213 24 73
214 22 80
216 10 75
218 39 76
221 7 61
228 213 66
228 21 76
229 12 74
232 34 70
232 37 70
233 19 66
234 37 76
235 24 71
236 11 76
238 34 70
238 13 65
239 19 66
239 11 76
240 18 66
241 19 70
252 303 79
252 21 65
253 265 71
256 21 76
259 29 61
261 29 65
263 19 75
263 300 75
264 24 61
266 11 76
268 34 71
268 39 65
268 13 75
269 39 70
271 37 71
271 39 61
271 10 78
273 37 70
275 39 80
276 34 76
276 5 61
279 37 76
279 15 78
281 24 70
281 301 75
286 19 78
287 34 71
292 193 76
292 217 71
294 36 65
294 6 65
294 16 76
294 20 66
294 213 71
296 474 65
297 33 65
297 36 65
300 2 65
301 32 66
302 13 61
305 34 65
305 37 70
305 40 75
305 10 80
306 39 76
307 15 76
308 15 70
311 19 75
311 28 75
313 24 81
314 15 76
314 376 71
315 209 70
316 13 65
319 5 70
319 19 70
319 31 61
322 2 71
322 233 73
322 25 85
323 17 82
323 25 82
324 15 61
324 19 61
325 277 71
325 28 63
328 32 73
328 26 65
330 37 66
333 40 71
333 214 66
334 31 75
335 26 73
336 10 87
338 316 61
342 18 61
342 22 61
353 140 76
357 265 69
363 30 65
363 39 66
364 19 61
366 297 61
366 10 71
367 292 76
367 374 65
367 23 76
369 40 76
369 19 71
369 381 71
371 15 80
371 28 75
378 21 76
387 18 61
391 23 61
392 5 68
394 18 70
395 209 70
400 39 76
400 31 61
402 371 78
402 303 75
404 36 82
405 17 89
407 36 78
407 14 80
407 213 66
408 200 66
409 36 82
409 12 84
409 382 73
411 475 75
412 14 80
412 21 61
415 33 79
418 8 79
420 33 80
420 342 75
421 0 73
421 20 82
421 36 84
423 15 75
423 19 66
425 10 81
425 13 78
425 28 75
426 5 70
428 34 80
429 11 61
429 13 71
429 15 78
430 11 65
430 30 75
431 24 75
431 28 76
431 31 66
433 27 85
434 21 65
434 343 79
436 16 79
436 20 71
437 482 90
437 36 75
438 36 77
438 29 65
439 4 79
439 17 75
443 363 75
444 321 61
445 9 77
448 12 79
451 197 84
454 37 61
454 39 61
454 203 80
454 300 65
456 104 89
456 40 70
458 208 66
458 210 71
460 110 80
460 248 82
462 213 84
463 38 84
465 8 85
465 9 75
465 400 90
467 362 77
468 2 79
470 456 84
470 186 75
474 297 76
475 40 70
477 13 75
478 31 70
479 18 80
482 11 61
483 13 61
484 37 70
484 11 80
487 15 70
87 18 75
104 310 79
108 10 68
140 21 64
155 18 61
167 23 73
168 5 80
177 18 73
186 312 69
191 21 64
194 266 73
197 217 68
198 21 88
213 264 73
224 23 69
231 18 69
232 21 71
234 212 68
243 23 63
246 23 59
250 23 69
261 5 74
269 319 63
271 21 68
281 21 73
284 21 74
286 21 71
289 10 64
295 7 69
296 19 78
296 37 63
296 39 64
297 24 74
300 40 63
300 39 63
301 23 68
309 195 72
310 12 74
314 183 64
324 18 74
325 24 86
328 13 78
329 22 80
330 24 69
332 132 76
335 21 76
336 11 66
354 22 73
362 309 67
364 199 64
364 200 68
376 23 59
396 271 69
398 21 68
399 29 73
402 26 69
402 37 71
410 11 78
414 7 73
418 10 82
418 22 63
422 21 84
427 21 69
431 21 71
438 13 73
440 292 92
443 15 69
444 15 78
446 5 73
446 26 75
447 11 82
450 24 82
454 489 77
455 305 74
455 20 78
457 33 78
457 2 75
457 281 82
458 14 77
459 186 68
460 32 78
462 7 73
463 13 80
473 12 68
474 29 63
477 29 59
484 184 68
486 194 68
108 18 67
137 23 65
188 18 61
214 5 72
216 23 57
235 11 62
278 22 69
292 12 66
294 265 71
305 18 67
305 23 57
314 22 81
319 11 70
322 21 78
371 18 71
392 22 67
405 21 74
409 21 71
410 29 67
415 21 80
425 23 61
426 18 67
446 312 71
454 18 72
455 22 88
457 18 65
459 7 75
462 265 71
465 263 71
472 22 61
474 5 74
293 23 59
294 18 59
297 10 60
301 10 64
420 18 73
439 5 76
449 5 88
451 5 78
