384 97 123
127 120 125
344 255 125
346 165 127
383 357 121
385 355 129
82 465 129
82 150 125
84 103 121
89 3 125
123 402 127
145 290 127
145 126 125
147 86 129
149 402 123
165 165 127
171 3 121
178 1 127
178 146 127
181 449 129
205 3 123
208 126 123
223 338 123
225 204 123
229 405 121
242 1 123
242 437 127
243 3 127
243 1 119
246 338 123
247 163 123
248 410 125
342 9 119
343 161 127
347 20 127
355 1 123
373 332 119
376 3 123
377 1 123
380 451 123
384 14 123
386 459 127
386 20 123
390 6 125
391 9 119
414 261 123
435 167 123
436 405 125
437 1 123
440 258 123
440 355 123
440 3 123
444 3 119
447 1 125
448 340 127
449 436 127
463 444 119
465 1 123
82 186 121
87 0 127
87 6 121
89 2 127
91 0 127
91 12 121
91 343 119
91 25 123
94 265 123
96 35 123
101 27 121
104 171 127
109 1 121
109 102 123
111 225 119
111 164 125
117 473 123
126 6 127
145 8 123
146 33 121
150 472 123
151 371 123
156 1 121
156 255 125
165 343 127
167 36 127
170 14 117
173 472 119
176 14 123
179 266 125
180 14 121
180 199 127
183 131 125
186 448 121
187 107 117
198 178 123
203 0 121
204 384 129
204 17 121
206 33 125
206 8 121
207 478 121
208 484 117
210 17 121
213 409 125
219 173 127
226 140 121
227 33 121
228 383 121
228 38 121
229 20 119
230 0 121
231 348 125
238 109 125
242 277 117
244 241 121
245 20 121
248 32 123
248 36 121
255 238 125
256 156 125
258 328 121
259 387 117
260 25 121
261 473 123
264 411 125
272 87 121
273 229 125
273 255 121
279 283 121
282 412 117
291 102 119
302 167 125
303 409 125
303 407 121
308 89 121
308 178 121
308 105 123
319 332 121
321 110 125
332 253 127
335 412 127
340 165 117
343 37 117
354 20 121
355 14 121
356 14 121
357 137 125
361 38 125
369 169 123
377 14 117
380 32 121
386 18 121
386 24 121
395 414 121
398 242 125
407 338 121
409 108 123
413 155 117
415 9 121
423 150 127
431 226 125
435 14 117
436 8 121
438 342 121
439 453 121
443 9 117
446 274 123
460 3 125
463 16 125
463 27 117
470 32 121
471 364 121
473 1 123
82 19 119
87 24 123
94 37 121
95 11 119
103 159 117
104 2 121
104 36 123
111 14 123
119 5 117
121 11 125
122 19 119
124 11 121
141 8 115
155 387 123
159 25 123
163 40 125
163 10 121
167 31 119
169 37 121
182 8 121
186 2 119
191 160 123
194 20 123
198 38 123
199 4 115
200 485 119
200 8 121
200 472 123
204 7 119
207 7 123
209 7 125
209 5 119
215 215 115
225 28 119
231 39 121
234 27 123
236 38 119
236 20 123
241 17 119
244 31 119
246 19 115
247 28 121
248 19 123
260 7 125
260 30 119
261 28 119
264 9 119
265 12 121
271 36 119
273 483 123
275 350 123
278 193 123
279 382 115
280 367 119
282 6 119
282 38 121
283 8 121
284 6 125
284 20 125
289 238 119
292 415 115
295 412 119
301 256 123
301 168 125
302 9 119
309 399 123
309 16 119
310 350 123
310 6 117
312 25 119
312 12 123
313 33 123
333 2 121
333 281 119
335 156 121
335 17 121
336 152 119
337 36 125
341 392 125
341 2 125
363 33 115
374 296 119
380 15 119
391 319 123
399 36 119
399 454 123
407 263 121
410 382 123
411 36 117
421 24 119
425 2 123
427 9 125
429 32 119
432 11 119
434 24 119
435 297 119
440 10 115
443 37 119
445 5 121
450 15 123
451 19 119
454 183 119
459 27 119
462 31 119
468 5 115
472 392 121
473 213 123
473 183 123
474 27 115
477 33 119
481 385 121
481 20 123
483 9 119
484 395 123
485 25 123
486 219 119
486 27 115
487 35 121
487 25 123
488 38 123
96 316 115
101 310 119
105 13 117
107 7 121
108 19 115
110 15 121
120 306 123
126 312 125
149 308 119
152 19 117
152 7 119
159 13 119
159 31 117
160 18 121
161 39 123
177 431 123
186 40 113
194 26 117
195 13 119
195 18 121
200 5 117
206 321 121
209 29 121
215 5 117
218 10 113
232 15 117
234 378 119
235 7 123
236 376 117
243 29 121
266 39 117
269 15 117
272 10 115
275 30 117
278 10 121
283 18 123
287 24 119
296 199 117
300 38 117
303 7 121
306 18 117
309 40 121
314 293 121
314 13 121
323 14 113
325 214 115
326 270 119
328 385 125
329 4 119
332 26 123
332 30 127
337 7 119
347 34 113
359 29 117
362 37 117
366 19 121
366 13 117
371 292 121
381 321 117
403 39 117
403 297 115
405 24 119
406 10 119
411 7 123
413 309 117
422 37 117
422 39 117
471 428 117
475 37 115
478 26 117
85 115 73
199 423 119
205 34 115
231 23 111
233 305 115
239 29 117
251 23 115
280 21 115
287 21 121
295 37 115
301 37 111
321 29 115
322 31 119
328 10 121
329 11 117
363 423 115
376 34 119
398 431 119
447 23 111
450 23 111
456 429 117
459 427 123
471 23 115
82 334 69
88 3 69
89 94 79
94 151 69
101 207 69
102 22 117
115 207 73
117 336 69
122 122 69
126 359 69
129 447 71
162 123 71
164 440 73
166 167 73
168 209 69
170 3 69
170 84 69
171 245 71
179 118 83
180 290 73
194 34 117
264 34 113
287 22 117
295 310 113
300 29 117
342 229 79
344 165 85
351 3 83
386 291 69
390 110 79
391 408 79
395 34 113
403 23 115
409 96 69
443 121 73
457 23 113
488 22 109
82 451 77
84 82 88
85 275 69
86 284 83
88 1 83
88 33 67
88 176 76
93 33 67
94 32 67
95 166 72
95 281 69
96 27 71
97 382 82
97 438 77
101 16 67
104 410 69
107 402 69
114 32 67
114 2 71
116 347 67
117 36 67
117 94 76
119 364 67
119 332 79
119 121 78
120 179 83
120 14 67
121 2 67
121 263 67
122 2 69
124 329 69
125 181 86
125 217 71
131 2 67
146 102 77
150 229 79
150 394 69
151 344 69
164 325 71
165 438 83
167 390 82
167 264 67
167 86 84
168 2 69
169 8 69
169 205 83
171 32 71
171 163 77
171 25 67
173 383 67
178 173 83
178 27 69
179 132 71
179 9 71
201 114 67
205 1 77
207 224 77
208 341 69
209 107 71
209 108 71
210 1 71
224 402 77
225 208 67
225 447 77
226 168 71
226 340 81
227 3 81
244 102 71
245 291 67
246 87 67
247 1 77
250 88 71
251 289 71
252 412 81
253 1 71
255 162 77
260 209 67
260 89 67
274 115 81
291 176 67
293 22 111
325 120 71
334 119 77
335 108 67
335 127 67
343 394 77
344 32 77
345 384 71
345 16 81
345 279 67
346 16 67
346 125 76
348 36 77
348 16 77
350 329 71
353 202 81
355 410 67
359 123 67
374 258 67
376 261 67
379 176 77
380 87 81
380 412 81
382 25 67
383 32 67
383 129 76
385 166 82
386 14 77
387 385 90
390 478 81
403 1 67
403 353 67
405 3 67
410 437 67
412 420 67
412 468 71
414 259 71
415 227 67
421 261 67
421 412 77
434 1 77
434 449 79
435 86 73
438 355 81
439 470 67
439 410 67
440 169 79
446 247 77
447 211 71
448 290 81
449 462 81
465 448 67
465 164 67
465 177 77
468 289 77
468 85 71
471 3 71
471 413 71
488 119 77
82 1 74
82 4 75
83 108 82
85 24 67
86 356 84
86 232 81
86 276 75
87 26 70
88 36 77
88 5 67
93 8 77
94 326 77
94 40 69
95 372 65
96 379 70
97 276 75
101 453 77
101 12 77
102 3 79
102 459 69
103 122 77
103 91 74
104 1 77
104 407 79
109 103 79
114 33 77
114 324 81
114 420 74
115 0 74
115 31 65
116 0 77
116 35 77
116 17 79
116 247 78
117 325 77
117 13 65
118 8 80
118 383 81
119 33 77
119 406 86
119 152 74
121 26 74
122 4 74
122 27 75
122 382 79
123 489 79
124 17 81
124 183 81
125 5 65
126 226 70
126 3 74
127 334 82
129 8 76
136 210 79
138 254 79
145 20 75
145 26 80
146 40 65
146 287 72
147 35 79
149 109 88
151 357 84
151 31 65
155 140 65
156 38 65
159 36 67
160 347 76
160 181 88
160 367 69
161 170 74
162 221 75
163 37 65
163 351 83
164 16 79
164 2 81
164 368 81
165 223 80
166 183 75
166 472 77
166 445 76
167 362 79
169 412 88
170 0 78
170 36 75
170 6 79
170 16 77
171 108 76
173 3 82
173 102 74
173 468 84
173 443 74
176 32 75
176 323 77
176 5 67
176 9 86
176 13 69
177 103 74
177 10 65
177 212 75
177 27 77
178 19 67
180 2 79
180 30 69
181 10 69
181 205 80
183 357 65
183 434 77
195 258 69
196 410 69
197 413 69
198 355 79
199 435 75
204 14 75
205 460 65
206 25 75
207 9 79
207 14 69
208 386 79
208 198 65
210 395 65
210 187 75
211 274 75
213 104 69
214 408 69
215 438 79
215 286 75
216 404 75
217 111 69
218 287 69
221 450 69
221 254 69
222 2 69
222 35 65
222 190 65
226 123 80
229 32 69
230 20 79
231 36 79
232 403 69
232 409 75
233 261 75
234 162 77
239 451 69
240 3 79
241 338 69
242 32 69
242 343 75
244 216 75
245 200 75
245 117 84
245 217 79
247 0 79
248 241 69
248 4 65
250 145 74
251 25 75
253 265 77
253 20 79
253 184 69
254 152 81
258 9 75
258 36 65
259 474 65
260 181 84
260 351 78
261 35 79
261 392 79
261 387 80
264 448 65
269 412 77
273 174 71
273 402 79
274 209 69
274 445 69
276 208 75
280 86 65
282 83 74
284 150 80
284 127 81
286 453 69
287 35 69
287 344 65
287 338 75
302 418 75
303 3 69
305 82 69
311 149 69
316 181 81
322 1 65
325 1 65
329 251 65
330 125 67
332 2 69
332 114 78
332 383 84
334 0 65
334 487 65
334 17 65
334 147 76
335 38 69
335 415 81
341 179 81
342 0 80
342 40 75
342 18 65
342 26 74
345 15 67
345 413 74
347 353 76
347 37 65
347 13 75
347 28 65
348 3 70
348 37 67
348 8 84
351 286 78
353 217 75
355 117 74
356 33 65
356 2 75
356 116 78
357 32 69
357 453 79
357 265 65
359 93 80
362 434 65
364 411 67
365 84 69
367 437 79
369 340 69
379 8 65
380 212 65
381 383 75
382 354 84
382 379 74
382 15 79
383 5 69
383 11 65
383 244 74
384 39 75
384 341 74
385 4 80
387 4 78
387 5 69
387 6 84
387 18 65
387 410 74
387 443 74
389 4 84
396 222 69
403 82 77
404 231 75
404 116 74
404 89 74
405 173 80
405 186 65
406 145 72
406 33 69
406 103 75
407 385 74
408 25 65
409 197 65
411 33 65
413 6 69
415 33 79
418 8 75
420 342 75
420 27 65
421 0 77
423 1 69
425 111 69
426 337 79
427 168 67
432 2 65
433 193 65
433 27 75
434 9 71
434 343 79
436 38 69
436 16 75
436 20 75
437 36 75
438 36 75
438 25 69
439 4 81
439 17 79
443 363 75
444 138 65
445 4 67
445 9 75
445 25 69
448 12 79
451 86 78
455 407 65
456 104 75
457 178 65
458 210 75
462 265 79
462 179 78
463 363 69
463 14 65
465 129 84
465 8 75
465 9 77
465 263 79
465 364 69
467 484 69
467 362 75
468 12 65
468 2 75
470 186 75
471 184 69
472 260 69
472 359 69
473 290 65
475 122 77
477 421 77
483 256 79
484 178 69
485 438 79
485 287 69
83 14 72
84 314 72
84 14 78
85 29 65
86 456 84
86 16 82
86 29 67
87 18 73
89 38 72
89 456 72
91 7 77
91 21 65
93 392 82
94 7 72
95 39 73
95 306 67
97 324 78
101 40 75
102 111 74
102 378 65
105 17 79
109 10 63
109 410 80
110 223 78
114 233 72
115 7 72
118 21 65
119 14 76
121 24 73
121 27 78
123 33 82
124 29 74
125 35 74
125 475 86
127 7 72
129 17 80
129 7 72
132 8 73
132 16 77
136 35 67
137 12 77
137 174 82
138 363 73
138 36 63
141 489 75
141 473 67
145 5 77
146 309 71
149 368 82
149 233 72
150 11 73
150 15 75
151 25 84
151 29 65
152 284 72
155 18 67
156 31 63
156 6 78
159 454 73
159 211 74
159 438 80
161 247 86
163 459 86
163 371 78
163 20 80
164 35 82
164 5 77
166 11 77
166 29 72
166 276 76
168 24 73
169 16 72
169 26 75
169 31 77
170 33 74
170 35 72
173 484 76
173 31 73
177 33 78
177 18 75
178 20 84
179 268 70
182 33 67
182 20 67
184 132 63
186 36 63
186 179 76
186 25 77
187 488 67
187 384 81
188 170 86
188 16 63
188 472 63
190 36 77
191 392 67
193 368 67
193 4 67
194 266 67
195 35 73
195 6 73
196 168 82
196 275 67
196 179 86
198 348 82
198 382 86
199 33 63
199 472 63
200 36 67
200 9 77
201 390 67
201 275 77
202 335 72
204 256 78
205 19 73
206 448 82
207 290 72
207 40 67
207 11 67
208 4 72
209 229 82
210 6 78
210 253 72
211 11 73
211 243 86
211 244 76
211 408 86
212 25 73
213 264 73
214 2 75
214 9 69
215 25 67
215 219 77
217 161 67
218 391 82
218 398 63
219 2 75
219 14 67
219 12 67
221 232 67
224 9 82
225 37 63
225 6 72
225 39 73
225 7 67
226 4 76
226 19 67
226 405 76
227 37 73
231 3 68
231 37 63
231 18 75
231 24 67
233 348 77
235 35 67
236 8 63
236 348 78
238 326 63
240 232 67
241 20 77
241 343 76
242 438 82
243 26 73
244 418 68
244 290 72
246 8 76
247 261 86
248 10 67
250 0 82
250 13 63
250 444 82
251 354 82
252 26 84
252 31 67
253 222 82
254 292 77
254 336 72
254 378 67
255 224 82
256 110 84
259 447 72
260 8 76
260 10 67
261 11 73
261 403 78
262 14 67
263 32 67
263 350 76
265 38 77
266 32 67
266 2 73
268 178 78
270 32 75
270 36 67
270 371 77
270 27 77
271 9 79
271 124 68
272 453 73
273 475 67
275 16 77
276 363 77
278 145 82
279 16 77
279 25 63
280 122 72
282 204 68
283 38 75
283 446 76
284 1 86
284 402 82
291 17 73
291 4 72
291 159 72
294 150 67
295 246 77
306 6 67
309 12 77
310 125 78
313 0 63
313 389 76
314 343 67
315 213 67
315 25 67
316 8 77
318 167 82
321 369 73
323 198 63
324 35 65
324 88 79
324 217 67
328 432 79
328 383 72
330 8 65
333 33 73
333 437 80
334 160 86
336 4 82
336 335 72
336 239 73
337 40 63
337 332 72
337 373 84
343 16 72
343 212 72
345 429 77
345 14 72
345 305 73
345 316 72
348 369 78
350 14 82
351 2 76
353 337 72
354 11 73
356 381 78
357 355 70
357 11 65
359 468 86
364 274 67
366 396 67
368 395 63
369 35 63
369 12 63
372 15 73
376 10 63
376 11 67
378 202 86
378 19 63
379 294 73
382 32 78
383 35 72
384 366 82
385 366 86
387 2 72
389 36 78
392 85 82
394 89 82
394 386 82
395 347 76
396 271 77
398 9 67
398 20 73
399 217 63
400 195 73
402 7 63
403 13 63
404 40 65
404 206 82
404 412 80
405 17 75
405 26 72
407 37 63
409 382 79
411 475 77
411 156 82
412 378 82
414 7 73
418 361 70
420 18 73
420 30 82
421 260 86
422 12 77
422 173 78
423 392 63
423 12 75
423 14 77
425 36 77
425 14 67
425 272 67
427 2 63
427 400 73
427 17 67
427 85 86
428 488 67
428 25 67
429 184 77
429 94 72
430 35 63
430 132 77
430 14 67
430 178 82
431 484 77
434 332 68
435 1 82
435 40 63
435 432 72
438 13 73
439 19 67
439 404 72
443 10 67
443 463 78
443 15 73
444 37 63
445 19 63
446 4 76
446 5 77
446 26 77
447 15 63
447 26 63
450 287 72
451 9 78
451 10 67
451 13 67
451 247 76
451 30 82
454 4 63
454 489 73
454 20 63
455 2 67
457 2 77
457 328 67
458 14 73
459 129 78
460 9 63
462 7 73
462 40 67
472 101 76
472 9 69
472 241 73
473 9 63
473 17 75
477 138 67
479 17 77
479 36 77
479 33 67
481 0 75
481 2 73
482 9 75
483 32 77
483 38 67
483 8 77
483 241 67
485 487 73
485 343 67
486 131 76
486 363 77
487 33 77
487 9 67
487 94 86
489 162 78
82 11 70
82 28 78
84 18 82
87 11 68
87 22 84
88 11 80
89 319 75
94 24 80
101 186 78
102 5 75
102 27 78
103 25 72
103 479 84
105 39 71
108 18 73
110 7 70
111 35 72
111 33 68
111 29 78
114 34 84
115 15 70
115 23 70
116 13 70
118 34 80
120 18 76
123 40 82
124 422 75
125 28 78
126 15 66
127 19 76
129 24 72
136 336 74
136 37 65
137 334 84
140 0 80
140 3 80
141 1 70
141 30 65
145 295 78
150 22 84
151 28 84
160 422 61
161 36 70
162 13 78
162 37 68
164 34 67
167 28 74
168 22 74
168 31 76
169 22 78
171 19 66
174 21 75
178 23 82
181 19 74
183 341 74
183 5 71
184 24 71
184 229 80
184 334 74
184 159 84
187 26 70
188 18 65
188 28 61
190 39 61
191 30 80
193 379 74
193 206 84
195 24 65
195 26 74
197 30 65
198 470 80
199 3 82
200 449 80
201 15 75
201 208 70
203 38 84
204 16 70
205 14 80
205 21 61
205 25 72
205 315 65
206 12 70
206 271 70
213 224 70
213 105 76
213 24 73
215 1 84
215 210 84
216 418 80
216 4 70
216 10 71
217 206 80
218 8 82
218 9 74
218 206 80
218 408 84
219 6 74
221 7 61
223 17 66
224 12 80
225 32 82
225 395 80
225 365 84
225 14 74
226 16 70
226 36 70
227 484 80
227 431 73
227 35 70
227 485 74
228 213 70
229 12 70
229 14 66
229 431 65
230 236 80
230 477 74
232 30 84
233 9 74
235 24 71
238 13 61
241 0 80
241 250 82
242 197 80
242 198 84
242 394 74
242 315 80
243 33 70
245 423 76
246 12 82
247 35 84
247 311 74
251 2 70
252 303 75
252 21 61
253 280 76
254 32 82
254 2 74
254 266 70
254 25 84
254 29 80
255 16 66
259 29 61
261 29 65
263 19 75
263 300 75
264 0 80
264 24 61
265 206 80
266 152 80
266 231 70
268 39 65
268 13 65
269 3 74
270 283 70
271 37 71
271 39 65
273 3 74
273 9 74
274 287 84
276 355 70
276 5 61
277 8 80
277 4 80
280 332 84
281 301 75
282 316 84
283 265 84
283 430 76
286 16 78
286 33 80
287 14 80
290 17 74
292 217 75
292 167 74
294 36 61
294 6 61
294 265 73
294 213 75
296 474 65
297 33 65
297 114 80
297 36 61
300 2 61
302 13 65
305 355 84
305 40 75
305 18 75
308 209 80
309 1 80
310 102 70
311 19 73
311 28 75
313 9 70
313 336 74
313 24 75
314 376 71
315 0 76
315 209 70
315 254 84
316 4 74
316 13 65
318 8 74
318 223 76
319 31 61
322 2 71
322 228 72
322 233 77
322 25 77
324 105 80
324 15 61
324 19 61
325 277 71
325 28 63
326 411 84
328 32 77
328 228 74
328 26 61
329 290 78
331 9 76
331 1 72
332 305 74
332 20 74
333 40 77
333 214 66
333 25 70
334 31 71
335 26 75
336 10 77
336 216 80
337 240 74
338 316 61
342 301 66
342 22 65
345 34 61
348 23 72
353 17 84
359 27 72
363 1 66
363 30 61
364 19 61
366 297 63
366 10 75
367 374 65
368 445 80
369 19 61
369 381 75
371 18 71
371 28 71
372 305 76
372 331 84
373 20 84
378 428 76
380 398 70
383 23 80
384 40 80
386 34 66
387 40 84
389 5 74
391 23 61
392 410 70
395 209 68
396 6 74
399 405 80
400 31 65
402 26 73
402 371 78
402 37 73
402 303 65
403 33 66
404 36 76
404 371 72
407 36 84
407 14 78
407 213 66
408 200 70
409 36 80
409 12 76
410 137 68
411 27 72
411 29 70
412 14 80
412 21 61
412 36 66
414 38 74
414 456 74
414 330 74
418 314 66
420 33 80
421 20 80
421 36 76
422 340 74
423 15 75
425 10 75
425 28 71
426 18 71
426 26 74
426 203 80
427 6 84
428 4 84
429 11 65
429 13 71
430 11 61
430 30 77
431 3 74
431 24 75
434 21 61
436 25 70
437 482 76
438 17 66
438 29 61
439 325 70
444 321 69
444 429 65
446 262 70
446 312 71
451 197 76
454 37 61
454 39 61
454 203 82
454 300 65
457 18 65
458 208 66
459 7 71
460 4 70
460 110 76
460 248 82
462 213 84
463 38 84
465 400 76
470 456 80
474 286 70
475 0 74
477 13 75
479 449 84
482 11 65
483 13 61
483 26 76
484 1 70
486 231 84
488 9 84
488 467 74
489 8 84
489 231 70
85 10 74
104 310 75
109 19 76
110 34 61
111 301 80
123 21 76
127 21 76
132 321 64
132 14 78
140 16 82
141 428 72
141 17 78
161 31 82
167 23 69
186 312 69
188 32 68
188 303 72
188 27 78
190 234 82
193 27 68
194 136 68
197 7 78
197 392 80
197 217 68
199 233 72
199 455 68
200 2 72
200 324 74
201 395 78
203 40 68
203 19 70
204 18 68
204 19 72
205 37 72
205 18 78
207 37 78
208 37 74
210 37 70
210 11 82
211 22 68
212 36 82
214 280 68
214 314 68
215 20 80
216 422 73
218 218 78
222 19 72
222 39 82
224 23 73
227 34 69
228 39 74
230 24 80
231 13 82
232 21 73
232 27 82
233 7 64
234 212 64
235 431 74
236 7 72
238 27 82
239 17 72
240 29 78
240 215 78
241 16 64
243 39 68
243 22 80
243 23 63
246 5 72
246 23 63
248 13 78
250 23 69
251 22 74
252 39 72
252 22 72
254 22 82
259 37 72
259 31 78
264 36 78
264 331 68
264 17 78
265 33 72
265 485 82
265 17 82
266 486 74
268 198 78
268 366 80
269 328 72
269 271 82
269 319 63
270 396 78
272 318 64
278 36 78
280 14 80
280 475 82
281 395 82
281 21 73
282 24 72
286 19 74
286 21 69
293 414 74
294 18 63
294 406 72
295 7 73
296 37 63
300 40 59
300 39 59
305 219 80
306 400 82
306 33 72
309 195 68
309 233 78
309 483 78
310 12 64
311 371 80
312 32 82
313 17 72
314 16 72
314 25 82
315 38 64
316 398 68
318 428 78
319 38 72
319 423 82
319 425 82
319 271 68
319 16 78
323 17 74
323 25 76
325 427 61
329 25 72
330 24 75
331 33 72
333 18 64
336 11 64
341 23 68
354 22 73
359 22 72
361 22 72
362 309 63
364 32 74
364 38 78
364 199 64
364 200 70
367 32 72
367 20 82
371 194 82
371 263 64
373 34 69
373 37 68
376 23 59
378 37 70
378 11 78
379 31 82
380 22 64
381 11 74
381 39 68
385 188 72
395 363 78
396 7 72
398 322 68
398 456 78
399 422 68
399 29 61
405 22 68
406 24 64
409 21 73
410 11 78
410 29 69
418 10 74
418 22 63
420 15 68
422 371 82
425 25 78
427 35 82
427 483 68
427 21 59
428 271 68
429 14 82
429 141 72
430 198 82
431 21 73
432 34 59
432 22 64
433 23 68
437 37 68
439 37 72
440 292 82
440 18 68
444 15 74
445 39 68
447 11 78
450 24 74
453 17 72
453 427 72
455 305 82
455 20 78
457 33 78
457 36 64
457 281 74
459 29 72
460 32 82
463 13 82
465 34 63
465 37 68
467 18 64
467 31 68
468 34 72
472 271 68
472 25 68
473 12 64
474 29 59
477 29 63
482 38 72
483 234 72
485 279 82
485 29 72
486 194 68
486 430 59
489 25 80
86 10 72
89 10 72
136 39 70
137 40 66
137 23 57
138 13 72
168 5 74
183 37 80
183 24 70
195 34 76
195 15 80
196 28 66
197 294 62
198 22 78
198 23 80
201 24 70
213 23 70
214 22 76
216 23 61
218 39 76
228 21 76
232 34 66
232 37 70
233 19 70
234 37 80
235 11 66
236 11 72
238 34 62
239 19 70
239 11 80
240 18 66
241 19 70
256 21 76
266 11 76
268 34 69
269 39 66
271 10 76
273 37 70
275 39 80
276 34 76
278 22 67
279 37 76
279 15 80
281 24 70
284 21 80
287 34 77
292 193 72
292 12 66
294 16 78
294 20 66
301 32 70
305 34 65
305 37 70
305 10 76
305 23 57
306 39 76
307 15 80
308 15 70
314 15 80
314 22 71
319 5 66
319 11 66
319 19 66
324 18 74
325 24 80
328 13 80
329 22 80
330 37 66
332 132 72
335 21 74
353 140 76
363 39 70
367 292 80
367 23 70
369 40 62
371 15 72
378 21 76
392 22 75
392 5 70
394 18 66
400 39 80
405 21 72
415 21 76
423 19 70
425 13 80
425 23 65
426 5 70
428 34 80
429 15 72
431 28 76
431 31 70
454 18 76
455 22 76
456 40 70
472 22 61
474 297 72
475 40 66
478 31 70
479 18 80
484 37 70
484 11 80
487 15 66
108 10 68
140 21 64
191 21 68
198 21 78
261 5 78
271 21 64
289 10 72
293 23 55
296 19 70
296 39 68
297 24 78
301 23 64
314 183 72
322 21 78
398 21 64
422 21 70
439 5 74
449 5 78
451 5 76
459 186 72
484 184 64
214 5 68
474 5 72
297 10 68
301 10 68
