228 383 121
231 348 133
247 163 129
259 387 131
435 167 121
438 342 133
82 150 137
91 343 141
127 120 119
145 126 125
147 86 139
165 343 131
165 165 129
178 146 135
183 131 135
198 178 139
219 173 119
223 338 131
225 204 123
229 405 139
230 0 129
242 1 121
242 437 127
243 3 139
243 1 129
246 338 121
248 410 127
256 156 139
260 30 129
272 87 121
275 350 127
279 382 129
302 167 129
308 89 121
308 178 127
310 350 139
346 165 119
384 97 135
413 155 135
414 261 127
415 9 129
423 150 121
436 8 127
436 405 129
437 1 129
440 258 121
440 355 125
440 3 139
443 9 119
444 3 121
447 1 127
448 340 129
449 436 119
463 444 121
465 1 137
481 385 139
82 465 117
84 103 133
87 0 127
87 6 139
89 3 127
91 0 123
104 171 137
111 164 129
123 402 127
126 6 123
141 8 123
145 290 129
145 8 117
149 402 123
155 387 137
171 3 139
178 1 127
181 449 123
182 8 123
186 448 127
187 107 127
191 160 119
194 26 135
199 4 137
200 8 117
204 384 133
208 126 127
213 409 127
227 33 127
228 38 119
229 20 135
234 378 137
236 376 127
238 109 119
242 277 125
243 29 127
244 241 117
245 20 119
248 32 135
248 36 137
255 238 127
258 328 129
260 7 125
260 25 127
261 473 117
264 9 119
264 411 125
273 229 137
273 255 117
275 30 119
279 283 135
301 168 127
302 9 117
303 409 119
303 407 135
308 105 137
310 6 117
319 332 129
321 110 125
340 165 129
342 9 117
343 161 123
344 255 137
383 357 135
385 355 117
390 6 123
391 9 127
410 382 125
413 309 127
427 9 129
431 226 125
435 14 127
439 453 127
446 274 129
460 3 125
463 16 137
463 27 127
470 32 119
471 364 125
471 428 137
473 1 117
478 26 119
483 9 125
89 2 127
91 12 115
91 25 121
94 265 135
96 35 127
96 316 115
101 310 121
101 27 133
103 159 127
109 1 125
109 102 131
111 225 125
117 473 127
120 306 125
126 312 131
146 33 125
149 308 127
150 472 115
151 371 131
156 1 135
156 255 127
167 36 115
170 14 121
173 472 135
176 14 127
177 431 115
179 266 131
180 14 125
180 199 127
186 2 115
194 20 127
198 38 123
199 423 125
200 485 115
200 472 127
203 0 125
205 3 125
206 8 115
215 215 117
225 28 131
231 39 123
231 23 115
233 305 117
234 27 121
235 7 125
236 38 125
236 20 127
239 29 123
241 17 135
244 31 115
246 19 127
247 28 133
248 19 135
251 23 115
261 28 127
265 12 119
271 36 125
273 483 115
278 193 117
280 367 133
282 6 135
282 412 115
283 8 131
284 6 125
291 102 135
292 415 115
295 412 117
301 256 123
303 7 125
309 399 115
309 16 117
312 25 123
312 12 131
313 33 115
321 29 117
328 385 133
332 26 127
332 253 115
332 30 121
335 156 125
335 412 137
336 152 125
347 20 121
355 1 135
369 169 135
373 332 115
376 3 121
377 1 135
380 451 125
384 14 115
386 459 121
386 20 135
391 319 135
395 414 125
398 242 119
407 338 125
409 108 127
421 24 125
425 2 127
429 32 123
432 11 135
434 24 125
435 297 117
443 37 123
447 23 135
450 15 125
450 23 127
451 19 133
456 429 125
459 427 125
459 27 117
462 31 123
471 23 125
472 392 115
473 213 127
474 27 131
477 33 135
481 20 125
484 395 127
485 25 133
486 219 121
486 27 115
487 35 127
487 25 133
488 38 135
82 19 113
87 24 119
94 37 123
95 11 135
104 2 113
104 36 129
107 7 123
111 14 125
121 11 123
122 19 129
124 11 119
152 7 125
159 25 123
163 40 129
167 31 123
169 37 125
186 40 113
194 34 115
195 13 117
195 18 123
204 7 123
204 17 129
206 321 133
206 33 123
207 7 123
207 478 129
208 484 123
209 7 123
209 29 113
210 17 119
226 140 133
232 15 121
250 145 78
260 351 88
264 34 117
266 39 127
269 15 119
282 38 121
284 20 117
289 238 129
295 310 119
296 199 119
300 29 117
300 38 127
306 18 129
309 40 129
314 293 127
314 13 117
329 4 121
333 2 123
333 281 119
335 17 119
337 36 121
337 7 133
341 392 129
341 2 119
343 37 133
347 34 133
354 20 117
355 14 119
356 14 123
359 29 133
361 38 117
377 14 119
380 32 123
381 321 123
386 18 127
386 24 119
398 431 121
399 36 131
399 454 117
407 263 119
411 36 121
411 7 133
422 37 125
422 39 127
451 86 78
457 23 129
462 179 78
475 37 133
488 22 113
82 186 125
88 176 90
95 166 90
102 22 119
105 13 117
108 19 117
110 15 117
117 94 76
119 121 80
152 19 131
159 13 119
159 31 121
160 18 127
161 39 131
186 179 88
205 34 121
225 6 76
226 4 76
226 405 78
231 3 86
241 343 76
244 418 76
244 290 78
246 8 86
254 336 76
259 447 86
260 8 78
263 350 76
271 124 76
280 21 125
280 122 78
283 18 121
287 22 131
287 24 121
293 22 115
295 37 113
301 37 127
313 389 76
323 14 123
325 214 111
326 270 117
344 165 81
346 125 78
363 33 121
363 423 121
374 296 117
376 34 121
380 15 131
383 129 76
395 34 115
403 39 125
403 297 119
403 23 127
405 24 127
418 361 86
429 94 76
434 332 76
435 432 76
439 404 78
440 10 123
445 5 119
446 4 86
450 287 88
451 247 76
454 183 121
468 5 115
472 101 78
473 183 113
486 131 76
82 1 74
87 26 78
89 94 79
96 379 88
103 91 76
114 420 78
115 0 74
116 247 78
118 383 93
119 5 123
119 152 74
120 179 81
121 26 88
122 4 78
122 382 89
126 226 86
126 3 78
129 8 78
136 336 84
141 1 84
146 287 74
160 347 88
161 170 84
163 10 123
163 351 81
166 445 78
170 0 74
171 163 81
171 108 88
173 102 76
173 443 74
177 103 88
178 173 91
179 118 93
183 341 74
184 334 74
187 26 74
193 379 76
195 26 84
200 5 109
201 208 74
208 386 79
213 224 74
215 5 119
216 4 74
218 9 76
218 10 129
219 6 74
223 17 74
225 14 76
226 16 84
226 36 74
227 35 84
227 485 86
228 213 84
229 12 74
229 14 84
230 477 86
233 9 74
242 394 74
242 343 91
243 33 74
247 311 74
251 2 84
254 2 74
254 266 84
255 16 84
255 162 89
266 231 74
269 3 76
270 283 74
272 10 119
273 3 74
273 9 76
276 355 74
278 10 131
282 83 74
287 21 123
292 167 74
310 102 74
313 9 74
313 336 76
315 209 74
316 4 84
318 8 84
322 31 131
329 11 123
332 114 88
334 147 78
342 229 79
342 26 76
345 413 84
347 353 78
348 3 88
351 3 79
351 286 76
355 117 74
356 116 78
357 137 127
362 37 129
366 19 129
366 13 115
371 292 113
379 176 89
380 87 79
381 383 79
382 379 76
383 244 84
384 341 78
387 4 78
387 410 76
387 443 84
390 110 89
391 408 79
395 347 74
404 116 88
404 89 78
406 145 76
407 385 74
412 36 84
414 38 74
414 456 84
414 330 74
418 314 84
420 342 93
422 340 76
426 26 74
431 3 74
434 343 81
436 25 86
438 17 84
439 325 74
440 169 81
446 262 76
458 208 84
460 4 84
465 177 91
474 286 84
475 0 84
484 1 84
488 467 84
489 231 84
82 451 89
82 4 79
83 14 76
84 314 86
85 115 77
86 284 77
88 1 89
89 38 76
89 456 72
93 8 91
94 7 76
94 151 67
97 438 87
102 111 76
103 122 79
114 233 86
115 7 72
116 0 79
116 347 67
119 332 81
119 14 72
122 122 71
124 29 76
125 35 86
127 7 82
129 7 86
132 321 72
141 428 84
146 102 87
149 233 84
150 229 89
151 344 71
152 284 72
159 211 76
162 123 81
165 438 81
166 167 77
166 29 72
166 276 84
169 16 86
169 26 79
170 33 86
170 35 86
170 6 81
170 84 77
173 484 72
173 383 77
179 268 76
187 384 77
188 32 82
188 303 82
193 27 82
197 217 72
199 233 82
199 455 72
200 2 82
202 335 74
205 1 77
207 224 87
207 290 76
207 9 87
208 4 84
209 5 115
210 253 86
211 244 84
214 280 72
214 314 82
222 19 74
224 402 77
225 447 77
226 340 89
227 3 91
233 7 72
233 348 77
234 212 72
234 162 91
236 7 72
239 17 72
241 16 82
242 438 86
243 39 82
243 26 77
247 0 89
247 1 81
247 261 82
250 444 82
252 39 82
252 22 72
252 412 77
253 222 94
254 152 89
255 224 84
258 9 77
259 37 82
264 331 82
265 33 74
269 328 72
272 318 82
274 115 79
282 204 72
283 446 72
284 127 79
291 4 84
291 159 86
294 406 82
306 33 72
309 195 82
310 12 74
313 17 72
314 16 72
315 38 72
316 398 74
316 181 77
319 38 82
319 271 72
328 383 86
334 119 87
336 335 86
337 332 74
341 179 93
343 16 74
343 394 87
343 212 84
344 32 77
345 384 81
345 429 77
345 14 74
345 16 87
345 305 77
345 316 82
348 36 77
348 16 87
351 2 74
353 337 74
357 355 76
380 412 81
383 35 72
386 14 77
387 2 74
390 478 87
392 410 72
395 209 74
396 6 84
403 82 91
405 26 82
406 10 113
409 382 79
418 8 77
420 15 82
421 0 87
421 260 82
421 412 81
427 483 72
428 271 72
432 22 82
433 23 82
434 1 77
434 449 77
437 37 82
439 4 81
439 37 72
440 18 72
443 463 82
445 39 74
445 9 87
446 247 87
446 26 79
448 290 91
449 462 77
453 17 72
453 427 72
457 36 72
459 29 82
465 37 72
465 8 79
465 9 81
467 18 82
467 31 72
468 289 79
468 34 84
472 271 72
472 25 82
473 12 72
475 122 81
482 38 82
483 234 82
485 29 82
486 194 72
488 119 77
82 11 80
82 334 79
86 232 89
86 276 75
87 11 74
88 3 65
88 36 89
89 319 85
91 7 89
94 326 77
95 372 79
97 276 75
101 453 77
101 207 75
102 3 89
103 25 70
104 1 77
104 407 77
109 103 89
110 7 70
111 35 74
111 33 84
114 33 79
114 324 75
115 15 84
115 23 82
115 207 65
116 35 75
116 13 84
116 17 87
117 325 89
117 336 65
119 33 75
123 489 77
124 422 79
124 17 77
126 359 65
126 15 84
129 24 84
129 447 69
132 8 85
136 39 80
137 40 82
138 254 75
145 20 85
147 35 79
161 36 74
162 37 70
164 16 77
164 2 77
164 368 89
164 440 69
165 223 80
166 472 77
167 362 79
167 28 70
168 209 75
168 22 74
169 8 71
169 412 94
170 36 79
170 16 87
170 3 65
171 19 80
171 245 69
173 468 84
176 32 89
176 323 87
179 9 79
180 2 87
180 30 71
180 290 75
181 19 80
183 434 75
183 24 72
184 229 80
195 6 75
196 28 70
197 294 82
198 470 92
199 435 75
200 449 90
200 9 79
201 24 70
204 14 75
204 16 72
205 25 72
206 12 70
206 271 72
206 25 75
211 274 85
213 23 70
215 438 79
215 286 87
216 418 84
216 404 75
226 168 79
227 484 84
227 431 89
230 236 90
230 20 75
231 36 79
232 34 72
232 37 80
232 409 85
233 261 87
233 19 70
235 11 70
238 34 80
239 19 70
240 18 80
240 3 75
241 19 80
241 250 92
242 197 94
242 198 82
242 315 80
245 423 84
245 117 94
246 87 69
247 35 80
250 88 73
251 25 79
252 303 75
253 265 85
253 280 80
253 20 89
260 89 65
261 35 75
261 392 77
261 387 92
269 39 70
269 412 75
271 9 87
273 37 80
273 402 85
281 24 80
287 344 69
287 338 87
290 17 80
291 176 65
292 12 70
294 20 80
301 32 80
302 418 75
305 37 70
308 15 82
314 376 79
315 254 80
316 8 77
318 223 94
319 11 80
319 19 80
322 228 80
324 88 79
328 228 70
328 10 121
331 1 84
332 305 82
332 20 80
333 214 74
333 25 84
335 26 79
335 127 79
335 415 85
337 240 72
342 40 89
342 301 82
348 23 82
356 2 75
357 453 75
359 123 75
359 27 72
363 1 70
367 437 85
369 381 75
380 398 72
382 15 85
384 39 75
386 34 72
386 291 65
396 7 72
398 322 82
399 422 70
402 26 77
403 33 74
404 231 79
404 371 80
406 103 87
407 213 82
408 200 74
409 96 75
411 27 70
411 29 84
412 14 80
414 7 85
415 33 75
420 33 92
421 36 84
423 19 80
426 337 75
430 30 77
431 31 80
435 86 79
436 16 85
436 20 77
437 482 84
437 36 85
438 355 85
438 36 87
439 17 89
443 363 79
443 121 69
446 312 77
451 197 94
456 104 75
456 40 80
460 248 82
462 7 79
462 265 75
462 213 80
463 38 82
465 164 73
465 263 75
467 362 75
468 2 87
468 85 73
470 456 94
475 40 70
477 421 77
478 31 72
479 449 92
481 0 75
482 9 79
483 256 79
483 8 75
484 37 70
485 438 77
486 231 90
487 15 70
84 82 88
84 14 82
85 275 79
85 29 77
86 456 78
86 16 82
86 29 65
87 18 73
88 33 67
93 33 67
94 32 65
95 39 73
95 306 67
95 281 77
96 27 65
97 382 90
101 40 77
101 16 77
101 186 84
102 378 67
104 310 73
104 410 63
105 17 77
107 402 77
110 223 78
114 32 63
114 2 65
117 36 67
119 364 77
120 14 63
121 2 65
121 263 67
121 24 83
122 2 63
122 27 77
123 33 90
124 329 63
125 181 80
125 217 67
125 475 82
129 17 90
131 2 73
132 14 88
132 16 73
138 363 73
140 16 80
140 21 70
141 489 83
141 17 88
146 309 73
150 394 65
150 15 73
151 29 77
159 454 75
159 438 82
161 247 90
163 459 94
164 35 80
164 325 63
167 390 80
167 264 77
167 86 90
167 23 87
168 2 63
168 24 83
169 205 85
169 31 87
171 32 63
171 25 63
173 31 73
177 33 92
177 18 83
177 27 75
178 27 63
186 312 77
186 25 73
190 234 78
190 36 75
191 21 80
194 136 78
195 35 83
198 355 75
198 348 80
198 382 78
201 390 77
201 114 77
201 275 77
203 40 78
203 19 80
204 256 82
204 18 72
204 19 80
205 37 70
205 19 73
206 448 86
208 341 77
209 229 78
209 107 73
209 108 65
210 1 67
210 37 80
211 243 92
211 22 80
212 25 73
212 36 78
213 264 75
214 2 77
216 422 73
218 391 88
218 218 82
219 2 87
222 39 80
224 23 77
225 39 75
225 395 88
225 208 63
226 123 78
227 34 75
227 37 77
228 39 90
231 13 80
231 18 87
235 431 88
236 348 88
240 215 80
241 20 75
243 22 92
244 102 77
245 291 63
246 5 68
248 13 84
248 4 73
250 23 73
251 289 71
251 354 96
251 22 80
252 26 78
253 1 67
254 292 77
254 22 90
254 378 67
260 209 67
260 181 80
261 5 80
261 403 78
264 36 82
264 17 80
265 485 80
265 38 73
265 17 90
266 2 87
266 486 88
268 198 80
269 271 82
270 32 87
270 371 73
271 21 68
272 453 85
273 174 67
275 16 87
276 363 73
278 36 90
279 16 77
280 14 90
280 86 63
280 475 82
282 24 68
283 38 73
291 17 75
293 414 90
295 246 87
296 39 68
301 23 68
305 82 67
305 219 78
309 233 88
309 483 80
311 149 81
314 343 71
314 183 82
318 428 78
319 423 92
319 425 84
319 16 78
321 369 73
325 120 73
328 432 87
329 25 68
330 125 67
331 33 72
333 33 87
333 18 78
333 437 84
334 0 73
335 108 77
336 11 78
336 239 75
341 23 72
345 279 63
346 16 63
350 329 67
350 14 80
353 202 83
354 22 73
355 410 73
359 468 82
359 22 70
361 22 70
364 199 80
364 200 82
365 84 67
367 32 68
371 263 80
372 15 83
373 34 73
373 37 70
374 258 63
376 261 67
378 37 80
379 8 77
379 294 83
380 22 68
381 39 80
382 25 73
383 32 77
385 188 70
385 166 78
387 385 82
389 36 92
394 18 68
396 271 77
398 20 73
403 1 67
403 353 65
404 412 94
405 3 77
405 17 73
405 22 80
406 24 82
410 437 73
410 29 83
411 475 77
412 420 73
412 468 67
412 378 78
413 6 81
414 259 73
415 227 73
418 10 82
420 18 77
420 30 78
421 261 77
423 14 73
425 36 75
427 35 92
427 168 77
427 400 73
429 14 80
429 141 70
430 198 78
431 484 83
433 27 75
434 9 67
435 1 78
439 5 80
439 470 67
439 410 71
440 292 82
443 15 73
444 15 88
445 4 67
447 11 80
447 211 63
447 26 81
449 5 84
451 5 80
451 30 78
454 489 83
455 305 94
457 33 80
457 2 73
457 178 71
457 281 82
458 14 73
459 7 73
459 186 68
463 13 92
465 448 67
465 129 78
465 400 82
471 3 71
471 413 67
472 241 83
473 17 75
479 17 87
479 36 77
481 2 73
483 32 85
484 178 81
484 184 68
485 487 73
485 343 67
485 279 82
486 363 83
487 33 83
487 94 82
83 108 92
84 18 86
85 24 65
85 10 82
86 356 96
86 10 66
87 22 82
88 11 82
89 10 74
93 392 80
94 40 61
101 12 73
102 459 67
103 479 76
105 39 73
108 18 73
114 34 82
115 31 71
117 13 61
118 8 86
118 34 82
119 406 78
120 18 92
123 40 82
124 183 79
127 19 80
127 334 80
136 210 71
137 174 78
137 334 76
138 13 90
140 3 76
141 30 75
145 295 76
145 26 80
146 40 65
149 109 84
150 22 80
151 357 84
151 31 65
156 38 63
159 36 61
160 181 76
160 422 65
160 367 67
162 13 90
162 221 75
163 37 71
164 34 71
166 183 75
168 5 80
169 22 82
173 3 94
174 21 71
176 9 78
176 13 61
177 212 79
178 19 65
178 23 76
181 205 94
183 37 80
183 357 61
184 24 81
188 170 78
191 30 76
193 4 75
193 206 80
195 34 80
195 258 79
195 15 76
196 168 86
196 410 75
196 179 88
197 392 88
197 413 71
197 30 69
198 22 92
198 23 76
199 3 76
201 395 92
201 15 73
203 38 90
205 460 71
205 14 90
205 315 63
207 14 65
208 198 75
210 395 61
210 187 71
213 104 75
213 24 73
214 5 76
214 9 65
214 408 61
214 22 80
215 1 78
215 210 92
217 161 75
217 206 90
217 111 69
218 39 80
218 206 80
218 408 86
218 287 75
221 450 71
221 254 61
222 2 69
222 35 65
224 9 78
224 12 80
225 32 80
225 365 78
225 7 69
228 21 78
229 32 75
229 431 69
232 403 65
232 30 86
234 37 78
235 24 75
236 8 69
236 11 86
239 11 78
239 451 69
241 338 61
242 32 71
244 216 73
245 200 85
245 217 75
246 12 90
248 241 71
250 0 78
254 32 76
254 25 76
254 29 76
256 21 80
256 110 88
258 36 65
259 474 65
259 29 75
259 31 80
261 29 61
263 19 71
263 300 73
264 448 75
265 206 82
266 11 88
268 34 83
268 178 88
270 396 78
270 27 71
271 37 83
271 10 90
274 209 61
274 445 71
275 39 82
276 208 73
276 34 76
278 22 73
278 145 76
279 37 78
279 15 86
280 332 86
281 395 80
281 301 75
282 316 88
283 265 80
283 430 92
284 150 78
286 16 88
286 33 88
286 453 65
287 34 83
287 35 65
287 14 76
292 193 88
294 150 75
294 265 81
294 16 86
295 7 83
297 114 90
303 3 75
305 355 88
305 40 83
305 10 90
305 18 71
306 400 88
306 6 69
306 39 92
307 15 86
308 209 80
309 1 88
310 125 80
311 19 71
311 28 81
313 0 65
313 24 85
314 15 86
314 22 73
318 167 86
319 5 66
322 1 71
322 2 75
322 233 73
322 25 85
325 1 61
325 277 73
328 32 81
328 26 77
329 251 61
330 8 61
330 37 70
332 2 67
332 132 90
332 383 90
333 40 73
334 487 63
334 17 61
334 31 73
335 38 65
336 216 82
338 316 71
342 0 78
342 18 63
342 22 71
345 34 75
345 15 65
347 37 75
347 13 71
347 28 65
348 37 61
348 8 76
353 140 92
353 17 78
353 217 81
356 33 71
357 32 77
357 265 61
359 93 82
362 434 61
363 30 61
363 39 66
364 411 65
367 374 61
367 23 78
368 445 92
369 40 68
369 340 65
371 18 71
371 28 81
372 305 76
378 428 92
380 212 71
382 354 82
383 11 61
383 23 90
384 40 82
385 4 78
387 6 76
387 40 82
387 18 77
389 4 88
389 5 78
391 23 65
392 85 80
392 22 71
394 89 80
394 386 76
396 222 65
398 456 88
398 9 65
398 21 76
402 7 67
402 37 71
402 303 61
404 36 92
405 173 78
406 33 65
407 36 78
407 14 88
408 25 65
409 36 90
409 197 71
410 137 74
411 33 63
415 21 78
420 27 63
422 173 78
423 1 61
423 15 71
425 13 80
425 111 69
425 28 75
426 18 75
426 203 76
426 5 66
427 85 80
428 34 78
429 15 78
430 178 88
431 24 81
432 2 61
433 193 61
436 38 79
438 25 75
438 29 61
444 321 65
444 429 69
445 25 65
448 12 71
451 9 76
454 4 65
454 203 82
454 18 78
455 22 78
455 407 69
458 210 75
459 129 76
460 9 75
463 363 61
463 14 65
465 364 65
467 484 65
468 12 75
470 186 79
472 260 61
472 359 71
472 9 69
473 290 79
473 9 61
474 297 78
474 5 86
479 18 86
483 26 76
484 11 90
485 287 75
487 9 79
489 162 86
91 21 73
97 324 90
108 10 64
109 19 88
109 410 78
110 34 69
111 301 82
118 21 73
121 27 80
123 21 90
127 21 76
136 35 63
137 12 79
138 36 63
140 0 74
141 473 59
145 5 73
149 368 82
150 11 77
151 25 76
155 18 69
156 31 59
156 6 74
163 371 82
164 5 85
166 11 87
168 31 80
179 132 69
182 33 73
182 20 77
184 159 78
186 36 63
187 488 59
188 16 73
188 472 67
188 27 76
191 392 63
193 368 73
194 266 73
196 275 77
198 21 86
199 33 73
199 472 63
200 36 63
200 324 76
205 18 84
207 37 88
207 40 63
207 11 65
208 37 84
210 6 76
210 11 80
211 11 79
211 408 88
213 105 80
215 25 69
215 219 79
218 8 86
218 398 73
219 14 59
219 12 63
221 232 73
221 7 67
225 37 69
226 19 63
230 24 76
231 37 67
231 24 73
232 21 79
232 27 84
235 35 77
238 27 90
238 326 63
240 232 73
240 29 86
241 0 74
243 23 59
246 23 63
250 13 73
252 31 63
261 11 69
262 14 63
263 32 59
264 0 74
266 32 63
266 152 86
268 366 82
269 319 59
270 36 67
273 475 63
277 8 78
277 4 84
279 25 63
281 21 83
284 1 74
284 402 78
286 19 78
286 21 71
289 10 64
294 6 63
296 19 78
297 10 78
301 10 76
309 12 79
311 371 74
312 32 76
314 25 74
315 0 74
315 213 73
315 25 67
323 17 80
323 198 59
324 35 73
324 217 61
325 427 69
330 24 69
334 160 76
336 4 74
337 40 65
337 373 90
348 369 74
354 11 69
356 381 74
357 11 59
362 309 73
364 38 88
364 274 59
366 396 69
368 395 63
369 35 65
369 12 59
371 194 80
376 11 59
376 23 65
378 202 82
378 11 80
378 19 63
381 11 80
382 32 84
384 366 82
385 366 92
392 5 64
399 405 84
399 217 69
399 29 59
400 39 78
400 195 73
403 13 59
404 40 63
404 206 82
407 37 71
409 21 79
410 11 90
411 156 86
418 22 67
422 12 71
422 371 74
422 21 76
423 392 73
423 12 79
425 14 59
425 272 67
425 25 86
427 2 59
427 6 76
427 17 59
428 488 67
428 25 63
428 4 84
429 184 81
430 35 59
430 132 73
430 14 77
431 21 73
432 34 59
435 40 69
438 13 71
439 19 63
444 37 59
445 19 63
446 5 77
447 15 67
450 24 84
451 13 59
454 20 63
455 2 77
457 328 63
460 32 74
460 110 78
462 40 63
465 34 67
474 29 63
477 29 69
479 33 63
483 38 67
483 241 67
486 430 69
488 9 84
489 8 74
489 25 74
82 28 78
88 5 67
94 24 72
102 5 73
102 27 90
111 29 76
125 5 67
125 28 88
136 37 57
137 23 65
151 28 90
155 140 65
161 31 86
176 5 65
177 10 69
181 10 71
183 5 75
188 18 57
188 28 67
190 39 71
195 24 65
197 7 74
205 21 67
216 10 67
216 23 65
222 190 79
238 13 61
252 21 57
253 184 57
264 24 75
268 39 67
268 13 57
271 39 65
274 287 80
284 21 72
292 217 67
294 36 61
294 213 79
296 474 57
297 33 57
297 36 65
300 2 71
302 13 61
305 34 67
305 23 71
316 13 61
319 31 67
324 105 84
324 15 57
324 18 88
324 19 57
325 28 61
326 411 76
328 13 80
329 22 90
331 9 72
335 21 78
336 10 83
364 19 67
366 297 71
366 10 77
367 292 82
369 19 63
371 15 76
372 331 78
378 21 88
379 31 72
383 5 65
387 5 75
395 363 78
400 31 71
402 371 78
405 21 78
405 186 75
409 12 84
412 21 61
421 20 82
425 10 81
425 23 61
429 11 67
429 13 77
430 11 61
431 28 72
434 21 67
444 138 65
454 37 65
454 39 57
454 300 67
457 18 65
471 184 79
472 22 65
477 13 67
482 11 57
483 13 71
109 10 55
163 20 78
178 20 80
184 132 59
215 20 70
248 10 67
260 10 63
293 23 73
294 18 59
296 37 55
297 24 82
300 40 65
300 39 63
322 21 74
323 25 74
364 32 72
376 10 65
427 21 73
443 10 63
451 10 63
455 20 90
477 138 55
276 5 57
325 24 72
329 290 68
373 20 78
367 20 76
