82 150 173
91 343 178
127 120 198
145 126 148
147 86 198
165 343 138
165 165 143
178 146 183
346 165 143
384 97 138
82 465 161
84 103 181
87 0 146
87 6 146
89 3 186
91 0 146
104 171 156
111 164 181
123 402 171
126 6 146
145 290 171
145 8 156
149 402 156
155 387 176
171 3 196
178 1 156
181 449 191
204 384 181
208 126 146
228 383 146
231 348 141
247 163 176
259 387 176
340 165 166
342 9 141
343 161 131
344 255 151
390 6 146
391 9 206
410 382 141
435 167 161
438 342 141
82 186 174
89 2 169
91 25 134
94 265 159
96 35 189
96 316 189
101 310 154
103 159 164
109 1 199
109 102 164
111 225 164
117 473 204
120 306 159
126 312 174
146 33 189
149 308 149
150 472 154
151 371 194
156 1 139
156 255 159
167 36 169
170 14 159
173 472 144
176 14 139
177 431 179
179 266 159
180 14 149
183 131 144
198 178 164
203 0 159
205 3 129
206 8 154
219 173 144
223 338 144
229 405 129
230 0 144
242 1 169
242 437 169
243 3 174
243 1 164
246 338 169
248 410 164
256 156 154
260 30 174
272 87 164
275 350 129
279 382 154
282 6 164
282 412 154
283 8 159
284 6 169
291 102 194
302 167 164
308 89 189
308 178 179
310 350 169
328 385 164
332 26 189
332 253 154
332 30 164
335 156 204
335 412 149
336 152 159
347 20 179
355 1 154
369 169 134
373 332 144
376 3 169
377 1 204
380 451 169
383 357 134
384 14 134
385 355 199
386 459 144
386 20 169
391 319 144
407 338 179
409 108 159
413 155 154
414 261 154
415 9 139
423 150 184
436 8 184
436 405 154
437 1 134
440 258 144
440 3 204
443 9 144
444 3 154
447 1 179
448 340 179
449 436 174
463 444 129
465 1 194
481 385 159
82 19 117
87 24 157
94 37 177
101 27 162
104 2 157
104 36 177
107 7 137
111 14 152
119 5 167
122 19 177
141 8 167
152 7 117
159 25 177
163 40 187
163 10 167
167 31 202
169 37 162
182 8 177
186 448 127
187 107 142
191 160 167
194 26 162
199 4 167
200 8 152
204 7 162
204 17 177
206 321 187
206 33 142
207 7 162
207 478 137
208 484 162
209 7 162
209 29 162
210 17 162
213 409 202
226 140 142
227 33 142
228 38 142
229 20 132
234 378 142
236 376 152
238 109 172
242 277 197
243 29 152
244 241 187
245 20 162
248 32 152
248 36 162
255 238 172
258 328 142
260 7 167
260 25 187
261 473 177
264 9 117
264 411 182
273 229 127
273 255 142
275 30 162
279 283 162
282 38 167
284 20 137
289 238 187
301 168 167
302 9 162
303 409 162
303 407 182
308 105 172
310 6 192
319 332 152
321 110 162
329 4 192
333 2 177
333 281 182
335 17 137
337 36 142
337 7 172
341 392 162
341 2 187
343 37 167
347 34 152
354 20 167
355 14 127
356 14 157
357 137 152
359 29 152
361 38 167
377 14 127
380 32 117
381 321 147
386 18 147
386 24 192
395 414 167
398 242 177
407 263 142
411 36 212
411 7 117
413 309 167
427 9 162
431 226 142
435 14 157
439 453 177
440 355 177
446 274 187
460 3 172
463 16 137
470 32 157
471 364 172
471 428 127
473 1 172
478 26 177
483 9 172
91 12 125
102 22 165
108 19 155
110 15 140
152 19 180
159 31 155
160 18 195
161 39 140
180 199 170
186 2 170
194 20 185
198 38 135
199 423 115
200 485 155
200 472 155
205 34 185
209 5 170
225 204 160
225 28 155
231 39 140
231 23 150
233 305 135
235 7 115
236 38 150
236 20 155
239 29 170
241 17 165
244 31 150
246 19 200
247 28 130
248 19 165
251 23 125
261 28 115
271 36 165
273 483 145
280 367 195
283 18 185
287 22 195
287 24 180
292 415 160
295 412 170
301 256 185
303 7 180
309 399 175
309 16 175
312 25 170
313 33 150
321 29 155
323 14 130
326 270 115
363 33 160
363 423 140
374 296 165
376 34 165
380 15 155
398 431 175
399 36 140
399 454 145
403 39 150
403 297 180
403 23 170
405 24 150
406 10 165
421 24 140
425 2 165
429 32 140
434 24 155
435 297 175
440 10 130
443 37 165
445 5 170
447 23 195
450 15 155
450 23 185
451 19 140
454 183 150
456 429 150
459 427 195
462 31 145
463 27 150
468 5 160
471 23 165
472 392 150
473 183 165
477 33 190
481 20 165
484 395 150
485 25 155
487 35 115
487 25 185
488 38 160
95 11 177
121 11 183
124 11 167
186 40 198
194 34 178
195 18 183
200 5 173
215 5 163
218 10 168
232 15 123
234 27 188
264 34 138
266 39 173
269 15 173
272 10 173
278 10 138
287 21 128
295 310 158
300 29 133
300 38 153
306 18 173
309 40 183
314 293 158
322 31 188
328 10 128
362 37 153
366 19 128
371 292 123
395 34 193
422 37 188
422 39 178
457 23 138
459 27 138
474 27 148
475 37 148
486 27 198
488 22 128
85 115 91
88 176 91
89 94 101
94 151 106
95 166 86
105 13 161
116 347 106
117 94 91
118 383 116
119 121 91
120 179 116
122 122 86
122 382 111
151 344 101
159 13 196
162 123 81
163 351 106
166 167 111
170 84 96
171 163 116
173 383 91
178 173 111
179 118 126
215 215 146
265 12 131
278 193 196
280 21 136
293 22 161
295 37 176
301 37 156
312 12 171
325 214 155
344 165 126
345 384 106
346 125 106
383 129 91
432 11 156
473 213 146
486 219 206
82 1 99
82 451 124
82 4 114
82 334 89
86 284 99
87 26 109
88 1 124
88 3 104
93 8 89
95 372 79
96 379 109
97 438 114
103 122 79
103 91 104
114 420 94
115 0 124
116 0 134
116 247 74
117 336 84
119 332 89
119 152 124
121 26 104
122 4 109
126 226 119
126 3 124
129 447 79
129 8 134
146 102 144
146 287 74
150 229 114
160 347 94
161 170 99
164 440 84
165 438 124
166 445 84
169 8 79
169 26 99
170 0 104
170 6 79
170 3 89
171 108 124
171 245 94
173 102 99
173 443 99
177 103 109
179 9 94
180 30 89
180 290 99
195 13 164
208 386 79
226 168 99
242 343 114
246 87 94
250 145 84
250 88 94
255 162 109
260 89 79
260 351 134
282 83 109
284 127 99
287 344 89
291 176 94
296 199 129
314 13 144
329 11 134
332 114 89
334 147 124
334 119 114
335 127 84
341 179 114
342 229 114
342 26 124
345 413 114
347 353 94
348 3 99
351 3 124
351 286 134
355 117 104
356 116 99
359 123 99
366 13 134
379 176 119
380 87 104
381 383 114
382 379 104
383 244 104
384 341 89
386 291 84
387 4 74
387 410 109
387 443 99
390 110 99
391 408 89
403 82 124
404 116 99
404 89 94
406 145 109
407 385 94
409 96 99
409 382 114
420 342 99
434 343 119
435 86 104
440 169 124
443 121 104
451 86 89
462 179 89
465 164 99
465 177 89
468 85 69
83 14 107
84 314 107
84 82 92
85 275 92
85 29 102
86 232 87
86 276 112
86 29 82
88 36 122
88 33 87
89 38 107
89 456 82
89 319 97
91 7 132
93 33 67
94 32 92
94 326 102
94 7 102
95 306 77
95 281 92
97 276 87
97 382 117
101 453 97
101 16 97
102 3 97
102 111 107
102 378 87
104 1 97
104 407 117
104 410 112
107 402 97
109 103 87
114 32 112
114 33 102
114 2 92
114 324 97
114 233 97
115 7 72
116 35 117
116 17 87
117 36 122
117 325 132
119 33 122
119 364 77
119 14 87
120 14 82
121 2 82
121 263 102
122 2 92
123 489 97
124 422 132
124 329 92
124 17 102
124 183 122
124 29 132
125 35 107
125 181 117
126 359 87
127 7 122
129 7 72
131 2 67
145 20 122
146 309 112
147 35 112
149 233 97
150 394 92
151 29 67
152 284 82
159 211 102
164 16 87
164 2 87
164 325 112
164 368 87
166 29 72
166 276 87
166 183 97
166 472 122
167 390 82
167 264 92
167 362 87
167 86 107
168 2 112
169 16 107
170 33 87
170 35 87
170 36 107
170 16 122
171 32 92
171 25 82
173 484 97
176 32 112
176 323 122
179 268 127
179 132 102
180 2 122
186 179 97
187 384 87
201 390 92
201 114 92
202 335 102
205 1 112
207 224 107
207 290 102
207 9 87
208 341 67
208 4 72
209 107 87
209 108 67
210 1 77
210 253 97
211 244 102
224 402 107
225 6 97
225 447 102
226 4 102
226 340 122
226 405 102
227 3 107
231 3 87
233 348 102
234 162 102
241 343 72
243 26 87
244 418 122
244 102 87
244 290 112
245 291 82
246 8 87
247 0 77
247 1 112
248 4 102
251 289 77
252 412 87
253 1 82
254 336 87
254 152 87
254 378 112
258 9 122
259 447 112
260 8 72
263 350 97
271 124 102
273 174 97
274 115 112
280 86 102
280 122 72
282 204 97
283 446 97
287 338 97
291 4 107
291 159 87
305 82 87
311 149 92
313 389 107
314 343 122
316 181 132
324 88 122
325 120 67
328 383 132
330 125 92
334 0 82
335 108 97
335 26 87
335 415 77
336 335 97
337 332 87
343 16 87
343 394 122
343 212 82
344 32 97
345 429 122
345 14 87
345 16 122
345 305 87
345 279 67
345 316 72
346 16 82
348 36 122
348 16 112
350 329 112
351 2 92
353 337 107
355 410 92
357 355 122
365 84 87
374 258 97
376 261 82
379 8 102
380 412 87
382 25 67
383 32 77
383 35 87
385 166 102
386 14 97
387 385 92
387 2 112
390 478 122
395 347 72
402 26 112
403 1 77
404 231 112
405 3 112
405 26 82
406 103 122
410 437 87
412 420 102
412 468 102
413 6 112
414 259 82
415 227 77
418 8 122
418 361 102
421 0 112
421 261 87
421 412 112
427 168 77
429 94 72
434 1 107
434 449 107
434 9 87
434 332 107
435 432 87
439 4 97
439 404 87
439 470 77
439 410 92
445 4 102
445 9 112
446 4 97
446 247 132
446 26 122
447 26 122
448 290 77
449 462 122
450 287 72
451 247 117
457 178 87
465 448 97
465 8 112
465 9 77
468 289 87
471 3 102
471 413 87
472 101 107
475 122 97
484 178 102
485 343 112
486 131 82
488 119 102
82 11 90
83 108 90
85 24 110
86 356 115
87 11 110
87 18 120
88 5 80
94 40 90
95 39 105
96 27 80
101 40 85
101 207 95
102 459 85
103 25 70
104 310 110
105 17 105
110 7 70
111 35 70
111 33 95
115 15 85
115 23 100
115 207 75
115 31 75
116 13 105
118 8 140
119 406 115
121 24 105
122 27 100
125 5 75
126 15 85
127 334 115
129 24 90
132 8 130
136 336 80
138 254 105
141 1 90
141 30 100
145 5 140
145 26 130
146 40 100
149 109 95
150 15 120
151 357 130
151 31 75
155 140 75
156 38 100
159 36 85
159 454 130
160 181 90
160 422 100
160 367 100
161 36 105
162 37 90
163 37 100
164 34 80
164 5 130
165 223 115
167 23 120
167 28 90
168 209 75
168 22 90
168 24 75
169 205 120
169 412 120
169 31 95
171 19 120
173 3 105
173 468 125
173 31 100
176 5 100
176 9 125
177 10 65
177 18 85
177 27 85
178 19 90
178 27 95
181 10 100
181 19 105
181 205 115
183 434 85
183 341 115
184 334 120
187 26 105
193 379 80
193 4 95
195 6 85
195 258 90
195 26 100
196 410 90
197 413 110
197 30 75
199 435 110
200 9 105
201 208 120
204 14 105
204 16 105
205 460 85
205 25 100
205 315 100
206 12 120
206 271 110
206 25 110
207 14 100
210 395 65
210 187 120
211 274 110
213 224 70
213 104 90
214 9 110
214 408 75
215 438 85
215 286 100
216 4 110
216 404 75
217 161 100
217 111 100
218 9 105
218 287 85
219 6 90
221 450 80
221 254 90
222 2 75
222 35 95
222 190 110
223 17 85
225 14 95
225 7 90
226 16 85
226 36 110
226 123 100
227 431 105
227 35 85
227 485 110
228 213 105
229 32 95
229 12 70
229 14 85
229 431 110
230 477 95
230 20 110
231 36 105
232 403 80
232 409 95
233 261 95
233 9 95
236 8 75
239 451 95
240 3 95
241 338 80
242 32 90
242 394 95
243 33 105
245 117 125
247 311 85
248 241 75
251 2 85
251 25 95
252 303 95
253 265 110
253 20 110
253 184 100
254 2 80
254 266 105
255 16 80
258 36 80
259 474 100
259 29 90
260 181 115
261 35 120
261 392 120
261 387 105
261 29 90
264 448 85
266 231 115
269 3 100
269 412 110
270 283 120
271 9 100
273 3 90
273 9 95
273 402 95
274 445 110
276 355 70
283 38 140
284 150 90
286 453 85
287 35 110
290 17 90
291 17 105
292 167 105
294 150 75
302 418 120
303 3 105
306 6 65
310 102 100
313 0 95
313 9 95
313 336 105
314 376 95
315 209 130
316 8 130
316 4 95
318 8 95
322 1 65
322 228 90
325 1 100
328 228 85
328 432 85
328 26 75
329 251 65
330 8 90
331 1 85
332 2 105
332 305 120
332 20 70
332 383 120
333 33 95
333 214 110
333 25 70
334 487 85
334 17 120
335 38 90
336 239 110
337 240 90
338 316 85
342 0 140
342 40 120
342 301 110
342 18 95
342 22 75
345 34 90
345 15 75
347 37 75
347 28 90
348 37 75
348 8 100
348 23 85
356 33 100
356 2 105
357 32 100
357 453 105
357 265 75
359 27 90
359 93 130
362 434 90
363 1 85
363 30 95
364 411 75
367 437 85
367 374 120
369 340 85
369 381 85
380 398 80
382 354 80
382 15 105
383 5 90
384 39 105
385 4 90
386 34 105
387 5 95
387 6 130
387 18 110
389 4 90
389 5 80
391 23 90
392 410 90
395 209 85
396 222 75
396 6 105
398 9 90
402 7 95
402 303 80
403 33 85
403 353 100
404 371 120
405 173 105
405 17 130
405 186 85
406 33 85
407 213 85
408 200 70
408 25 80
410 137 100
410 29 85
411 33 85
411 475 115
411 27 85
411 29 105
412 36 90
414 38 100
414 7 110
414 456 80
414 330 85
415 33 120
418 314 105
422 340 80
423 1 85
425 111 100
426 337 115
426 26 105
430 30 85
431 3 85
432 2 85
436 38 90
436 16 95
436 20 110
436 25 100
437 36 85
438 355 105
438 36 140
438 17 80
438 25 75
438 29 85
439 17 100
439 325 90
443 363 95
444 321 90
444 138 90
444 429 80
445 25 80
446 262 115
446 312 120
454 4 75
455 407 110
456 104 95
458 208 110
460 4 95
460 9 100
462 7 105
462 265 120
463 363 100
463 14 85
465 129 125
465 263 100
465 364 100
467 484 75
467 362 120
468 2 95
470 186 120
471 184 85
472 260 65
472 9 90
473 290 90
473 9 65
474 286 100
475 0 130
477 421 130
481 0 85
482 9 120
483 256 85
483 8 120
484 1 135
485 438 130
485 287 110
487 9 90
488 467 100
489 231 110
84 14 88
86 456 113
86 16 123
91 21 73
93 392 88
97 324 113
101 12 83
101 186 113
102 5 93
105 39 83
108 18 93
109 10 78
109 410 93
110 34 93
110 223 123
118 21 98
121 27 123
123 33 98
125 217 78
125 475 78
129 17 128
132 321 118
132 16 118
136 35 98
137 174 113
138 363 98
138 36 83
141 489 103
141 428 103
141 473 108
149 368 78
151 25 88
155 18 78
156 31 83
156 6 128
159 438 138
161 247 138
162 221 118
163 459 118
163 371 128
163 20 128
164 35 78
174 21 73
177 33 103
177 212 103
178 20 128
182 33 73
182 20 83
183 357 78
184 132 93
186 36 88
186 312 118
186 25 98
187 488 88
188 32 83
188 170 108
188 303 113
188 16 78
188 472 88
190 36 113
191 392 88
193 368 103
193 27 103
194 136 83
194 266 98
195 35 83
196 168 123
196 275 93
196 179 128
197 217 83
198 355 83
198 348 113
198 382 128
199 33 83
199 233 68
199 455 83
199 472 88
200 2 83
200 36 93
201 275 93
203 40 98
203 19 83
204 256 123
204 18 93
204 19 98
205 37 98
205 19 103
206 448 98
207 40 98
209 229 78
210 37 78
210 6 138
211 243 88
211 22 113
211 408 123
212 25 128
213 264 83
214 2 108
214 280 98
214 314 83
215 25 63
216 422 128
218 391 78
218 398 73
219 2 108
219 14 98
221 232 93
221 7 93
222 19 113
224 9 88
224 23 108
225 37 78
225 39 93
225 208 63
226 19 83
227 34 93
227 37 93
231 37 98
231 18 83
231 24 98
233 7 93
234 212 93
235 35 98
236 7 88
236 348 98
238 326 98
239 17 68
240 232 73
241 16 108
241 20 83
242 438 103
243 39 103
243 23 88
246 5 68
246 23 108
247 261 118
248 10 73
250 0 93
250 23 108
250 444 138
251 354 118
252 39 98
252 22 93
252 26 103
252 31 93
253 222 113
254 292 93
255 224 133
256 110 78
259 37 83
260 10 88
260 209 103
261 403 138
262 14 83
263 32 88
264 331 83
265 33 78
265 38 83
266 32 93
266 2 98
268 178 133
269 328 108
269 319 83
270 32 108
270 36 63
270 371 83
272 453 93
272 318 113
273 475 73
275 16 128
276 363 93
278 145 123
279 16 128
279 25 83
282 24 68
284 1 128
284 402 93
287 34 108
294 6 83
294 406 68
295 246 108
306 33 83
309 195 103
310 12 103
310 125 103
313 17 128
314 16 88
315 38 108
315 25 73
316 398 118
318 167 128
319 38 93
319 271 78
321 369 118
322 2 108
322 233 103
322 25 93
324 35 93
325 427 73
325 277 108
328 32 128
329 25 98
331 33 83
333 40 108
333 18 68
333 437 113
334 160 113
334 31 118
336 4 98
336 10 128
336 11 83
337 40 93
337 373 103
341 23 98
348 369 138
350 14 78
353 202 98
354 22 73
356 381 98
359 468 103
359 22 78
361 22 118
362 309 78
364 199 108
364 200 93
364 274 83
366 396 108
367 32 88
368 395 83
369 35 63
371 263 93
372 15 93
373 34 103
373 37 93
376 10 98
376 23 88
378 37 103
378 202 118
378 19 78
379 294 73
380 22 83
381 39 93
382 32 78
384 366 113
385 188 88
385 366 123
389 36 113
392 85 93
394 89 103
394 386 103
396 7 108
396 271 138
398 322 78
398 20 128
399 422 103
399 29 63
402 37 93
404 40 73
404 206 118
404 412 103
405 22 118
406 24 68
407 37 98
411 156 118
412 378 148
418 22 98
420 15 78
420 18 108
420 27 63
420 30 93
421 260 88
422 173 98
423 392 83
423 14 118
425 36 83
425 14 73
425 272 73
427 2 78
427 400 93
427 17 98
427 483 68
427 85 118
428 488 83
428 25 73
428 271 103
429 141 93
429 184 93
430 35 93
430 132 83
430 14 78
430 178 148
431 484 128
432 34 83
432 22 83
433 27 118
433 23 68
435 1 113
435 40 73
437 37 98
439 19 83
439 37 103
440 18 113
443 10 73
443 463 88
443 15 83
444 37 78
445 39 113
445 19 73
446 5 103
447 15 83
447 211 88
451 9 123
451 10 93
451 30 113
453 17 108
453 427 103
454 489 128
454 20 78
455 2 98
457 2 93
457 36 103
457 328 63
458 14 83
459 129 128
459 7 83
459 29 93
462 40 98
465 34 63
465 37 68
467 18 118
467 31 118
468 34 93
472 359 73
472 271 118
472 241 138
472 25 88
473 12 128
473 17 93
474 29 88
477 138 93
477 29 108
479 17 108
479 36 128
479 33 63
481 2 108
482 38 98
483 32 128
483 38 73
483 234 98
483 241 108
485 487 103
485 29 83
486 194 118
486 363 83
486 430 83
487 33 118
487 94 98
489 162 78
82 28 136
84 18 116
85 10 76
86 10 111
87 22 116
88 11 106
89 10 66
94 24 111
102 27 136
103 479 96
111 29 101
114 34 111
117 13 96
118 34 121
120 18 111
123 40 121
125 28 101
127 19 111
136 210 126
136 37 71
136 39 101
137 40 91
137 334 76
137 23 91
140 0 136
140 3 126
145 295 111
150 11 140
150 22 101
151 28 111
162 13 86
166 11 116
168 31 76
169 22 91
176 13 96
178 23 111
183 24 101
183 5 91
184 24 71
184 229 91
184 159 86
188 18 61
188 28 81
190 39 81
191 30 91
193 206 76
195 24 106
196 28 76
197 294 81
198 470 121
199 3 101
200 449 101
201 15 91
201 24 116
203 38 86
205 14 96
205 21 86
208 198 80
213 105 111
213 23 101
213 24 71
215 1 86
215 210 86
216 418 101
216 10 81
216 23 106
217 206 126
218 8 146
218 206 111
218 408 136
224 12 91
225 32 111
225 395 101
225 365 121
227 484 76
230 236 121
232 34 81
232 37 106
232 30 116
233 19 116
235 11 106
235 24 91
238 34 91
239 19 101
240 18 81
241 0 101
241 19 91
241 250 76
242 197 111
242 198 96
242 315 121
244 216 116
245 423 111
245 200 120
245 217 111
246 12 86
247 35 86
252 21 61
253 280 76
254 32 96
254 25 111
254 29 121
263 19 106
263 300 96
264 0 126
264 24 76
265 206 121
266 152 76
268 34 126
268 39 81
269 39 101
270 27 81
271 37 126
271 39 96
273 37 76
274 209 100
274 287 136
276 208 81
276 5 106
277 8 101
277 4 116
278 22 111
280 332 126
281 24 66
281 301 106
282 316 121
283 265 101
283 430 111
286 16 121
286 33 111
286 21 106
287 14 111
292 12 66
294 36 81
294 265 71
294 20 81
295 7 106
296 474 116
297 33 96
297 114 96
297 36 106
300 2 76
301 32 111
305 34 81
305 355 121
305 37 86
305 40 126
305 18 116
305 23 96
308 209 101
308 15 81
309 1 111
311 19 81
311 28 111
313 24 81
314 22 71
315 0 101
315 254 111
318 223 86
319 5 81
319 11 76
319 19 76
319 31 81
324 105 76
324 15 96
324 19 86
325 28 96
326 411 126
329 290 86
330 24 71
330 37 86
331 9 91
336 216 91
347 13 101
353 17 96
353 217 81
363 39 66
364 19 81
366 297 86
366 10 96
367 23 101
368 445 91
369 40 91
369 19 76
371 18 81
371 28 101
372 305 116
372 331 111
373 20 106
378 428 121
380 212 96
383 11 80
383 23 121
384 40 101
387 40 101
392 22 101
392 5 111
394 18 91
399 405 96
400 31 101
402 371 136
404 36 121
407 36 106
407 14 86
409 36 116
409 197 65
409 12 136
409 21 91
412 14 96
412 21 91
420 33 131
421 20 101
421 36 101
423 15 106
423 19 116
425 10 126
425 23 61
425 28 101
426 18 96
426 203 111
426 5 91
427 6 111
428 4 91
431 24 101
431 31 96
433 193 100
434 21 81
437 482 121
448 12 106
451 197 121
454 37 106
454 39 106
454 203 136
454 300 61
456 40 116
457 18 106
458 210 136
460 110 126
460 248 96
462 213 101
463 38 136
465 400 101
468 12 71
470 456 111
472 22 101
475 40 76
478 31 101
479 449 76
483 26 96
484 37 111
486 231 96
487 15 91
488 9 131
489 8 146
108 10 79
109 19 94
111 301 134
123 21 129
127 21 99
132 14 134
137 12 99
140 16 134
140 21 74
141 17 74
161 31 99
188 27 109
190 234 114
191 21 109
197 7 89
197 392 94
200 324 109
201 395 119
205 18 109
207 37 94
207 11 79
208 37 119
210 11 84
211 11 114
212 36 109
215 20 94
215 219 79
218 218 119
219 12 94
222 39 124
228 39 109
230 24 104
231 13 94
232 21 79
232 27 89
235 431 99
238 27 94
240 29 89
240 215 89
243 22 124
248 13 124
250 13 98
251 22 84
254 22 99
259 31 74
261 11 118
264 36 99
264 17 134
265 485 94
265 17 109
266 486 89
268 198 94
268 366 89
269 271 114
270 396 99
271 21 64
278 36 124
280 14 84
280 475 94
281 395 99
281 21 124
286 19 74
289 10 79
293 414 129
293 23 84
294 18 69
296 37 84
296 39 79
300 40 119
300 39 94
301 23 79
305 219 84
306 400 119
309 233 124
309 12 114
309 483 99
311 371 114
312 32 119
314 183 99
314 25 129
315 213 89
318 428 89
319 423 84
319 425 109
319 16 89
323 17 99
323 198 114
323 25 109
324 217 84
354 11 104
357 11 89
364 32 89
364 38 114
367 20 104
369 12 104
371 194 119
376 11 84
378 11 99
379 31 144
381 11 114
395 363 84
398 456 99
398 21 74
399 217 69
400 195 89
403 13 104
410 11 74
418 10 99
422 12 79
422 371 119
423 12 89
425 25 114
427 35 84
427 21 84
429 14 104
430 198 109
431 21 89
438 13 98
440 292 84
444 15 124
447 11 119
450 24 109
451 13 69
455 305 124
455 20 89
457 33 114
457 281 104
459 186 89
460 32 94
463 13 84
484 184 94
485 279 109
489 25 109
138 13 112
168 5 72
183 37 97
195 34 72
195 15 97
198 22 97
198 23 122
214 22 82
218 39 122
228 21 122
234 37 117
236 11 112
238 13 92
239 11 107
256 21 107
266 11 92
268 13 77
271 10 107
275 39 142
276 34 112
279 37 107
279 15 82
284 21 97
292 193 117
292 217 71
294 16 112
294 213 102
302 13 72
305 10 132
306 39 87
307 15 87
314 15 117
316 13 106
324 18 107
325 24 82
328 13 87
329 22 72
332 132 107
335 21 92
353 140 97
367 292 117
371 15 112
378 21 97
400 39 97
405 21 112
415 21 127
425 13 87
428 34 72
429 11 77
429 13 97
429 15 72
430 11 77
431 28 82
454 18 92
455 22 132
474 297 117
477 13 81
479 18 117
482 11 82
483 13 57
484 11 112
198 21 115
261 5 120
296 19 115
297 24 80
297 10 90
301 10 80
322 21 110
422 21 130
439 5 70
449 5 110
451 5 90
214 5 128
474 5 128
