346 165 139
384 97 170
82 150 133
91 343 152
127 120 125
145 126 170
147 86 142
165 343 125
165 165 139
178 146 127
204 384 168
208 126 147
228 383 147
231 348 123
247 163 164
259 387 157
342 9 181
343 161 137
344 255 127
383 357 152
385 355 144
390 6 132
391 9 166
435 167 129
438 342 172
82 465 145
84 103 152
87 0 160
87 6 121
89 3 160
91 0 125
104 171 146
111 164 137
123 402 115
126 6 121
145 290 142
145 8 170
149 402 173
155 387 135
171 3 125
178 1 138
181 449 131
183 131 125
198 178 139
203 0 170
205 3 130
206 8 179
219 173 177
223 338 130
225 204 150
229 405 162
230 0 165
242 1 121
242 437 141
243 3 130
243 1 146
246 338 125
248 410 165
256 156 134
260 30 139
272 87 160
275 350 146
279 382 144
302 167 115
308 89 159
308 178 162
310 350 135
340 165 144
347 20 145
355 1 140
369 169 159
373 332 170
376 3 125
377 1 136
380 451 169
384 14 130
386 459 175
386 20 135
391 319 140
410 382 136
413 155 150
414 261 125
415 9 164
423 150 167
436 8 140
436 405 121
437 1 137
440 258 130
440 355 135
440 3 142
443 9 140
444 3 131
447 1 162
448 340 165
449 436 150
463 444 156
465 1 125
481 385 131
82 186 127
89 2 113
91 12 154
91 25 148
94 265 138
96 35 150
96 316 162
101 310 143
101 27 135
103 159 146
109 1 148
109 102 139
111 225 167
117 473 123
120 306 152
126 312 127
141 8 123
146 33 148
149 308 129
150 472 138
151 371 140
156 1 145
156 255 148
167 36 140
170 14 127
173 472 113
176 14 140
177 431 129
179 266 138
180 14 140
180 199 129
182 8 138
186 448 148
187 107 135
191 160 148
194 26 149
199 4 145
200 8 158
204 7 142
204 17 147
206 321 148
206 33 123
207 7 169
207 478 133
208 484 150
209 7 119
209 29 123
210 17 123
213 409 138
227 33 148
228 38 123
229 20 125
234 378 123
236 376 119
238 109 181
242 277 123
243 29 154
244 241 154
245 20 143
248 32 154
248 36 129
255 238 113
258 328 131
260 7 131
260 25 138
261 473 185
264 9 136
264 411 123
273 229 153
273 255 129
275 30 133
279 283 121
282 6 144
282 412 113
283 8 159
284 6 175
291 102 128
301 168 117
302 9 129
303 409 163
303 407 144
308 105 150
310 6 133
319 332 144
321 110 146
328 385 143
332 26 146
332 253 169
332 30 138
335 156 154
335 412 152
336 152 113
343 37 173
347 34 162
354 20 163
355 14 143
356 14 147
359 29 138
361 38 133
377 14 140
380 32 123
381 321 153
386 18 127
386 24 153
395 414 163
398 242 150
407 338 138
409 108 144
413 309 162
427 9 158
431 226 143
435 14 179
439 453 123
446 274 150
460 3 135
463 16 123
463 27 138
470 32 125
471 364 123
471 428 140
473 1 160
478 26 158
483 9 142
82 19 135
87 24 136
94 37 138
95 11 127
104 2 111
104 36 167
107 7 119
111 14 136
121 11 135
122 19 127
124 11 136
152 7 127
159 25 133
163 40 121
163 10 150
167 31 125
169 37 121
186 2 155
194 20 146
198 38 121
199 423 143
200 485 137
200 472 111
205 34 143
215 215 127
225 28 111
231 39 148
231 23 135
233 305 136
234 27 166
235 7 119
236 38 136
236 20 129
239 29 121
241 17 151
244 31 146
246 19 127
247 28 111
248 19 158
251 23 125
261 28 121
265 12 146
271 36 162
273 483 126
278 193 163
280 367 135
282 38 136
284 20 166
289 238 150
292 415 136
295 412 131
301 256 125
303 7 131
309 399 141
309 16 150
312 25 141
312 12 161
313 33 137
321 29 146
329 4 130
333 2 139
333 281 111
335 17 123
337 36 150
337 7 136
341 392 143
341 2 148
346 125 96
363 33 115
363 423 175
374 296 139
376 34 125
380 15 133
383 129 86
398 431 160
399 36 125
399 454 132
407 263 150
411 36 132
411 7 121
421 24 131
425 2 140
429 32 136
432 11 135
434 24 127
435 297 134
440 10 155
443 37 167
447 23 137
450 15 125
450 23 127
451 19 154
454 183 140
456 429 117
459 427 144
459 27 123
462 31 132
471 23 117
472 392 183
473 213 132
473 183 119
474 27 158
477 33 137
481 20 125
484 395 123
485 25 137
486 219 129
486 27 153
487 35 132
487 25 153
488 38 143
88 176 86
95 166 84
102 22 140
105 13 150
108 19 137
110 15 125
117 94 95
119 121 74
152 19 125
159 13 165
159 31 149
160 18 133
161 39 140
186 40 124
194 34 156
195 13 145
195 18 134
218 10 166
226 140 139
232 15 134
250 145 98
260 351 103
264 34 132
266 39 166
269 15 115
272 10 127
278 10 143
283 18 158
287 22 127
287 24 136
295 310 163
296 199 142
300 29 142
300 38 125
306 18 142
309 40 153
314 293 115
314 13 127
323 14 191
325 214 125
326 270 152
342 229 89
342 26 88
345 413 76
347 353 99
348 3 93
351 286 86
355 117 99
356 116 103
357 137 123
362 37 140
366 19 158
366 13 158
371 292 117
382 379 76
383 244 76
384 341 89
387 4 88
387 410 86
387 443 74
395 34 148
403 39 113
403 297 134
403 23 133
405 24 133
406 10 119
422 37 123
422 39 148
451 86 89
457 23 133
462 179 78
475 37 140
488 22 160
82 1 99
82 451 89
85 115 71
87 26 87
94 151 67
96 379 103
97 438 102
103 91 93
114 420 84
115 0 84
116 247 93
116 347 84
119 5 152
119 152 93
121 26 93
122 4 102
122 122 87
126 226 78
126 3 114
129 8 109
146 287 103
150 229 89
151 344 87
160 347 88
161 170 72
162 123 77
165 438 89
166 167 77
166 445 74
169 205 79
170 0 74
170 84 77
171 108 74
173 102 89
173 383 77
173 443 103
177 103 97
186 179 91
202 335 96
207 224 87
207 290 87
208 4 99
209 5 135
210 253 112
211 244 99
225 6 76
225 447 112
226 4 84
226 405 76
231 3 76
241 343 74
244 418 91
244 290 91
246 8 84
252 412 102
254 336 76
259 447 106
260 8 82
263 350 76
271 124 91
280 21 115
280 122 116
282 83 84
287 21 107
293 22 129
295 37 146
301 37 147
313 389 86
322 31 117
328 10 115
329 11 123
332 114 78
334 147 87
343 16 76
343 394 97
343 212 84
345 384 69
345 429 112
345 14 82
345 16 87
345 305 79
345 316 84
348 36 77
348 16 87
351 2 74
353 337 72
353 202 77
357 355 94
380 412 87
383 35 86
385 188 87
386 14 102
387 385 84
387 2 74
390 478 89
395 347 82
404 116 74
404 89 103
406 145 89
407 385 99
418 361 76
421 412 77
429 94 72
434 449 77
434 332 76
435 432 76
438 355 77
439 404 84
445 5 146
446 4 101
446 247 79
449 462 77
450 287 97
451 247 86
468 5 111
472 101 87
486 131 91
82 334 87
83 14 92
84 314 72
86 232 87
86 276 87
86 284 87
88 3 94
88 36 85
89 38 126
89 456 82
89 94 89
89 319 87
94 7 85
95 372 75
97 276 89
97 382 107
101 453 114
101 12 87
101 207 80
102 111 97
114 33 89
114 233 80
115 7 86
115 207 65
116 35 110
116 17 87
117 336 75
118 383 75
119 33 102
119 14 101
122 27 75
122 382 97
123 489 87
124 422 75
124 17 87
124 183 104
124 29 95
125 35 91
126 359 90
127 7 82
129 447 96
129 7 97
136 336 84
136 210 85
138 254 112
141 1 74
147 35 85
149 233 87
152 284 87
159 211 101
162 221 89
163 351 110
164 16 97
164 368 77
164 440 110
166 29 70
166 276 76
166 183 87
166 472 99
167 390 134
167 362 85
168 209 85
169 8 65
169 16 70
170 33 86
170 35 76
170 36 85
170 16 87
170 3 69
171 245 80
173 484 70
177 212 89
177 27 95
179 268 86
179 118 87
179 9 80
180 30 67
180 290 85
183 434 85
183 341 89
184 334 82
187 26 84
193 379 99
195 26 92
198 355 75
199 435 85
200 5 128
201 208 89
204 14 75
204 16 80
205 25 72
206 12 94
206 271 95
208 386 105
210 187 85
211 274 112
213 224 84
215 5 136
215 438 77
216 4 120
218 9 84
219 6 74
223 17 95
225 14 74
226 168 69
226 16 84
226 36 95
227 431 112
227 35 94
227 485 74
228 213 82
229 12 104
229 14 74
230 477 72
231 36 75
233 261 95
233 9 99
242 394 84
242 343 105
243 33 72
244 216 95
245 200 87
245 217 97
246 87 90
247 311 84
250 88 93
251 2 74
252 303 85
253 265 79
254 2 85
254 266 74
255 16 109
260 89 90
261 35 85
261 392 97
261 387 90
266 231 99
269 3 74
269 412 87
270 283 70
273 3 89
273 9 89
276 208 85
276 355 82
282 204 87
283 446 91
287 344 80
291 176 65
291 4 85
291 159 76
292 167 84
302 418 75
310 102 97
313 9 99
313 336 89
315 209 87
316 4 89
318 8 74
328 383 85
335 127 65
335 415 87
336 335 86
337 332 72
342 40 120
342 301 70
344 165 95
347 13 97
348 23 72
351 3 95
353 217 75
357 453 112
359 123 90
359 27 82
363 1 85
367 437 95
380 398 97
381 383 95
382 354 90
382 15 75
384 39 87
385 166 105
386 34 72
386 291 94
391 408 85
392 410 72
395 209 80
396 6 82
404 231 87
405 26 76
409 96 69
412 36 70
414 38 84
414 456 84
414 330 95
415 33 77
418 314 84
420 342 85
422 340 74
426 26 95
431 3 74
433 27 87
434 343 75
435 86 90
436 16 99
436 25 99
437 36 75
438 36 87
438 17 95
439 17 85
439 325 99
443 363 100
443 121 85
446 262 74
446 312 95
448 12 85
448 290 87
458 208 100
458 210 100
460 4 94
462 265 110
465 164 65
465 263 99
467 362 85
468 289 75
468 85 89
470 186 110
474 286 89
475 0 87
477 421 95
483 256 110
484 1 84
485 438 75
488 467 89
489 231 72
82 11 70
84 82 82
85 275 98
85 29 65
86 356 93
86 10 94
86 29 78
87 11 80
87 18 77
88 1 75
88 33 73
89 10 80
93 33 79
94 32 67
94 326 83
95 39 108
95 306 91
95 281 63
96 27 79
101 40 85
101 16 83
102 378 65
103 25 70
104 310 102
104 410 88
105 17 83
107 402 75
110 7 70
111 35 85
111 33 114
114 32 73
114 2 78
114 324 98
115 15 70
115 23 70
116 13 99
117 36 73
117 325 73
119 364 69
119 332 73
120 179 89
120 14 73
121 2 63
121 263 63
122 2 92
124 329 73
125 181 97
125 217 81
126 15 93
129 24 84
131 2 67
132 321 87
132 16 73
137 12 75
138 363 108
141 489 83
141 428 80
145 20 103
145 26 82
146 309 106
150 394 73
150 11 110
150 15 75
151 357 80
151 29 63
159 454 95
161 36 68
162 37 84
164 325 67
165 223 92
166 11 95
167 264 81
167 86 93
167 23 85
167 28 74
168 2 83
168 22 80
169 26 120
169 412 88
169 31 95
171 32 73
171 163 98
171 19 84
171 25 67
173 468 84
173 31 85
176 323 75
177 18 83
178 173 85
178 27 73
181 19 83
181 205 117
186 312 110
187 384 83
188 32 72
188 303 85
190 36 83
193 27 97
195 35 95
197 217 72
198 348 113
198 382 80
199 233 82
199 455 93
200 2 72
201 390 98
201 114 75
201 275 87
203 40 80
203 19 78
204 256 102
204 18 80
204 19 103
205 1 73
205 37 95
205 19 83
206 448 82
208 341 65
209 229 88
209 107 65
209 108 73
210 1 77
210 37 85
211 11 93
211 243 92
211 22 78
213 264 85
214 280 92
214 314 97
215 219 75
215 286 73
216 422 110
218 391 128
222 19 97
224 402 112
224 23 83
225 39 85
225 208 73
226 340 83
226 123 92
227 34 75
227 3 83
227 37 108
230 20 85
231 18 83
233 7 68
233 348 95
234 212 82
236 7 72
236 348 95
239 17 82
241 16 87
242 438 90
243 39 82
243 26 112
244 102 67
245 291 78
245 117 92
247 1 120
247 261 113
248 4 78
250 23 85
250 444 107
251 289 92
251 354 82
252 39 93
252 22 82
252 26 97
253 1 82
253 20 73
253 222 80
254 292 83
254 378 65
255 224 109
255 162 73
259 37 72
260 209 67
260 181 78
261 11 85
264 331 72
265 33 82
265 38 75
269 328 103
270 371 83
270 27 73
272 453 110
272 318 97
273 174 83
274 115 112
275 16 98
276 363 93
279 16 75
280 86 73
283 38 83
290 17 74
291 17 93
294 406 78
295 246 73
305 82 83
306 33 97
309 195 87
309 12 83
310 12 93
311 149 77
313 17 82
314 343 79
314 16 87
314 183 83
315 38 102
316 398 107
319 38 78
319 271 107
321 369 95
322 228 70
325 120 83
328 228 85
328 432 108
330 125 73
331 1 74
332 305 90
332 20 95
332 383 120
333 33 73
333 214 84
333 25 95
334 0 83
334 119 75
335 108 88
336 239 83
337 240 109
342 0 103
344 32 95
345 279 63
346 16 81
348 8 80
348 369 105
350 329 69
350 14 94
354 11 73
354 22 85
355 410 82
356 381 103
359 468 92
359 22 95
359 93 103
361 22 97
364 199 70
364 200 83
365 84 73
367 32 70
371 263 107
372 15 73
373 34 85
373 37 78
374 258 90
376 261 69
378 37 80
378 202 90
379 8 87
379 176 108
379 294 83
380 22 78
380 87 77
381 39 70
382 25 73
383 32 82
384 366 80
385 4 93
385 366 78
387 6 82
389 4 88
389 36 92
390 110 112
394 386 78
396 7 93
396 271 83
398 322 95
399 422 82
400 195 95
403 1 97
403 33 93
403 353 73
404 371 105
405 3 80
405 17 75
407 213 70
408 200 110
409 382 75
410 437 63
411 475 100
411 27 114
411 29 105
412 420 73
412 468 73
412 378 88
413 6 73
414 259 83
415 227 71
420 15 87
420 18 102
420 30 80
421 260 88
421 261 77
422 12 83
423 12 98
423 14 100
425 36 73
427 168 87
427 400 118
427 483 72
428 271 87
429 184 75
431 484 95
432 22 68
433 23 88
434 1 83
434 9 77
436 20 85
437 37 87
438 13 83
439 470 88
439 410 92
439 37 83
440 169 95
440 18 97
443 463 122
443 15 75
445 4 67
445 39 87
446 26 110
447 211 73
447 26 69
451 30 105
453 17 72
453 427 98
454 489 75
457 36 82
457 178 78
458 14 97
459 186 87
459 29 93
465 448 67
465 37 87
465 129 90
465 177 110
467 18 68
467 31 97
468 34 97
471 3 75
471 413 63
472 271 95
472 241 73
472 25 82
473 12 72
473 17 110
479 17 73
479 36 75
482 38 93
483 234 92
484 178 82
484 184 72
485 487 93
485 343 69
485 29 93
486 194 87
486 363 75
487 33 83
488 119 95
82 4 87
83 108 80
84 14 113
85 24 61
86 456 90
86 16 84
93 8 73
94 40 79
101 186 111
102 3 118
102 459 76
103 122 106
104 1 83
104 407 73
105 39 73
108 10 97
108 18 81
110 223 104
115 31 67
116 0 96
117 13 71
118 8 118
119 406 80
121 24 98
121 27 100
123 33 116
125 475 92
127 334 92
129 17 103
136 39 80
137 40 70
137 174 86
141 30 83
146 40 61
146 102 81
149 368 103
149 109 101
151 31 67
156 38 81
159 36 77
159 438 95
160 181 92
160 422 84
160 367 61
161 247 105
163 37 87
163 459 76
163 371 80
164 35 82
164 34 99
168 24 81
170 6 73
173 3 91
174 21 83
176 32 83
176 9 88
176 13 81
177 33 109
177 10 94
178 19 71
181 10 84
183 357 77
183 24 91
184 229 84
188 170 103
191 30 86
193 4 81
193 206 90
195 258 81
196 168 103
196 410 67
196 28 66
196 179 115
197 294 95
197 413 80
197 30 73
198 470 86
200 449 105
201 15 120
201 24 80
203 38 76
205 460 71
205 14 90
205 315 97
206 25 83
207 9 116
207 14 63
208 198 61
210 395 77
210 6 113
211 408 86
213 104 61
213 23 120
214 9 85
214 408 76
215 210 93
216 418 101
216 10 93
216 404 85
217 161 90
217 206 76
217 111 71
218 206 90
218 287 69
221 450 71
221 254 67
222 2 71
222 35 65
222 190 94
224 9 86
224 12 86
225 365 103
225 7 71
227 484 117
229 32 75
229 431 69
230 236 80
232 34 70
232 37 81
232 403 75
232 409 106
232 30 88
233 19 80
234 162 73
235 11 86
236 8 76
238 34 95
239 19 70
239 451 81
240 18 93
240 3 106
241 338 76
241 19 70
241 20 116
241 250 117
242 32 71
242 197 91
242 198 99
242 315 82
245 423 76
246 12 88
247 0 93
247 35 102
248 241 77
250 0 93
251 25 81
253 280 82
253 184 83
254 152 81
254 29 103
256 110 101
258 9 75
258 36 71
259 474 86
259 29 73
261 403 105
261 29 96
263 19 81
263 300 83
264 448 71
265 206 86
268 34 85
268 178 86
269 39 70
271 37 110
273 37 70
273 402 83
274 209 106
274 445 81
278 22 83
278 145 86
281 24 66
281 301 108
282 24 83
284 150 82
284 127 81
286 453 77
287 34 71
287 35 92
287 338 93
289 10 97
292 217 96
292 12 80
294 150 71
294 265 83
294 20 83
294 213 91
301 32 95
303 3 87
305 355 103
305 37 101
305 40 93
305 18 75
306 6 71
308 209 76
308 15 80
310 125 91
311 19 73
311 28 71
313 0 81
314 22 85
314 376 81
315 254 117
316 181 87
318 223 84
318 167 96
319 11 70
319 19 66
322 1 71
322 233 81
325 1 73
325 277 83
328 26 96
329 25 86
329 251 92
330 8 75
331 33 72
332 2 81
333 40 71
333 18 106
333 437 84
334 487 94
334 17 81
334 31 71
335 38 84
335 26 91
336 10 118
336 11 112
337 373 101
338 316 84
341 179 108
341 23 66
342 18 81
342 22 79
345 34 81
345 15 82
347 37 69
347 28 71
348 37 82
353 140 117
353 17 97
356 33 79
357 32 86
357 265 89
362 434 71
363 30 86
363 39 101
364 411 73
366 10 73
367 374 98
367 23 83
368 445 107
369 40 76
369 340 73
369 381 110
371 18 81
371 28 106
372 305 107
378 428 90
380 212 79
382 32 80
383 11 63
383 23 82
384 40 101
387 40 80
387 18 79
389 5 83
391 23 79
392 85 105
392 22 81
394 89 105
394 18 70
396 222 77
398 9 71
398 20 71
402 7 86
402 26 100
402 37 71
402 303 61
403 82 73
404 206 88
404 412 86
405 173 96
405 22 97
405 186 86
406 24 76
406 33 67
408 25 83
409 197 71
411 33 67
412 14 82
418 8 71
420 33 97
420 27 86
421 0 91
421 36 92
422 173 97
423 1 67
423 15 98
423 19 70
425 10 108
425 111 80
425 28 81
426 18 108
426 337 91
426 203 76
427 85 90
429 13 91
430 178 100
430 30 83
431 31 76
432 2 75
433 193 61
435 1 80
436 38 61
437 482 107
438 25 77
438 29 63
439 4 77
444 321 69
444 429 81
445 9 106
445 25 85
451 9 78
451 197 86
454 4 86
454 203 128
455 407 76
456 40 70
459 129 97
460 9 90
460 248 90
462 213 76
463 38 99
463 363 77
463 14 71
465 8 81
465 9 81
465 364 81
467 484 71
468 12 67
470 456 104
471 184 83
472 260 67
472 359 61
472 9 65
473 290 75
473 9 81
475 40 96
475 122 96
477 13 75
478 31 95
479 449 82
483 26 88
484 37 85
485 287 75
486 231 90
487 9 71
487 15 66
487 94 97
489 162 88
82 28 84
84 18 97
85 10 90
87 22 99
88 11 107
91 7 104
91 21 102
97 324 80
102 27 101
103 479 84
109 103 71
109 10 92
109 410 114
110 34 69
111 29 84
114 34 115
118 34 82
118 21 77
120 18 88
123 40 92
125 28 74
127 19 80
132 8 73
132 14 84
136 35 59
137 334 86
138 36 89
140 16 80
140 0 115
140 3 76
140 21 103
141 17 120
141 473 71
145 5 81
145 295 78
150 22 111
151 25 115
151 28 109
155 18 77
156 31 90
156 6 86
162 13 74
164 2 71
164 5 79
168 5 109
169 22 82
178 23 97
179 132 86
180 2 91
182 33 69
182 20 83
184 24 69
184 159 78
186 36 73
186 25 69
187 488 69
188 16 59
188 472 112
188 27 128
190 234 95
191 392 75
191 21 98
193 368 74
194 136 91
194 266 71
195 6 79
196 275 77
199 33 85
199 3 74
199 472 69
200 36 94
200 9 116
205 18 80
207 37 78
207 40 84
207 11 84
208 37 99
210 11 80
212 25 79
212 36 90
213 105 90
213 24 94
215 1 88
215 25 83
218 8 109
218 398 94
218 408 91
218 218 80
219 14 59
219 12 79
221 232 65
221 7 89
222 39 91
225 32 76
225 37 75
226 19 69
228 39 90
231 37 79
231 13 89
231 24 77
232 21 73
232 27 111
235 24 79
235 35 59
235 431 95
238 27 84
238 326 74
240 232 65
240 29 98
240 215 74
241 0 113
243 22 105
243 23 75
246 5 74
246 23 81
248 10 59
248 13 84
250 13 71
251 22 74
252 31 75
254 32 93
254 22 109
254 25 88
260 10 82
261 5 74
262 14 84
263 32 73
264 0 93
264 36 94
264 17 117
265 485 80
265 17 80
266 32 69
266 486 117
266 152 76
268 198 90
268 366 86
269 271 80
269 319 89
270 32 69
270 36 69
271 9 83
271 21 74
273 475 81
277 8 86
277 4 125
278 36 74
279 25 59
280 332 88
280 14 80
280 475 117
281 21 71
282 316 107
283 265 76
283 430 88
284 1 105
284 402 84
286 16 105
286 33 74
286 21 108
287 14 80
293 414 105
294 6 69
296 39 68
297 114 74
297 10 93
301 10 68
301 23 79
305 219 88
309 1 90
309 233 76
309 483 78
311 371 86
313 24 79
315 0 116
315 213 92
315 25 59
316 8 81
318 428 109
319 423 89
319 425 93
319 16 115
323 198 97
324 35 74
324 88 79
324 217 59
325 427 67
330 37 74
332 132 122
334 160 88
336 4 78
336 216 89
337 40 67
356 2 83
357 11 59
362 309 77
364 38 113
364 274 79
366 396 79
368 395 65
369 35 79
369 12 65
371 194 105
372 331 74
376 10 79
376 11 77
376 23 69
378 11 128
378 19 67
381 11 80
395 363 84
398 456 105
398 21 89
399 405 78
399 217 59
399 29 83
402 371 76
403 13 69
404 36 84
404 40 67
406 103 79
407 36 99
407 37 87
407 14 90
409 36 92
409 12 86
409 21 73
410 137 74
410 29 91
411 156 80
414 7 89
418 10 90
418 22 79
422 371 84
423 392 89
425 14 69
425 272 84
427 2 59
427 35 103
427 6 115
427 17 75
428 488 86
428 25 69
428 4 105
429 14 95
429 141 74
430 35 92
430 132 75
430 198 74
430 14 69
431 21 93
431 24 81
432 34 84
435 40 59
439 5 82
439 19 102
440 292 78
443 10 59
444 37 80
444 15 92
445 19 59
446 5 75
447 11 80
447 15 79
449 5 80
451 5 97
451 10 71
451 13 81
454 20 84
455 305 78
455 2 69
456 104 98
457 33 84
457 328 92
457 281 99
460 110 101
462 7 81
462 40 106
463 13 88
465 34 77
468 2 96
474 29 69
477 29 84
479 33 74
481 0 71
482 9 79
483 32 79
483 38 79
483 8 104
483 241 65
485 279 107
486 430 69
488 9 88
489 8 74
88 5 79
93 392 113
94 24 93
102 5 77
109 19 72
111 301 95
123 21 105
125 5 89
127 21 74
136 37 79
137 23 73
138 13 72
155 140 67
163 20 82
176 5 57
178 20 97
183 37 78
183 5 77
188 18 75
188 28 57
190 39 89
195 34 88
195 15 107
195 24 67
197 7 86
198 22 86
198 23 84
200 324 93
205 21 100
214 2 67
214 5 115
214 22 97
216 23 73
218 39 99
219 2 67
225 395 87
228 21 76
230 24 86
234 37 140
236 11 93
238 13 75
239 11 72
252 21 75
256 21 80
264 24 57
266 2 93
266 11 113
268 39 104
268 13 57
271 39 67
271 10 88
274 287 74
275 39 97
276 34 82
279 37 118
279 15 78
286 19 72
292 193 86
294 36 92
294 16 78
296 474 82
297 33 57
297 36 67
300 2 57
302 13 57
305 34 80
305 10 90
305 23 73
306 39 82
307 15 78
312 32 91
314 15 107
314 25 86
316 13 67
319 5 101
319 31 77
322 25 79
323 17 72
324 105 107
324 15 88
324 19 80
325 28 67
326 411 97
328 32 67
330 24 79
331 9 103
364 32 116
364 19 75
366 297 77
367 292 72
369 19 85
371 15 72
373 20 82
378 21 101
383 5 106
387 5 89
392 5 74
400 39 97
400 31 84
410 11 103
412 21 75
415 21 87
421 20 84
425 13 86
425 23 57
425 25 109
426 5 91
428 34 82
429 11 69
429 15 82
430 11 67
431 28 82
434 21 84
444 138 57
450 24 111
454 37 77
454 39 72
454 300 85
454 18 88
455 22 72
457 2 96
457 18 65
459 7 79
460 32 78
465 400 97
472 22 65
474 297 78
474 5 82
479 18 107
481 2 71
482 11 75
483 13 71
484 11 103
489 25 78
168 31 80
184 132 67
197 392 80
198 21 105
201 395 88
215 20 70
259 31 70
270 396 76
281 395 80
284 21 86
293 23 55
294 18 65
295 7 65
296 19 78
296 37 65
300 40 55
300 39 63
306 400 90
322 2 75
323 25 86
324 18 103
328 13 76
329 290 99
329 22 70
335 21 95
367 20 80
379 31 88
405 21 70
422 21 89
427 21 55
455 20 80
477 138 87
161 31 78
276 5 53
297 24 97
322 21 78
325 24 68
