82 32 137
82 1 119
82 36 136
82 327 178
82 13 110
82 21 153
82 26 129
82 123 90
82 158 119
83 8 72
83 30 86
83 405 129
83 14 167
84 266 218
84 143 101
84 336 88
84 340 104
84 27 97
84 316 117
86 449 183
86 220 228
86 22 130
86 9 169
86 26 235
86 28 82
86 30 139
87 25 86
87 26 86
87 189 117
88 8 175
88 28 130
89 4 98
89 38 166
89 7 85
89 9 112
89 189 176
89 16 107
89 378 180
89 20 137
89 407 88
89 410 88
89 445 185
90 336 190
90 165 227
90 38 233
90 31 199
91 162 192
91 91 109
91 171 79
91 333 220
91 14 263
91 13 145
91 16 152
91 239 258
92 2 86
92 101 126
92 12 152
92 18 241
92 371 223
92 436 285
92 25 86
92 351 136
94 40 164
94 34 145
94 349 136
95 0 112
95 226 129
95 22 115
95 7 105
96 155 210
97 3 154
97 182 146
97 15 196
97 436 220
97 214 127
97 28 82
100 2 122
100 355 139
100 37 135
100 305 82
100 10 135
100 12 82
100 14 213
100 17 147
100 18 241
100 244 124
101 32 157
101 19 105
101 34 211
101 17 92
101 339 245
101 22 115
103 97 124
103 2 94
103 3 97
103 39 108
103 12 100
103 16 266
103 211 117
104 449 141
104 178 88
104 422 186
104 89 89
105 3 86
105 4 85
105 5 82
105 38 169
105 362 226
105 331 105
105 274 161
105 20 85
105 215 75
105 31 142
106 35 83
106 40 143
106 10 143
106 239 100
106 18 172
106 21 136
106 445 103
107 1 97
107 6 127
107 338 87
107 13 234
107 15 118
107 402 168
107 339 102
107 276 95
107 373 94
107 218 84
108 304 160
108 33 170
108 11 103
108 5 118
109 1 102
109 3 142
109 37 133
109 299 103
109 17 124
109 474 110
109 31 169
110 8 70
110 9 86
110 108 157
110 14 100
110 264 134
110 468 97
110 26 84
110 190 99
111 235 150
111 36 94
111 8 120
111 395 226
111 274 134
111 22 138
114 417 185
114 450 220
114 5 155
114 394 157
114 467 79
114 344 176
114 25 238
114 378 99
116 34 95
116 37 130
116 6 87
116 7 183
116 27 90
116 5 125
116 30 109
116 31 129
117 97 146
117 38 112
117 7 193
117 234 146
117 13 135
117 16 152
117 26 94
118 7 117
118 296 206
118 108 84
118 16 87
118 19 140
118 88 197
119 235 127
119 12 152
119 461 87
119 39 98
120 9 88
120 170 242
120 11 196
120 29 97
120 103 98
121 298 120
121 195 107
121 15 139
122 277 203
122 14 136
123 360 82
123 282 190
123 3 94
124 1 79
124 386 71
124 15 226
124 83 90
124 246 215
124 126 212
124 127 90
125 17 142
125 34 105
125 212 177
125 22 175
126 40 95
126 11 125
126 27 177
127 6 88
127 7 132
127 8 225
127 336 154
127 407 98
127 26 79
127 29 107
128 3 189
128 17 198
128 297 286
128 14 258
128 337 104
128 24 84
128 29 213
130 26 99
130 180 106
130 294 154
130 214 138
130 23 154
131 32 218
131 209 114
131 34 186
132 37 111
132 392 123
132 298 202
132 16 138
132 40 171
132 31 151
133 8 115
133 13 170
133 273 179
133 20 209
133 23 81
133 212 112
133 444 115
134 2 92
134 132 187
134 5 252
134 388 156
134 463 211
134 25 113
134 4 106
134 91 120
135 35 81
135 4 134
135 297 111
135 266 143
135 107 179
135 176 75
135 24 96
136 186 254
136 31 126
136 294 160
136 6 95
136 7 141
137 2 174
137 328 229
137 40 82
137 284 120
137 30 105
137 479 224
138 33 117
138 18 146
138 38 83
138 358 95
139 27 138
139 323 107
139 235 133
140 14 133
140 103 80
141 120 228
141 28 86
141 158 176
141 6 123
141 7 111
142 32 172
142 33 142
142 354 139
142 4 88
142 327 86
142 40 136
142 297 201
142 481 152
142 341 220
142 155 152
143 229 158
143 10 196
143 208 109
143 466 109
143 20 213
143 29 142
146 0 137
146 4 129
146 365 253
146 239 147
146 240 167
146 343 98
146 25 203
147 40 150
147 20 94
147 206 159
147 111 129
148 0 72
148 3 99
148 5 150
148 6 170
148 11 95
148 31 135
148 383 232
149 384 121
149 35 218
149 37 120
149 299 139
149 268 142
149 18 175
149 467 98
149 150 87
149 24 99
150 184 153
150 1 99
150 338 129
150 30 129
151 449 79
151 6 157
151 487 143
151 10 120
151 395 122
151 24 160
151 25 172
151 31 165
152 420 196
152 31 159
153 20 75
153 148 240
153 135 251
154 416 201
154 225 208
154 4 248
154 200 171
154 427 130
154 22 199
155 0 105
155 24 82
155 32 95
156 36 120
156 8 178
156 9 117
156 19 83
156 24 189
156 30 67
157 88 88
157 17 145
157 92 149
157 358 203
157 40 93
158 32 146
158 2 70
158 13 82
158 14 200
158 18 98
158 467 77
158 27 150
158 223 136
161 40 133
161 12 130
161 28 80
161 16 85
161 239 125
162 416 144
162 294 216
162 177 81
162 7 110
162 333 144
162 14 158
162 433 220
164 11 70
164 18 129
164 10 110
164 3 88
164 2 183
165 449 74
165 261 143
165 167 74
165 13 105
165 110 88
165 433 129
165 18 170
165 442 129
166 277 87
166 391 101
166 237 166
166 21 138
166 22 170
166 309 151
167 0 72
167 40 154
167 463 99
167 164 99
167 375 129
168 360 129
168 369 84
168 10 139
168 154 152
169 1 119
169 19 145
169 190 152
169 185 191
170 416 88
170 35 218
170 36 156
170 167 197
170 392 162
170 137 142
170 301 186
170 14 167
170 16 142
170 8 220
170 20 127
170 408 114
170 27 122
170 318 127
171 225 183
171 34 130
171 4 127
171 26 86
171 357 144
172 8 82
172 27 80
172 221 86
173 15 135
173 31 130
173 6 88
173 30 86
173 143 212
174 35 208
174 11 115
174 155 98
174 207 124
174 167 124
176 36 102
176 7 86
176 297 115
176 202 109
176 12 127
176 13 84
176 22 171
176 382 121
177 388 98
177 7 142
177 12 82
177 147 202
177 164 111
177 29 203
177 94 136
178 36 131
178 456 107
178 10 155
178 440 128
178 466 129
178 152 235
179 40 155
179 216 86
179 420 124
179 1 84
180 168 74
180 216 172
180 154 88
180 29 109
180 169 121
181 3 154
181 172 207
181 173 172
181 21 138
181 25 87
181 88 84
181 217 112
181 26 86
181 220 273
181 285 139
181 447 144
182 208 130
182 450 80
182 132 93
182 40 102
182 10 135
182 11 212
182 238 194
182 272 138
182 400 112
182 22 232
182 158 113
184 0 246
184 33 152
184 3 171
184 391 132
184 264 103
184 150 126
185 201 103
185 2 183
185 90 77
185 38 194
185 167 97
186 230 105
186 39 106
186 327 208
186 12 103
186 239 112
186 213 123
186 313 264
187 32 159
187 36 63
187 10 131
187 122 127
187 27 93
187 31 237
188 8 166
189 27 113
189 36 162
189 39 104
190 40 150
190 18 175
190 438 124
190 7 194
191 176 162
191 1 75
191 3 169
191 116 196
191 134 83
194 33 163
194 197 260
194 40 87
194 9 212
194 15 87
194 466 135
194 25 255
194 411 71
194 28 111
194 350 169
195 1 126
195 37 107
195 263 129
195 407 252
195 14 119
195 23 156
197 34 178
197 6 104
197 8 105
197 458 270
197 472 143
197 156 160
200 1 100
200 387 128
200 489 79
200 20 104
200 150 147
200 23 112
200 180 137
200 314 155
201 387 209
201 15 151
202 1 115
202 27 108
202 234 113
202 375 95
202 15 80
202 208 95
202 21 84
202 151 121
202 23 80
202 281 98
202 31 96
202 117 163
203 1 176
203 402 85
203 236 83
203 18 106
203 30 121
204 17 82
204 190 184
205 16 92
205 481 66
205 39 132
205 308 93
205 87 73
206 224 115
206 391 92
206 13 88
206 400 119
206 465 75
206 83 73
206 217 88
206 127 84
207 0 82
207 177 84
207 466 166
207 29 83
208 35 83
208 358 76
208 9 71
208 12 88
208 15 106
208 24 106
208 19 147
208 247 171
208 120 77
209 37 117
209 38 73
209 40 80
209 13 111
209 215 174
209 31 86
210 0 66
210 8 129
210 370 78
210 31 91
211 32 118
211 305 78
211 35 98
211 13 106
212 257 169
212 3 155
212 36 88
212 485 219
212 18 81
212 35 132
212 21 89
212 24 222
212 474 93
212 122 77
213 0 128
213 97 97
213 3 84
213 39 120
213 234 73
213 16 123
213 414 129
214 32 92
214 1 95
214 323 219
214 7 229
214 8 105
214 12 194
214 334 110
214 275 168
214 342 147
214 217 92
214 31 81
215 0 191
215 326 184
215 39 170
216 27 76
216 267 172
216 149 203
216 26 160
216 283 145
216 477 133
216 446 140
216 21 114
217 1 115
217 195 138
217 411 94
218 32 93
218 26 176
218 29 103
218 446 226
218 158 95
220 441 100
220 36 133
220 39 212
220 393 82
220 150 107
220 215 143
220 25 128
221 188 98
221 13 141
223 9 198
223 34 142
224 16 199
224 25 65
224 138 134
224 22 93
224 23 83
225 2 134
225 263 130
225 9 117
225 10 122
225 14 125
225 120 200
225 440 183
225 266 181
226 1 208
226 34 148
226 103 101
226 15 118
226 16 165
226 18 194
226 182 126
227 474 204
227 146 195
227 18 93
227 37 88
228 164 67
228 40 119
228 300 183
228 396 100
228 366 191
228 20 135
228 245 111
228 252 102
229 7 63
229 40 128
229 266 130
229 340 248
229 24 202
229 249 107
230 281 175
230 194 105
231 33 145
231 34 199
231 3 132
231 170 118
231 430 124
231 376 67
231 362 156
232 17 118
232 186 98
234 384 141
234 417 216
234 418 105
234 3 174
234 452 118
234 10 127
234 491 112
234 25 93
235 34 140
235 411 95
235 207 137
236 5 121
236 38 189
236 7 113
236 13 111
236 141 137
236 28 130
237 16 149
237 9 63
237 248 170
238 298 171
238 108 134
239 40 116
239 208 117
239 27 113
239 357 206
239 35 71
240 33 128
240 40 126
240 329 122
240 10 127
240 11 91
240 140 113
241 249 201
241 378 104
241 83 173
242 4 75
242 360 157
242 429 150
242 15 224
242 40 154
242 434 238
242 20 85
242 29 115
243 0 188
243 289 162
243 2 84
243 227 157
243 232 169
243 9 191
243 170 127
243 140 159
243 241 105
243 21 190
243 22 118
243 26 163
244 0 175
244 484 104
244 37 123
244 294 143
244 14 155
244 19 63
244 248 137
244 381 67
245 418 151
245 355 127
245 13 93
245 182 159
246 36 226
246 31 147
246 20 125
246 7 153
247 400 186
247 484 154
247 36 169
247 463 152
248 385 99
248 97 133
248 40 103
248 428 120
248 17 115
248 82 178
248 29 109
249 40 189
249 27 115
249 18 148
249 87 127
249 31 93
250 2 129
250 106 173
250 203 87
250 16 120
250 26 67
250 27 95
251 9 180
251 10 144
251 236 125
251 22 157
251 12 176
252 0 110
252 17 110
252 297 133
252 24 139
252 271 105
253 32 217
253 27 130
253 452 182
253 6 61
253 39 74
253 234 96
253 460 140
253 13 69
253 305 167
253 210 174
253 214 101
253 24 173
253 187 126
253 29 61
254 0 100
254 4 61
254 329 81
254 17 120
254 24 124
254 121 119
254 29 61
256 34 98
256 323 135
256 354 118
256 15 138
256 16 120
256 190 110
257 1 73
257 39 103
257 10 114
257 353 98
257 122 115
257 31 94
257 95 114
258 5 74
258 19 83
258 471 137
258 347 65
258 413 102
258 37 84
261 0 229
261 7 59
261 14 120
261 19 123
261 118 176
261 29 96
261 31 89
262 25 152
262 395 118
262 332 105
262 22 197
262 491 104
263 4 186
263 261 135
263 104 110
263 110 144
263 177 228
263 334 135
263 472 167
263 249 120
263 26 94
263 37 172
264 288 105
264 0 188
264 3 241
264 36 142
264 37 135
264 38 93
264 40 197
264 110 130
265 264 128
266 184 132
266 177 112
266 130 163
266 297 175
266 151 173
267 161 133
267 165 218
267 247 231
267 17 219
267 18 71
267 23 192
267 29 153
268 24 101
268 0 151
268 162 181
268 341 95
271 234 68
271 195 148
271 111 110
272 33 164
272 2 164
272 3 124
272 17 279
272 168 146
272 12 135
272 34 161
272 305 214
272 283 115
272 30 144
273 0 65
273 32 73
273 2 138
273 491 183
273 38 108
273 166 100
273 33 249
273 8 246
273 11 136
273 12 88
273 17 102
273 20 98
273 360 100
274 416 146
274 36 118
274 272 133
274 23 237
274 4 119
274 26 191
274 316 143
274 31 121
275 266 107
275 12 143
275 301 141
275 374 171
275 31 61
276 40 102
276 400 88
276 465 99
276 18 126
276 275 112
276 378 110
277 0 144
277 127 233
277 207 206
279 1 109
279 38 83
279 297 157
279 304 154
279 401 73
279 314 113
279 381 165
279 16 199
281 8 100
281 121 132
281 301 91
281 39 126
282 472 78
282 266 165
283 354 78
283 393 125
283 394 151
283 396 135
283 16 140
283 220 110
284 1 133
284 208 97
284 282 77
284 187 136
284 92 79
284 31 98
285 6 131
285 327 140
285 40 113
285 10 94
285 19 153
285 26 72
286 283 97
286 19 134
286 411 163
286 429 141
287 7 82
287 8 78
287 18 92
287 19 183
287 27 95
287 28 134
288 22 164
288 6 66
289 3 87
289 5 92
289 38 75
289 424 141
289 11 183
289 14 110
289 15 93
289 35 85
289 21 90
289 247 178
294 40 105
294 32 150
294 11 104
294 252 163
294 22 139
296 0 116
296 472 212
296 110 183
296 247 178
297 0 122
297 354 224
297 131 161
297 309 106
297 135 172
298 15 139
299 345 276
299 7 89
299 5 134
299 25 101
300 36 76
300 9 189
300 14 252
300 271 156
300 89 164
300 153 123
300 25 126
300 29 80
301 4 113
301 20 106
301 190 145
302 168 110
302 34 150
302 11 126
302 22 207
302 118 116
304 0 211
304 257 236
304 354 186
304 1 145
304 33 113
304 40 146
304 425 132
304 174 106
304 16 209
305 1 155
305 427 108
305 11 116
305 12 108
305 20 189
305 29 143
305 30 114
306 24 155
306 137 118
306 19 115
306 7 152
308 11 151
308 16 123
308 19 167
308 84 80
309 3 165
309 7 159
309 171 126
309 14 143
309 35 179
309 318 123
309 478 123
311 34 195
311 387 77
311 333 85
311 435 164
311 20 112
311 347 158
311 189 172
311 30 149
311 447 101
312 32 73
312 36 162
312 12 133
312 110 125
312 14 244
312 15 141
312 146 103
312 21 104
312 409 90
313 1 85
313 2 128
313 5 91
313 140 128
313 412 165
313 31 161
314 24 106
314 20 123
314 354 125
314 28 151
316 0 88
316 1 75
316 3 125
316 21 109
316 6 106
317 36 128
317 388 198
317 12 98
317 22 135
317 97 253
318 242 135
318 3 161
318 31 81
321 32 202
321 117 213
321 23 135
323 0 105
323 228 129
323 15 141
324 176 165
324 0 68
324 7 103
324 39 135
325 0 133
325 1 105
325 248 94
325 23 155
326 40 257
326 153 191
326 14 153
327 1 84
327 4 113
327 9 171
327 266 88
327 11 166
327 12 88
327 17 178
327 249 160
327 26 82
328 6 76
328 39 141
328 143 165
328 309 113
328 281 98
328 153 181
328 127 112
329 16 154
329 172 178
329 31 170
329 164 132
329 273 189
330 40 227
330 9 85
330 15 111
330 16 73
330 23 181
330 191 98
331 1 201
331 35 209
331 38 117
331 6 103
331 7 158
331 458 103
331 427 178
331 302 174
331 15 131
331 29 108
331 31 151
332 33 120
332 6 68
332 422 261
333 484 125
333 38 241
333 13 229
333 15 82
333 16 266
333 215 216
333 25 100
333 189 246
333 31 123
334 24 83
334 132 124
334 37 98
334 31 143
336 424 246
336 153 86
336 186 101
336 4 147
336 23 128
337 8 258
337 11 179
337 140 105
337 405 223
337 87 157
337 28 219
338 38 135
338 369 100
338 15 204
338 400 150
338 17 85
338 23 173
338 26 77
338 94 124
339 37 153
339 38 75
339 136 141
339 329 105
339 10 122
339 14 231
339 17 100
340 133 135
340 338 112
340 19 108
340 437 115
340 23 108
340 414 213
341 1 127
341 459 105
341 38 115
341 299 147
341 16 110
341 17 95
341 20 171
342 0 67
342 32 148
342 35 86
342 37 176
342 326 92
342 21 143
342 411 109
342 325 87
343 288 89
343 385 79
343 4 68
343 105 79
343 17 188
343 213 102
344 262 102
344 17 123
344 22 94
344 23 84
344 25 77
344 158 75
345 161 77
345 420 79
345 6 67
345 40 151
345 362 122
345 465 98
345 23 161
346 165 125
346 8 85
346 9 86
346 395 123
346 14 102
346 19 84
347 2 84
347 5 140
347 6 123
347 16 127
347 20 143
347 27 117
347 29 138
348 10 96
348 4 75
348 5 84
348 386 106
349 0 86
349 39 161
349 137 86
349 13 100
349 238 163
349 237 87
349 16 143
349 378 84
350 128 88
350 323 117
350 9 86
350 138 107
350 371 107
350 26 87
351 480 152
351 4 75
351 359 104
351 9 75
351 12 97
351 15 186
351 29 67
353 331 116
353 131 64
353 180 92
354 136 80
354 211 133
354 6 71
354 166 92
355 32 71
355 10 139
355 20 76
355 15 78
357 392 101
357 137 167
357 111 73
357 211 68
357 151 71
357 187 62
357 28 79
358 34 125
358 7 78
358 9 66
358 10 79
358 476 64
358 16 162
358 314 66
358 27 111
358 348 121
359 1 90
359 35 80
359 406 98
359 39 78
359 214 96
359 439 71
359 89 66
359 478 71
360 40 89
360 1 90
360 253 123
360 37 115
362 136 68
362 296 157
362 28 157
365 33 97
365 354 120
365 37 121
365 106 130
365 397 93
365 18 91
365 343 75
365 10 87
366 458 103
366 107 145
366 4 92
366 343 82
367 353 135
367 9 71
367 15 106
367 18 151
367 20 73
367 317 82
367 23 142
367 442 111
367 187 74
367 189 129
367 191 82
369 24 78
369 18 66
369 10 162
369 6 82
369 445 146
370 107 82
370 19 141
370 5 167
370 373 80
371 16 154
371 9 63
371 139 78
371 397 113
371 318 68
373 1 107
373 38 100
373 6 65
373 238 70
373 432 87
373 22 138
373 281 160
373 30 123
374 33 100
374 12 115
374 19 193
374 248 97
374 26 133
374 412 87
374 30 92
375 472 125
375 176 123
375 211 95
375 116 96
376 25 82
376 182 66
376 286 82
377 137 84
377 162 77
377 170 70
377 422 115
378 256 133
378 8 121
378 12 78
378 146 78
378 88 86
378 253 86
381 32 120
381 34 108
381 393 85
381 174 67
381 21 111
381 27 115
382 36 86
382 9 72
382 15 84
382 210 175
382 254 119
382 31 160
383 142 125
383 170 79
383 204 92
383 14 153
383 468 99
383 206 82
383 27 117
384 33 153
384 39 110
384 268 86
384 365 142
384 141 86
384 18 84
385 299 121
385 14 112
385 463 104
385 467 165
385 21 113
385 15 70
386 401 72
386 27 188
386 22 155
386 406 180
387 27 158
387 38 87
387 331 99
387 399 137
387 19 115
387 314 112
387 155 75
388 40 95
388 10 84
388 212 107
388 374 74
388 28 131
388 253 99
389 33 178
389 38 77
389 8 67
389 11 85
389 336 140
389 86 88
390 2 72
390 229 165
390 324 87
390 37 85
390 18 131
390 31 84
391 0 75
391 2 87
391 323 132
391 164 69
391 296 166
391 158 86
392 321 224
392 266 168
392 12 128
392 23 101
392 313 83
392 26 100
392 281 214
393 0 115
393 25 234
393 187 169
393 21 84
393 5 162
394 8 153
394 24 81
394 14 168
394 215 128
395 0 231
395 289 104
395 10 182
395 18 182
395 15 120
395 274 133
395 28 237
396 35 194
396 37 101
396 391 77
396 39 71
396 408 95
396 444 189
396 5 190
397 16 148
397 5 141
397 15 121
398 4 121
398 486 194
398 38 113
398 264 113
398 243 130
398 27 123
399 11 131
399 366 174
399 286 201
400 128 156
400 452 118
400 429 92
400 20 117
400 214 147
400 91 263
401 24 111
401 489 138
401 36 158
402 5 137
404 225 112
404 3 163
404 203 233
404 127 225
404 126 190
404 351 220
405 128 205
405 36 160
405 37 98
405 391 144
405 15 97
405 17 120
406 449 103
406 35 80
406 136 145
406 9 112
406 466 117
406 21 116
406 407 82
406 440 95
406 190 120
406 31 83
407 446 142
407 311 159
408 0 178
408 209 92
408 267 204
408 12 80
408 287 238
409 0 86
409 107 96
409 4 86
409 391 99
410 33 139
410 3 122
410 40 174
410 28 103
410 18 204
410 30 127
410 124 117
410 190 136
411 4 258
411 29 246
411 21 111
412 34 162
412 4 112
412 6 203
412 38 124
412 13 88
412 17 174
413 480 99
413 360 122
413 2 90
413 6 116
413 17 115
413 168 132
413 138 125
413 39 143
413 13 159
413 238 105
413 15 108
413 40 84
413 7 256
414 386 74
414 4 98
414 34 113
414 31 93
416 480 211
416 35 130
416 36 251
416 230 131
416 331 241
416 12 171
416 22 138
416 184 216
416 477 85
417 0 70
417 32 85
417 35 211
417 135 70
417 39 101
417 140 130
417 26 132
417 411 92
418 97 270
418 5 128
418 289 102
418 15 137
418 18 133
418 20 136
418 28 122
419 32 186
419 28 122
419 468 97
419 13 163
420 385 79
420 35 83
420 37 178
420 9 145
420 12 82
420 14 75
420 404 137
422 388 198
422 29 169
422 342 111
424 128 120
424 1 154
424 34 130
424 39 161
424 8 108
424 14 138
424 21 99
424 250 115
425 8 110
427 40 131
427 2 173
427 3 105
427 4 129
427 461 214
428 9 134
428 482 113
428 91 181
428 367 88
429 261 124
429 393 128
429 11 91
429 141 179
429 15 232
429 16 118
429 244 201
429 24 141
429 478 187
430 33 93
430 34 136
430 486 113
430 9 100
430 340 190
430 29 128
432 195 145
432 357 233
433 33 115
433 482 134
433 35 109
433 237 149
433 17 161
433 18 214
434 26 137
434 469 203
434 38 100
434 31 78
435 34 209
435 229 97
435 7 158
435 268 120
435 31 179
435 479 93
436 481 125
436 38 114
436 8 148
436 9 153
436 400 140
436 180 114
436 24 209
437 26 87
437 37 113
437 22 143
437 103 233
438 161 181
438 12 155
438 301 284
438 20 105
438 27 170
438 30 86
439 230 127
439 34 98
439 37 98
439 38 155
439 13 164
439 212 201
439 26 167
439 28 93
439 31 194
440 35 139
440 10 229
440 14 100
440 20 191
440 120 124
440 28 128
440 95 124
441 26 137
441 34 103
441 10 172
441 118 129
442 258 97
442 3 107
442 178 215
442 22 133
444 1 87
444 26 167
444 12 170
444 370 90
445 377 97
445 326 115
445 31 103
446 249 157
446 187 159
446 95 168
447 32 100
447 2 221
447 35 251
447 10 83
447 34 239
447 239 95
447 18 83
447 23 103
449 40 189
449 393 115
449 110 131
449 468 136
449 21 126
449 279 110
449 184 76
449 317 216
449 350 143
450 24 148
450 321 155
450 338 188
450 6 141
450 39 164
452 104 140
452 0 153
452 19 76
452 14 183
454 450 81
454 3 145
454 231 85
454 104 159
454 298 212
454 15 136
454 40 165
454 27 128
454 382 92
456 218 204
456 27 173
456 31 106
457 297 217
457 157 139
457 318 117
458 118 107
458 38 148
458 151 153
459 288 85
459 3 95
459 360 165
459 22 151
459 311 83
459 24 81
459 27 123
459 30 201
460 168 112
460 26 125
460 299 151
460 341 130
460 447 130
461 33 172
461 39 161
461 235 224
461 109 176
461 275 93
461 218 118
463 240 85
463 401 171
463 109 117
463 38 85
463 223 263
464 0 156
464 4 97
464 135 115
464 396 135
464 367 150
464 245 148
464 471 216
464 473 123
464 413 171
464 30 116
465 40 174
465 264 131
465 35 150
465 287 157
466 20 216
466 419 233
466 388 148
466 21 120
466 1 253
467 12 110
467 34 148
467 36 101
467 5 159
467 13 93
468 89 112
468 2 196
468 467 82
468 20 85
468 329 135
469 4 130
469 14 125
469 143 125
469 16 125
469 17 105
469 402 117
469 31 157
471 8 86
471 36 135
471 405 132
471 7 146
472 1 140
472 20 148
473 313 118
474 209 181
474 127 93
477 1 160
477 38 214
477 19 217
477 86 120
477 23 81
477 28 197
477 30 120
478 357 115
478 360 140
478 10 131
478 12 90
478 20 113
478 362 168
479 32 212
479 35 113
479 11 91
479 12 204
479 338 100
479 83 125
480 12 118
480 2 184
480 4 96
481 24 116
481 34 96
481 444 206
481 437 125
481 22 115
482 385 92
482 7 158
482 40 227
482 140 103
482 17 138
482 19 151
482 24 121
482 447 101
484 387 238
484 36 192
484 38 73
484 359 135
484 172 166
484 400 148
484 18 95
484 21 94
484 119 72
485 33 83
485 3 186
485 485 89
485 326 219
485 9 154
485 10 146
485 18 81
485 25 177
485 373 130
485 311 103
485 217 164
485 479 239
486 32 179
486 387 77
486 13 141
486 3 226
486 21 94
486 182 173
486 31 111
487 261 125
487 6 179
487 39 81
487 247 191
487 14 177
487 466 95
487 22 71
487 311 182
487 157 115
489 0 216
489 155 110
489 264 108
489 10 106
489 18 86
489 27 133
489 252 236
491 248 140
491 8 93
491 266 93
491 28 96
491 13 146
