82 32 75
82 3 86
82 260 143
82 330 78
82 235 74
82 16 90
83 246 80
83 150 133
84 34 127
84 261 86
84 423 141
84 18 86
84 434 81
84 20 79
84 5 76
85 17 84
85 4 102
85 374 71
85 430 137
85 149 78
86 35 133
86 2 69
86 171 77
86 4 88
87 16 85
87 2 78
87 179 90
87 5 91
87 261 106
89 443 98
89 398 101
89 23 72
91 161 76
91 18 82
91 36 76
92 40 86
92 458 86
92 15 92
92 21 88
92 439 96
93 216 131
93 376 76
93 3 88
93 446 77
95 0 131
95 9 87
95 371 75
97 32 87
97 26 91
97 2 81
97 10 75
97 231 82
99 194 87
99 3 93
99 40 75
99 266 89
99 110 77
99 84 82
99 310 86
100 2 147
100 451 133
100 5 82
100 16 166
100 115 80
100 22 77
100 26 91
101 0 149
101 33 143
101 194 139
101 3 90
101 13 129
101 15 89
101 435 88
102 1 87
102 18 90
102 478 141
102 166 75
102 121 90
103 16 88
103 19 84
103 149 73
103 22 135
103 24 85
103 154 89
103 28 80
104 6 88
104 9 80
104 138 79
104 23 94
104 368 145
104 17 139
104 83 96
104 20 85
104 151 75
104 31 74
106 10 74
106 187 96
106 342 80
106 366 119
107 32 83
107 10 141
107 19 85
107 37 70
107 22 89
108 161 80
108 404 83
108 19 74
108 20 86
108 286 77
109 12 135
109 18 73
109 244 147
109 357 75
109 103 78
110 1 92
110 40 69
110 12 72
110 469 106
110 23 84
110 216 137
110 26 141
111 16 135
111 9 91
111 160 74
113 273 86
113 2 143
113 27 99
113 12 78
113 15 81
114 3 147
114 5 70
114 14 79
114 463 129
114 19 70
114 212 90
114 221 139
114 37 78
115 33 85
115 2 80
115 38 149
115 106 86
115 432 145
115 24 131
115 29 75
116 291 99
116 36 91
116 6 97
116 40 83
116 365 84
116 14 74
116 19 149
116 404 145
116 29 133
118 136 133
118 300 127
118 270 98
118 40 89
118 243 75
118 468 77
118 21 80
118 244 85
119 448 88
119 6 79
119 102 92
119 40 86
119 20 83
119 23 88
119 26 143
119 159 97
121 33 88
121 35 67
121 39 84
121 488 135
121 465 102
121 3 77
121 27 79
124 102 97
124 136 86
124 9 82
124 460 84
124 333 92
124 23 78
124 26 135
124 28 73
124 125 78
125 37 77
125 10 82
125 39 80
125 5 82
125 373 78
126 33 79
126 35 133
126 269 92
127 352 90
127 0 86
127 2 92
127 35 84
127 34 84
127 365 65
127 323 131
128 28 97
128 180 98
130 36 91
130 37 77
130 17 77
130 8 137
130 363 89
130 269 141
130 273 93
130 20 80
130 150 81
130 315 131
130 382 79
131 164 83
131 133 82
131 167 85
131 8 75
131 12 99
131 101 75
131 23 80
131 476 75
131 37 77
132 384 137
132 418 90
132 37 88
132 39 86
132 12 81
132 308 85
132 187 90
133 432 76
133 484 83
133 148 79
133 37 145
133 286 92
135 17 77
135 211 80
135 37 90
135 1 82
136 235 86
136 37 77
136 22 104
137 176 92
137 16 90
137 11 78
137 5 84
138 33 127
138 355 80
138 359 92
138 300 137
138 17 74
138 114 143
138 23 125
138 152 143
138 219 131
138 221 92
139 34 127
139 419 137
139 360 79
139 297 87
139 2 82
139 157 90
140 11 72
140 13 78
140 485 127
140 6 74
140 23 141
141 20 71
141 22 80
141 7 82
142 8 79
142 16 135
142 458 90
142 10 129
143 29 137
143 19 77
143 214 153
143 217 103
143 409 91
143 381 77
145 256 82
145 231 96
145 14 94
145 244 81
145 214 80
145 475 81
145 286 86
146 33 81
146 2 80
146 3 89
146 108 81
146 432 125
146 91 81
146 156 70
147 33 87
147 419 87
147 20 74
147 219 69
148 32 84
148 225 90
148 6 83
148 392 86
148 139 80
148 17 88
148 435 107
148 22 80
148 24 92
149 115 139
149 4 75
149 23 83
150 33 139
150 2 82
150 3 135
150 40 94
150 402 139
150 179 143
150 440 89
150 285 70
151 230 81
151 37 77
151 6 143
151 19 131
151 381 135
151 127 75
152 17 76
152 292 87
152 100 83
154 139 87
154 12 63
154 14 92
154 370 123
154 19 94
154 21 73
154 342 76
154 87 91
154 24 77
154 26 141
154 219 85
155 353 84
155 37 129
155 449 90
155 11 82
155 18 87
155 408 129
156 338 86
156 431 83
156 300 123
156 5 137
156 359 85
157 323 142
157 9 71
157 11 131
157 463 80
157 21 75
157 246 97
157 23 81
157 89 81
158 0 73
158 385 86
158 22 84
158 38 97
158 1 92
158 308 87
158 150 125
158 279 121
158 24 135
158 116 78
158 29 87
159 293 80
159 200 141
159 9 137
159 462 70
159 18 68
159 20 73
159 30 89
160 0 133
160 37 67
160 11 83
160 15 93
160 18 80
160 21 83
160 24 90
160 31 70
161 4 72
161 37 121
161 329 75
161 13 95
161 109 91
161 465 82
161 485 77
162 4 72
162 11 86
162 12 100
162 16 139
162 435 85
162 251 90
163 322 72
163 132 73
163 7 88
163 299 139
163 12 88
163 13 92
164 27 80
164 9 145
164 19 141
164 142 87
164 1 89
165 464 86
165 370 88
165 23 78
166 3 89
166 165 76
166 13 67
166 18 75
166 28 78
166 29 83
167 290 81
167 36 121
167 38 99
167 7 72
168 480 80
168 1 67
168 3 129
168 40 96
168 16 151
168 22 99
168 380 84
168 127 88
169 2 75
169 232 79
169 171 98
169 214 83
169 89 90
169 314 83
171 2 131
171 7 84
171 4 145
171 118 75
171 23 76
172 32 131
172 36 101
172 84 133
172 14 97
172 185 141
173 13 119
173 21 74
173 245 127
173 22 70
173 231 81
175 39 80
175 395 91
175 132 72
175 150 83
175 351 88
176 2 83
176 371 88
178 27 75
178 166 94
178 6 102
178 334 63
178 83 68
178 148 93
178 443 97
178 28 77
179 32 135
179 3 87
179 300 72
179 110 82
179 355 86
179 27 143
179 30 73
180 5 79
180 39 77
180 106 83
180 333 76
180 14 85
180 21 88
180 247 157
180 440 172
180 127 81
181 32 85
181 131 82
181 239 72
181 176 88
181 306 89
181 15 70
182 322 94
182 3 77
182 100 141
182 7 76
182 9 87
182 455 83
182 258 75
182 18 85
182 467 89
183 32 84
183 382 129
183 31 135
184 161 77
184 36 79
184 37 82
184 273 86
184 14 96
184 17 137
184 213 88
184 23 86
184 31 79
185 9 149
185 155 92
185 23 145
186 330 86
186 283 94
186 182 129
186 278 125
186 211 141
187 35 86
187 7 94
187 138 94
187 13 85
187 14 86
187 323 75
187 21 94
187 24 77
188 272 78
188 2 92
188 6 79
188 238 87
188 23 75
189 3 91
189 254 131
189 14 85
189 5 86
190 361 83
190 11 79
190 245 91
194 256 82
194 196 81
194 374 90
194 137 139
194 207 129
194 152 81
194 20 75
194 437 90
194 470 89
194 24 94
194 31 83
195 291 135
195 361 127
195 234 75
195 366 82
195 21 74
195 150 82
196 34 82
196 7 85
196 297 85
196 396 96
196 245 145
196 27 74
196 95 87
197 32 98
197 36 89
197 6 145
197 202 80
197 11 75
197 12 143
198 355 141
198 396 96
198 12 79
198 22 85
198 154 101
198 220 78
200 328 127
200 16 90
200 18 88
200 20 85
200 201 133
201 0 77
201 1 82
201 3 100
201 357 73
201 39 73
201 40 92
201 203 73
201 15 145
201 246 94
201 28 103
201 31 85
202 5 68
202 166 103
202 10 85
202 19 91
202 248 86
202 28 150
203 36 92
203 9 84
203 272 77
203 178 94
203 149 91
203 315 94
203 351 84
204 32 84
204 38 90
204 6 88
204 39 87
204 9 71
204 167 139
204 13 66
204 440 96
204 281 73
204 159 84
205 17 80
205 148 111
205 21 76
205 373 77
207 2 65
207 388 69
207 30 92
210 8 79
210 148 78
211 0 94
211 22 79
211 136 84
211 428 146
211 13 95
211 19 123
211 246 102
211 473 91
211 27 79
211 421 76
212 1 141
212 31 98
212 12 86
212 14 89
212 7 76
213 2 75
213 6 133
213 7 96
213 23 93
213 25 143
213 26 84
213 281 87
214 480 91
214 418 81
214 5 98
214 10 145
214 15 79
214 308 99
214 383 90
216 355 93
216 13 75
216 304 127
216 19 80
216 439 94
216 283 78
217 5 87
217 38 82
217 39 85
217 210 79
217 15 83
217 18 81
217 21 82
217 30 93
219 25 80
219 115 145
219 164 82
220 449 85
220 13 88
220 329 85
221 3 85
221 38 92
221 167 86
221 136 137
221 234 87
221 427 90
221 23 139
221 26 88
221 10 87
222 35 82
222 110 137
222 21 78
222 183 71
222 411 80
222 30 137
222 31 72
223 16 84
223 138 131
223 348 126
223 181 85
223 238 121
224 234 123
224 331 68
224 16 88
224 306 95
224 309 137
224 254 80
225 388 83
225 108 125
226 0 86
226 37 87
226 8 71
226 398 85
226 243 139
226 95 95
226 5 85
227 321 108
227 34 90
227 99 102
227 455 91
227 424 84
227 11 82
227 109 117
227 14 79
227 176 98
227 242 81
227 483 102
227 342 139
227 23 82
229 282 88
229 11 102
229 358 105
229 486 75
229 39 75
230 24 88
230 352 72
230 292 84
230 22 67
230 201 93
231 5 70
231 7 84
231 367 81
231 18 141
231 116 88
231 121 73
231 219 147
232 24 82
232 33 77
232 252 72
232 25 71
234 328 79
234 345 87
234 4 71
234 271 82
235 465 141
235 427 86
235 470 81
236 33 88
236 18 84
236 36 131
238 1 77
238 4 69
238 104 86
238 457 85
238 299 84
238 114 139
238 181 156
238 26 72
239 344 85
239 26 65
239 83 70
239 84 83
239 21 145
240 484 77
240 380 89
241 0 131
241 37 129
241 104 78
241 461 67
241 302 89
241 370 141
241 20 74
241 24 90
242 0 133
242 19 79
242 483 89
242 37 88
242 465 86
242 40 99
242 15 115
242 488 88
242 339 86
242 31 73
243 4 86
243 5 79
243 363 90
243 460 135
243 18 67
243 180 85
243 248 67
243 121 98
244 10 82
244 28 90
244 162 137
244 142 82
245 99 93
245 7 84
245 265 86
245 10 100
245 110 135
245 16 89
245 22 82
246 458 75
246 269 137
246 38 89
246 39 131
247 322 82
247 419 133
247 451 75
247 20 129
247 26 115
247 476 106
247 29 85
248 8 108
248 156 149
248 342 78
248 7 100
249 0 78
249 1 137
249 99 83
249 201 100
249 241 137
249 183 79
251 34 89
251 4 94
251 391 145
251 16 80
251 19 95
251 223 87
252 197 80
252 39 81
252 371 84
252 468 112
252 439 83
252 24 78
252 25 137
252 27 70
252 348 107
254 2 137
254 100 97
254 103 133
254 109 73
254 29 75
254 222 108
256 0 74
256 197 95
256 151 100
256 186 127
256 344 86
256 442 86
256 93 96
257 97 82
257 6 83
257 391 95
257 143 91
257 437 101
257 252 76
258 7 81
258 455 79
258 16 83
258 146 160
258 438 101
258 25 96
260 385 80
260 37 69
260 103 83
260 235 86
260 13 135
260 24 80
261 35 79
261 3 129
261 39 83
261 329 137
261 10 90
261 11 106
261 125 80
261 19 100
261 29 84
262 38 88
262 11 129
262 110 143
262 16 81
262 270 93
262 28 123
263 488 100
263 33 137
263 107 91
263 4 135
263 14 90
264 4 86
264 29 73
264 22 95
264 485 95
265 8 68
265 9 96
265 19 79
265 148 74
266 32 80
266 11 69
266 444 92
267 130 125
267 3 77
267 40 87
267 9 90
267 19 92
267 378 137
268 37 75
268 7 143
268 8 92
268 10 92
268 14 86
268 16 133
268 178 75
268 334 123
268 22 127
268 151 93
269 5 73
269 39 129
269 264 125
269 12 135
269 16 89
269 8 131
269 211 92
269 116 91
269 283 84
269 30 129
269 31 86
270 8 76
270 356 98
270 13 79
270 22 97
270 29 137
271 33 91
271 6 98
271 7 131
271 8 87
271 465 88
271 274 91
271 383 100
272 0 87
272 2 73
272 38 76
272 9 143
272 300 84
272 17 93
272 309 82
273 345 95
273 308 93
273 31 83
274 260 94
274 8 83
274 15 75
274 304 135
274 20 76
274 31 84
275 419 94
275 421 96
275 295 76
275 297 72
275 338 78
275 181 139
275 378 121
275 21 67
275 245 92
277 139 94
277 11 94
277 212 141
277 21 74
277 121 83
277 383 92
278 353 93
278 34 94
278 3 104
278 20 74
278 344 127
278 26 76
279 35 74
279 15 73
279 21 94
279 438 102
279 442 91
279 411 129
279 287 83
281 25 93
281 196 90
281 12 77
281 157 88
281 310 88
282 473 82
282 380 76
282 4 90
283 40 83
283 474 87
283 35 75
283 269 80
285 3 71
285 39 89
285 138 79
285 13 78
285 82 89
285 404 71
285 279 73
285 186 81
285 347 89
286 387 69
286 4 81
286 38 85
286 7 71
286 365 97
286 27 65
286 370 84
286 347 145
286 155 81
286 159 75
287 4 147
287 37 74
287 169 87
287 441 94
287 28 83
287 383 74
288 263 82
288 234 81
288 14 84
288 84 97
288 23 133
288 29 85
290 449 83
290 229 81
290 1 79
290 333 86
290 304 85
290 21 72
290 26 92
290 28 84
291 254 96
291 306 86
291 19 77
291 5 74
291 38 85
292 7 68
292 12 95
292 396 83
292 13 75
292 337 129
292 437 145
292 220 91
293 481 92
293 2 86
293 38 86
293 361 86
293 236 139
293 334 88
293 20 119
293 246 91
293 378 129
293 30 87
295 17 88
295 26 86
296 323 84
296 238 86
297 37 84
297 39 127
297 393 98
297 330 81
297 13 67
297 31 84
299 33 86
299 162 89
299 7 133
299 11 90
299 240 129
299 20 79
299 24 131
299 377 78
300 161 94
300 166 86
300 261 139
300 169 74
300 39 94
302 1 123
302 329 133
302 458 88
302 15 154
302 345 101
302 186 103
303 32 71
303 2 92
303 36 88
303 357 79
303 15 77
303 336 90
303 21 81
303 281 74
303 315 103
304 27 71
304 37 79
304 486 100
304 203 94
304 108 89
304 17 95
304 82 89
304 216 81
304 155 87
304 477 74
306 9 133
306 5 72
306 17 82
308 16 141
308 9 63
308 114 95
308 380 69
308 349 89
309 384 86
309 2 93
309 260 82
309 37 94
309 241 81
309 19 93
309 469 77
309 23 88
310 34 87
310 388 81
310 389 89
311 97 85
311 6 133
311 142 83
311 18 87
311 181 125
311 28 95
314 0 74
314 386 75
314 37 117
314 486 90
314 7 131
314 6 77
314 101 82
315 386 82
315 37 65
315 40 92
315 491 86
315 142 83
315 146 61
315 14 125
315 443 91
315 5 70
319 8 73
319 365 78
319 15 81
319 83 83
319 340 83
319 26 75
319 27 102
319 285 94
321 295 99
321 10 86
321 267 147
321 205 80
321 339 96
321 414 103
322 2 82
322 236 78
322 428 92
322 367 94
322 175 90
322 444 97
322 30 85
323 168 143
323 17 75
323 186 84
323 20 127
323 34 82
324 323 74
324 491 69
325 91 94
325 7 77
325 10 84
325 435 88
325 99 79
325 25 71
325 377 81
325 217 86
325 27 80
327 448 90
327 225 90
327 5 84
327 299 137
327 13 77
327 207 127
327 17 83
327 26 67
327 28 129
327 95 90
328 99 76
328 4 90
328 37 84
328 38 69
328 373 71
328 156 86
328 29 85
329 40 129
329 19 84
329 468 97
329 427 92
329 319 84
330 32 82
330 1 83
330 194 67
330 39 82
330 267 99
330 386 74
330 21 70
331 290 133
331 267 91
331 197 79
331 11 87
331 14 69
331 111 81
331 281 78
331 186 133
331 28 97
333 33 90
333 36 140
333 13 72
333 334 76
333 465 135
333 83 77
333 30 92
333 31 135
334 34 141
334 35 77
334 38 96
334 137 131
334 376 75
334 29 83
334 447 82
335 257 139
335 36 86
335 7 143
335 40 99
335 269 97
335 13 94
335 16 79
336 16 133
336 3 102
336 187 86
336 460 75
336 5 92
337 36 102
337 39 77
337 7 87
337 431 82
337 245 99
337 25 137
337 26 78
337 28 81
338 5 70
338 14 85
338 336 79
338 19 69
338 279 135
338 30 135
339 3 129
339 4 131
339 38 79
339 107 101
339 17 87
339 18 70
339 85 96
339 299 76
339 21 73
340 102 127
340 6 80
340 329 133
340 14 69
340 283 86
340 5 88
341 32 82
341 133 135
341 11 79
341 17 79
341 373 78
341 188 72
342 38 81
342 295 135
342 109 88
342 15 89
342 16 77
342 249 135
342 29 81
344 0 94
344 33 79
344 35 75
344 356 101
344 270 95
344 16 90
344 437 96
344 22 77
344 152 79
344 409 83
344 474 82
345 376 101
345 25 84
347 483 85
347 102 96
347 6 70
347 423 108
347 368 139
347 23 76
348 1 100
348 421 96
348 363 67
348 239 102
348 21 78
348 345 97
349 32 95
349 17 76
349 29 72
349 21 74
349 31 90
351 24 69
351 267 91
351 37 76
351 438 77
351 23 85
352 32 79
352 0 87
352 3 129
352 4 90
352 37 72
352 263 71
352 14 80
352 243 94
352 25 93
352 92 125
353 9 101
353 11 65
353 190 86
355 33 74
355 4 83
355 5 73
355 9 141
355 11 77
355 19 69
356 338 69
356 139 80
356 221 82
356 38 82
357 8 143
357 25 75
357 126 83
357 22 83
357 24 87
358 35 131
358 423 69
358 230 147
358 7 74
359 114 131
359 335 95
360 0 72
360 5 67
360 6 80
360 39 86
360 392 77
360 9 70
360 240 90
360 8 147
360 115 89
360 28 125
360 37 82
360 479 76
361 34 74
361 227 87
361 201 131
361 367 83
361 464 83
361 467 90
363 0 79
363 2 83
363 165 125
363 363 78
363 460 90
363 14 85
363 212 80
363 444 80
365 256 84
365 32 75
365 449 75
365 458 91
365 14 74
365 147 86
365 277 131
365 183 105
365 24 73
366 351 96
366 314 96
366 15 80
366 23 82
367 296 80
367 11 81
367 100 77
367 30 131
368 272 81
368 315 78
368 36 82
368 13 86
368 31 91
370 162 127
370 104 89
370 331 82
370 111 90
370 342 69
370 25 78
370 477 67
371 128 76
371 4 90
371 39 94
371 243 93
371 28 76
371 413 139
373 40 76
373 10 88
373 205 130
373 186 153
373 15 85
374 1 121
374 102 92
374 7 76
374 10 75
374 376 74
374 29 66
376 201 73
376 36 67
376 25 75
376 446 133
376 12 76
377 0 72
377 357 72
377 28 80
377 271 72
377 438 77
377 442 79
377 252 84
377 31 84
378 0 78
378 36 127
378 37 83
380 315 129
380 475 75
380 6 73
380 239 82
381 34 87
381 4 82
381 330 69
381 15 71
381 374 83
381 29 66
382 0 143
382 131 83
382 39 155
382 210 79
382 20 91
382 85 65
382 438 88
383 2 79
383 290 79
383 260 78
383 34 117
384 113 89
384 226 70
384 28 85
384 26 85
385 448 77
385 4 85
385 9 73
385 458 90
385 172 135
385 12 135
385 182 85
385 27 68
386 8 81
386 18 87
386 3 79
386 28 71
386 15 90
387 33 79
387 4 84
387 37 78
387 391 67
387 169 88
387 463 139
387 274 80
387 84 75
388 376 101
388 160 68
388 84 129
388 150 139
389 162 91
389 485 79
389 262 157
389 39 76
389 10 93
389 455 151
389 15 84
389 17 153
390 257 93
390 34 79
390 14 74
390 442 93
390 282 155
390 223 92
391 0 93
391 32 77
391 40 75
391 458 75
391 139 77
391 16 133
391 21 90
391 27 77
392 160 63
392 227 85
392 39 141
392 424 84
392 10 97
392 14 133
392 3 85
392 22 77
392 220 100
393 7 143
393 15 95
393 17 76
393 472 99
393 25 87
393 30 90
393 383 101
395 304 135
395 25 149
395 15 147
395 438 75
395 31 109
396 35 77
396 310 74
396 268 106
396 430 73
396 3 77
396 22 89
396 216 84
396 283 84
398 385 86
398 35 84
398 8 78
398 234 96
398 268 99
398 13 74
398 278 90
398 24 69
398 283 83
401 3 102
401 486 141
401 12 79
401 365 86
401 35 89
401 28 78
401 29 84
401 126 68
402 32 81
402 197 91
402 7 86
402 103 78
402 335 74
402 373 127
402 24 86
402 26 89
403 242 86
403 2 69
403 14 82
403 5 79
403 38 97
404 226 84
404 35 89
404 37 85
404 34 91
404 18 73
404 19 77
408 257 145
408 386 85
408 36 87
408 33 73
408 21 125
408 440 75
408 441 149
408 285 137
409 10 86
409 20 87
409 5 102
411 40 79
411 1 93
411 443 86
411 9 91
411 23 79
413 6 76
413 296 90
413 205 81
413 368 76
413 438 141
413 23 100
413 30 90
414 33 103
414 34 86
414 4 77
414 5 73
414 427 125
414 141 100
414 26 94
414 413 96
417 24 81
417 36 85
418 32 141
418 33 145
418 2 96
418 7 86
418 266 83
418 371 87
419 32 85
419 97 86
419 421 90
419 38 85
419 7 85
419 328 93
419 246 89
419 6 137
419 443 85
420 34 89
421 19 81
421 11 137
421 435 100
421 27 74
423 460 133
423 4 74
423 39 98
424 162 129
424 356 74
424 40 85
424 9 121
424 21 125
424 302 96
424 16 78
424 211 91
424 213 153
424 28 131
424 351 86
426 25 139
426 18 94
426 219 98
426 5 135
426 6 77
427 33 88
427 38 125
427 167 73
427 8 74
427 457 71
427 212 87
427 180 86
428 0 141
428 25 88
428 27 125
428 158 77
428 30 80
430 224 133
430 418 80
430 132 78
430 486 76
430 8 81
430 10 84
430 18 85
430 14 73
430 408 87
430 434 101
430 119 98
430 152 137
431 32 81
431 5 79
431 393 94
431 21 69
431 376 85
431 186 96
431 382 86
432 31 81
432 360 133
432 155 85
432 207 90
434 424 101
434 107 88
434 334 85
434 18 77
434 252 75
434 254 80
435 22 81
435 8 84
435 12 100
435 111 78
435 470 87
435 29 69
437 32 87
437 1 85
437 6 80
437 7 91
437 328 93
437 11 71
437 13 141
437 14 98
437 15 99
437 392 89
437 23 87
437 119 91
438 3 96
438 37 131
438 6 86
438 10 88
438 204 86
438 20 95
439 32 80
439 36 71
439 39 88
439 138 98
439 16 73
439 158 90
439 159 77
440 288 71
440 1 79
440 92 90
440 5 91
440 21 98
441 8 97
441 168 94
441 115 87
441 20 75
441 22 71
441 23 92
441 24 121
441 25 96
441 27 131
441 381 81
442 0 88
442 33 133
442 467 148
442 241 139
443 1 94
443 347 88
443 219 75
443 4 83
443 341 95
444 102 89
444 10 87
444 16 98
444 254 80
444 278 75
444 222 143
444 31 71
445 24 93
445 40 91
445 19 74
445 387 102
445 30 71
446 481 89
446 155 85
446 38 80
446 23 82
447 33 84
447 8 88
447 40 80
447 403 90
447 23 96
447 92 80
447 30 75
448 33 76
448 6 147
448 207 80
448 17 86
448 24 86
448 26 135
448 28 129
449 34 74
449 28 100
449 31 96
451 35 89
451 5 87
451 488 141
451 441 143
451 28 71
451 357 131
455 97 86
455 451 137
455 36 85
455 15 84
455 21 127
455 27 92
457 240 147
457 178 127
457 28 85
457 5 79
458 6 87
458 330 89
458 140 91
458 15 83
458 82 97
458 281 85
459 0 88
459 9 76
459 212 74
459 270 84
459 23 98
460 32 73
460 1 84
460 297 76
460 18 71
460 20 72
460 23 139
460 126 96
461 448 84
461 226 86
461 387 139
461 4 78
461 39 143
461 40 90
461 268 94
461 465 101
461 18 84
461 26 84
462 34 133
462 15 148
462 30 76
462 342 84
462 221 94
462 414 92
463 451 89
463 37 146
463 166 108
463 111 88
463 154 71
463 219 86
463 189 155
464 377 71
464 29 82
464 89 87
464 447 76
465 15 85
467 22 81
467 18 72
467 21 143
467 382 88
468 4 97
468 12 93
468 29 95
468 31 123
469 267 93
469 241 147
469 363 147
469 30 99
469 238 133
470 0 75
470 391 135
470 457 145
470 10 82
470 82 80
470 84 90
470 23 127
472 32 69
472 274 85
472 131 143
472 163 150
472 103 91
473 1 80
474 32 71
474 386 85
474 427 94
474 37 69
474 6 90
474 11 98
474 277 90
474 24 135
474 28 80
475 401 87
475 465 90
475 22 74
475 270 71
475 13 80
476 32 103
476 37 84
476 263 86
476 297 95
476 363 77
476 12 90
477 115 79
477 267 84
477 468 85
477 21 139
477 391 82
478 0 84
478 36 131
478 9 84
478 460 75
478 16 83
478 108 81
478 30 84
479 35 90
479 389 88
479 6 98
479 18 80
479 20 100
479 31 87
480 40 70
480 10 95
480 36 72
480 125 90
480 95 145
481 299 82
481 306 156
481 11 76
481 476 79
483 32 113
483 4 70
483 486 89
483 114 85
483 275 71
483 23 129
483 29 85
484 353 84
484 37 89
484 166 65
484 327 81
484 367 143
484 275 101
484 20 127
485 257 91
485 37 85
485 6 104
485 16 139
485 252 147
485 30 131
486 359 69
486 15 70
486 273 83
486 212 96
486 20 78
486 252 101
488 472 96
488 1 96
488 2 86
488 4 81
488 263 89
491 33 73
491 194 86
491 355 127
491 262 151
491 6 77
491 40 101
491 2 139
491 19 90
