399 12 146 1000
416 431 136 1000
409 35 137 1000
410 210 114 1000
410 32 102 1000
255 186 145 1000
304 16 140 1000
124 32 133 1000
255 403 106 1000
299 2 141 1000
409 43 129 1000
214 26 132 1000
253 16 95 1000
438 24 133 1000
111 9 138 1000
112 32 98 1000
271 2 140 1000
217 217 117 1000
375 25 133 1000
255 153 138 1000
229 25 139 1000
377 32 94 1000
277 31 131 1000
210 16 88 1000
439 14 138 1000
110 520 129 1000
188 236 131 1000
476 32 141 1000
214 21 127 1000
392 32 103 1000
233 478 129 1000
209 2 108 1000
483 31 131 1000
222 24 136 1000
116 192 128 1000
126 2 140 1000
256 377 87 1000
402 16 107 1000
323 28 139 1000
210 0 125 1000
390 9 138 1000
248 14 92 1000
215 38 129 1000
334 273 125 1000
413 11 136 1000
393 16 101 1000
518 394 128 1000
409 278 134 1000
235 2 91 1000
340 32 96 1000
182 182 136 1000
435 34 128 1000
229 16 93 1000
115 38 123 1000
182 35 137 1000
395 268 125 1000
404 38 126 1000
439 13 123 1000
190 32 89 1000
416 482 94 1000
503 12 125 1000
493 30 126 1000
433 12 88 1000
369 12 101 1000
465 35 136 1000
354 209 99 1000
391 334 92 1000
436 122 123 1000
390 389 89 1000
346 12 94 1000
407 14 94 1000
199 30 124 1000
374 10 126 1000
345 32 97 1000
408 25 110 1000
419 2 124 1000
208 35 104 1000
412 294 135 1000
217 35 93 1000
410 4 122 1000
304 496 123 1000
235 10 125 1000
406 98 126 1000
93 28 131 1000
169 32 98 1000
493 25 123 1000
101 16 125 1000
307 37 122 1000
191 32 81 1000
192 32 81 1000
254 29 124 1000
482 209 102 1000
191 256 103 1000
176 15 134 1000
245 32 109 1000
483 414 106 1000
115 25 91 1000
116 25 91 1000
88 30 124 1000
236 28 102 1000
335 30 100 1000
111 174 97 1000
103 2 125 1000
179 12 92 1000
246 40 130 1000
465 16 97 1000
445 31 90 1000
357 523 134 1000
112 458 91 1000
463 112 91 1000
433 2 99 1000
357 304 124 1000
111 5 119 1000
223 404 89 1000
224 369 96 1000
224 375 86 1000
116 526 86 1000
376 24 104 1000
375 434 89 1000
324 405 102 1000
194 32 107 1000
408 43 101 1000
489 249 89 1000
506 28 122 1000
460 273 132 1000
433 18 119 1000
165 12 95 1000
109 26 86 1000
96 32 86 1000
126 16 84 1000
390 30 79 1000
202 9 130 1000
192 40 122 1000
274 21 132 1000
233 281 119 1000
236 34 85 1000
322 40 120 1000
184 372 91 1000
389 433 88 1000
253 7 85 1000
466 40 128 1000
392 145 121 1000
369 1 131 1000
110 13 90 1000
356 40 121 1000
492 26 128 1000
109 13 89 1000
434 24 98 1000
431 38 121 1000
476 34 131 1000
431 24 79 1000
324 6 121 1000
117 3 93 1000
341 439 78 1000
119 277 119 1000
127 270 121 1000
254 27 121 1000
127 8 118 1000
329 37 84 1000
416 3 94 1000
329 301 96 1000
354 2 89 1000
374 15 90 1000
449 392 117 1000
374 34 87 1000
376 484 89 1000
399 3 94 1000
406 525 100 1000
524 8 129 1000
208 21 89 1000
185 38 121 1000
409 38 78 1000
269 38 117 1000
463 31 97 1000
248 10 95 1000
466 28 94 1000
407 15 95 1000
430 31 102 1000
318 10 118 1000
506 25 121 1000
163 16 88 1000
251 23 95 1000
515 32 92 1000
185 2 93 1000
247 25 83 1000
113 18 93 1000
145 445 116 1000
316 8 130 1000
154 189 121 1000
186 28 86 1000
306 31 95 1000
307 31 101 1000
357 14 93 1000
271 28 113 1000
377 275 93 1000
214 18 76 1000
253 6 76 1000
237 169 86 1000
116 322 88 1000
445 483 83 1000
334 37 88 1000
464 509 117 1000
481 24 86 1000
438 14 92 1000
159 6 119 1000
110 7 97 1000
369 189 94 1000
376 13 77 1000
185 25 81 1000
337 26 86 1000
352 30 92 1000
275 25 83 1000
495 12 92 1000
174 23 126 1000
316 333 75 1000
493 28 92 1000
154 112 94 1000
513 208 98 1000
390 4 127 1000
239 28 90 1000
472 407 87 1000
253 23 85 1000
231 460 103 1000
345 34 86 1000
417 38 104 1000
472 32 104 1000
205 236 97 1000
246 14 90 1000
240 25 85 1000
305 15 81 1000
299 34 82 1000
485 14 85 1000
404 37 92 1000
115 18 86 1000
298 28 100 1000
250 38 85 1000
526 16 93 1000
337 3 75 1000
434 35 85 1000
345 39 91 1000
382 15 129 1000
401 317 89 1000
159 445 81 1000
192 11 126 1000
409 5 81 1000
124 317 114 1000
191 42 118 1000
463 33 129 1000
464 35 91 1000
261 32 74 1000
424 332 79 1000
162 24 84 1000
133 186 116 1000
446 26 91 1000
448 25 128 1000
436 239 99 1000
440 25 92 1000
279 3 116 1000
102 9 117 1000
275 35 85 1000
109 43 89 1000
376 10 90 1000
117 7 91 1000
381 32 96 1000
131 35 127 1000
258 13 114 1000
376 43 94 1000
452 32 80 1000
519 374 92 1000
319 357 90 1000
220 345 98 1000
237 13 92 1000
223 25 84 1000
193 25 83 1000
423 32 90 1000
436 264 142 1000
192 129 123 1000
112 42 80 1000
235 43 86 1000
207 28 93 1000
489 439 85 1000
369 39 102 1000
476 31 85 1000
190 35 84 1000
341 40 80 1000
219 1 113 1000
261 298 116 1000
422 31 90 1000
256 419 92 1000
394 119 88 1000
290 524 115 1000
157 14 85 1000
237 6 95 1000
466 185 73 1000
144 169 125 1000
204 235 91 1000
214 41 74 1000
489 30 95 1000
172 22 113 1000
277 34 83 1000
184 5 115 1000
448 15 116 1000
493 33 126 1000
434 36 123 1000
474 10 115 1000
475 10 126 1000
460 35 94 1000
474 16 91 1000
415 41 98 1000
245 35 99 1000
301 360 116 1000
317 14 74 1000
100 39 116 1000
395 23 88 1000
209 264 89 1000
117 99 72 1000
333 40 101 1000
301 4 116 1000
254 41 83 1000
189 34 94 1000
249 498 87 1000
393 37 91 1000
409 17 89 1000
412 17 101 1000
205 33 122 1000
294 12 94 1000
297 12 93 1000
194 523 89 1000
306 125 72 1000
424 24 79 1000
374 23 84 1000
132 9 126 1000
92 2 87 1000
287 14 78 1000
344 195 83 1000
307 13 84 1000
520 22 115 1000
208 29 72 1000
430 299 94 1000
329 6 89 1000
121 25 93 1000
234 3 87 1000
432 156 82 1000
322 19 115 1000
134 405 78 1000
228 421 82 1000
270 35 100 1000
128 127 112 1000
313 24 90 1000
227 9 81 1000
103 31 78 1000
168 118 88 1000
362 16 71 1000
256 1 72 1000
303 34 86 1000
196 4 125 1000
155 286 125 1000
473 14 81 1000
384 249 90 1000
403 11 84 1000
98 40 111 1000
157 28 98 1000
513 405 90 1000
327 4 115 1000
492 35 71 1000
173 245 86 1000
179 37 82 1000
460 25 89 1000
125 124 78 1000
522 168 78 1000
268 34 96 1000
103 7 114 1000
502 31 81 1000
194 13 83 1000
484 4 115 1000
220 13 71 1000
97 33 114 1000
402 41 81 1000
406 41 82 1000
350 4 121 1000
237 22 97 1000
95 11 114 1000
145 16 70 1000
139 3 125 1000
466 13 90 1000
330 29 85 1000
190 37 70 1000
497 5 114 1000
475 11 115 1000
497 163 77 1000
254 19 70 1000
221 26 70 1000
189 26 70 1000
100 231 83 1000
169 36 110 1000
430 7 70 1000
449 32 87 1000
406 1 92 1000
305 40 71 1000
432 0 77 1000
221 17 123 1000
241 21 90 1000
439 8 85 1000
148 15 81 1000
512 2 98 1000
207 15 70 1000
268 3 80 1000
197 272 91 1000
371 11 80 1000
489 9 69 1000
233 29 76 1000
185 10 76 1000
445 23 91 1000
519 169 91 1000
151 19 109 1000
340 38 70 1000
124 497 79 1000
500 28 69 1000
382 392 69 1000
526 36 123 1000
169 37 79 1000
315 37 86 1000
260 2 88 1000
105 24 79 1000
207 9 69 1000
492 190 84 1000
318 3 70 1000
489 13 79 1000
482 18 75 1000
310 26 86 1000
218 97 79 1000
395 0 97 1000
222 10 84 1000
288 502 112 1000
523 13 89 1000
125 298 90 1000
485 3 90 1000
433 23 80 1000
113 20 85 1000
293 2 95 1000
188 7 69 1000
332 33 94 1000
125 39 78 1000
424 434 90 1000
260 14 68 1000
492 462 87 1000
163 3 75 1000
432 40 95 1000
258 31 83 1000
207 13 81 1000
94 34 68 1000
95 34 68 1000
222 39 97 1000
526 40 75 1000
333 42 95 1000
355 97 78 1000
523 37 69 1000
432 7 83 1000
434 7 86 1000
153 327 85 1000
420 34 85 1000
436 33 73 1000
361 233 96 1000
407 20 95 1000
237 29 68 1000
516 41 111 1000
119 27 143 1000
151 458 86 1000
198 39 79 1000
308 324 96 1000
155 34 96 1000
157 34 93 1000
357 0 74 1000
465 26 85 1000
155 7 74 1000
345 0 82 1000
272 40 96 1000
433 22 86 1000
436 22 84 1000
274 88 82 1000
297 30 77 1000
88 36 111 1000
273 38 79 1000
270 43 84 1000
165 18 86 1000
149 8 90 1000
155 8 77 1000
499 14 82 1000
513 1 119 1000
202 20 120 1000
194 0 89 1000
116 27 77 1000
221 381 74 1000
386 24 82 1000
283 306 73 1000
109 29 85 1000
466 3 85 1000
281 26 82 1000
224 7 85 1000
148 3 78 1000
454 28 86 1000
275 22 73 1000
315 18 95 1000
460 420 77 1000
464 0 78 1000
103 34 81 1000
489 21 88 1000
319 43 83 1000
163 7 88 1000
460 0 77 1000
524 162 95 1000
239 0 95 1000
287 9 66 1000
159 7 76 1000
198 13 81 1000
219 11 73 1000
497 38 83 1000
401 20 86 1000
195 11 83 1000
130 14 77 1000
355 40 91 1000
246 42 78 1000
478 38 76 1000
366 25 78 1000
474 154 67 1000
475 43 83 1000
227 41 73 1000
464 11 83 1000
119 8 81 1000
202 39 84 1000
198 21 66 1000
149 39 93 1000
283 227 94 1000
287 189 71 1000
163 317 84 1000
475 21 72 1000
493 8 84 1000
349 11 91 1000
456 30 75 1000
294 224 75 1000
282 40 72 1000
260 15 76 1000
356 22 72 1000
239 19 82 1000
104 126 70 1000
182 22 85 1000
148 8 83 1000
377 17 65 1000
227 421 94 1000
221 33 75 1000
274 41 85 1000
190 0 83 1000
196 29 80 1000
280 21 71 1000
139 169 72 1000
476 40 76 1000
191 11 76 1000
464 133 71 1000
122 312 85 1000
168 22 70 1000
146 29 109 1000
219 38 83 1000
323 29 71 1000
424 39 76 1000
372 29 79 1000
473 23 69 1000
518 7 93 1000
520 7 83 1000
465 11 76 1000
304 29 74 1000
235 36 89 1000
193 41 75 1000
155 515 84 1000
267 127 64 1000
146 462 76 1000
513 475 71 1000
100 36 118 1000
458 41 84 1000
180 29 74 1000
260 13 64 1000
381 36 108 1000
177 33 74 1000
393 20 74 1000
456 221 85 1000
419 18 89 1000
219 454 74 1000
174 11 83 1000
267 37 63 1000
353 5 80 1000
287 0 70 1000
122 33 75 1000
224 29 76 1000
497 137 70 1000
205 282 78 1000
282 21 73 1000
283 21 73 1000
220 36 80 1000
97 23 73 1000
419 40 86 1000
472 10 85 1000
276 5 63 1000
304 17 70 1000
125 42 63 1000
434 27 81 1000
509 324 74 1000
105 39 63 1000
173 5 68 1000
518 422 89 1000
386 15 81 1000
272 258 84 1000
517 97 84 1000
476 0 83 1000
518 29 69 1000
122 41 72 1000
123 278 84 1000
100 21 77 1000
310 380 62 1000
424 26 91 1000
134 9 73 1000
503 10 91 1000
136 290 106 1000
134 272 77 1000
361 8 72 1000
197 19 62 1000
165 22 63 1000
168 362 80 1000
516 21 62 1000
102 27 106 1000
505 23 79 1000
308 1 67 1000
468 42 69 1000
139 154 74 1000
520 279 63 1000
384 20 114 1000
473 22 69 1000
422 8 87 1000
463 19 62 1000
486 258 73 1000
348 41 80 1000
144 21 78 1000
278 7 78 1000
157 5 66 1000
263 157 80 1000
492 4 68 1000
176 5 71 1000
102 7 73 1000
519 366 68 1000
104 518 76 1000
137 34 88 1000
499 18 61 1000
502 18 71 1000
426 40 90 1000
515 10 71 1000
381 476 71 1000
176 41 80 1000
355 4 73 1000
297 509 76 1000
96 11 71 1000
380 37 89 1000
383 21 73 1000
385 21 61 1000
95 22 70 1000
174 36 72 1000
177 36 81 1000
169 4 60 1000
452 27 104 1000
100 18 72 1000
452 18 67 1000
176 27 75 1000
510 507 60 1000
204 5 82 1000
491 17 76 1000
145 39 77 1000
136 3 72 1000
524 19 70 1000
327 17 70 1000
360 10 81 1000
457 3 70 1000
194 20 60 1000
123 27 78 1000
319 20 71 1000
265 315 59 1000
360 0 59 1000
379 0 69 1000
286 41 82 1000
473 1 71 1000
104 468 74 1000
102 43 86 1000
133 6 71 1000
206 36 81 1000
387 43 78 1000
422 11 70 1000
169 17 71 1000
349 36 77 1000
452 26 74 1000
102 11 75 1000
473 33 77 1000
281 129 70 1000
146 40 77 1000
384 22 73 1000
171 29 83 1000
380 41 65 1000
283 36 75 1000
497 27 70 1000
454 3 73 1000
130 23 68 1000
98 131 64 1000
362 456 74 1000
507 278 78 1000
129 0 58 1000
278 42 86 1000
89 20 72 1000
94 20 64 1000
207 20 79 1000
149 20 68 1000
101 140 69 1000
136 6 86 1000
136 42 64 1000
512 36 62 1000
361 41 57 1000
499 29 103 1000
499 4 63 1000
423 5 67 1000
132 283 73 1000
134 278 73 1000
260 1 66 1000
287 27 81 1000
102 19 63 1000
290 131 56 1000
386 130 66 1000
290 33 84 1000
385 33 84 1000
102 42 80 1000
288 5 76 1000
136 41 67 1000
130 279 67 1000
290 260 55 1000
98 19 65 1000
380 19 55 1000
128 449 64 1000
146 42 73 1000
383 17 61 1000
387 36 66 1000
516 17 66 1000
379 20 71 1000
256 16 147 300
139 27 81 1000
295 17 74 1000
134 17 69 1000
387 27 62 1000
305 32 146 300
144 27 63 1000
136 17 51 1000
392 30 128 300
462 16 140 300
239 24 131 300
456 20 60 1000
208 28 103 300
236 518 125 300
474 403 129 300
112 402 101 300
129 5 70 1000
130 5 64 1000
307 25 138 300
410 15 91 300
253 375 101 300
417 9 88 300
111 430 90 300
398 38 136 300
439 26 126 300
403 31 97 300
337 317 124 300
256 14 100 300
401 394 110 300
293 16 131 300
210 245 98 300
409 37 102 300
110 340 99 300
303 276 134 300
276 12 80 300
240 333 90 300
112 432 94 300
464 12 101 300
117 39 95 300
458 403 101 300
194 16 100 300
113 173 79 300
323 40 122 300
189 43 132 300
174 403 91 300
369 173 93 300
298 23 129 300
186 10 131 300
117 37 89 300
253 40 99 300
273 14 86 300
110 10 104 300
204 336 98 300
115 473 97 300
115 23 81 300
387 408 76 300
278 495 127 300
237 191 104 300
333 21 104 300
95 405 75 300
420 32 85 300
234 40 80 300
510 168 129 300
377 26 85 300
256 103 82 300
208 502 75 300
496 0 118 300
346 39 79 300
481 25 81 300
329 7 97 300
162 512 118 300
130 414 84 300
184 35 84 300
329 512 81 300
341 122 85 300
435 9 73 300
518 98 113 300
515 237 79 300
377 316 101 300
434 4 116 300
415 19 83 300
394 422 77 300
512 40 124 300
299 274 101 300
89 30 79 300
222 15 82 300
149 33 122 300
235 3 90 300
464 518 78 300
468 241 78 300
306 319 77 300
375 38 72 300
105 16 91 300
462 303 78 300
127 1 115 300
474 14 93 300
319 4 126 300
350 154 86 300
391 23 71 300
268 15 87 300
327 13 82 300
306 8 82 300
355 36 115 300
315 14 87 300
119 245 96 300
110 29 92 300
224 37 92 300
334 29 77 300
313 174 77 300
157 30 97 300
320 474 75 300
435 0 76 300
196 17 124 300
428 21 82 300
233 449 87 300
131 16 81 300
185 3 70 300
273 319 80 300
233 11 70 300
520 25 84 300
206 9 81 300
119 3 76 300
438 473 97 300
306 18 79 300
165 159 80 300
372 288 75 300
428 0 68 300
315 121 68 300
304 23 90 300
228 1 68 300
92 19 109 300
340 1 84 300
493 20 119 300
345 42 89 300
338 38 96 300
193 10 67 300
392 36 82 300
464 10 78 300
270 22 85 300
366 15 83 300
445 5 83 300
424 356 66 300
354 103 71 300
520 0 83 300
310 492 93 300
153 43 66 300
356 7 94 300
404 251 137 150
390 415 141 150
505 5 107 300
185 29 72 300
298 22 75 300
495 10 77 300
237 145 80 300
288 15 87 300
364 34 85 300
235 27 76 300
260 9 64 300
162 43 83 300
383 19 119 300
502 13 74 300
154 510 86 300
352 11 76 300
507 37 76 300
265 13 64 300
439 20 80 300
267 525 74 300
402 24 143 150
109 28 137 150
376 31 136 150
262 7 70 300
516 195 83 300
277 32 142 150
414 248 104 150
410 399 108 150
407 30 135 150
293 26 73 300
182 263 63 300
472 40 90 300
134 19 113 300
417 16 108 150
231 24 134 150
104 26 63 300
338 27 74 300
493 22 63 300
414 26 132 150
192 41 77 300
416 12 102 150
363 272 74 300
208 9 131 150
173 290 69 300
149 42 74 300
189 401 133 150
414 40 129 150
155 41 83 300
431 229 142 150
466 264 62 300
522 19 80 300
320 16 142 150
335 32 93 150
175 42 78 300
346 28 142 150
299 31 132 150
256 153 128 150
491 4 68 300
413 12 105 150
103 23 78 300
403 32 88 150
209 16 100 150
463 387 78 300
398 401 94 150
416 23 141 150
395 408 97 150
189 31 139 150
360 149 76 300
116 26 131 150
95 32 141 150
356 20 68 300
250 3 127 150
415 38 128 150
329 9 131 150
515 0 71 300
409 24 87 150
497 16 130 150
458 31 138 150
110 32 103 150
335 13 130 150
248 21 140 150
174 4 70 300
391 15 137 150
253 24 103 150
236 168 138 150
110 3 130 150
237 9 126 150
172 31 138 150
317 16 129 150
499 7 79 300
219 28 125 150
446 408 95 150
417 25 102 150
401 31 102 150
375 16 92 150
376 16 91 150
275 30 128 150
210 509 129 150
253 440 101 150
440 249 90 150
334 3 138 150
438 34 138 150
366 0 80 300
375 398 96 150
111 14 91 150
282 399 124 150
399 18 127 150
472 1 69 300
371 16 94 150
210 25 91 150
430 15 127 150
283 16 124 150
426 0 87 300
423 12 126 150
248 31 102 150
392 8 133 150
176 30 127 150
341 13 125 150
104 248 128 150
307 34 148 150
210 42 136 150
240 210 93 150
372 2 120 150
267 111 126 150
239 12 89 150
421 22 58 300
438 37 132 150
466 35 135 150
307 417 111 150
345 12 94 150
338 208 111 150
399 14 92 150
174 25 132 150
336 30 89 150
392 2 83 150
268 32 102 150
276 32 104 150
438 2 99 150
305 495 125 150
109 11 133 150
346 31 98 150
346 3 133 150
413 35 110 150
197 116 86 150
433 109 93 150
127 179 123 150
239 109 82 150
484 348 125 150
336 28 91 150
417 13 81 150
210 15 104 150
475 14 135 150
379 16 131 150
402 42 123 150
174 15 125 150
236 310 134 150
172 481 121 150
390 395 91 150
465 9 135 150
458 32 91 150
391 439 87 150
112 25 81 150
270 112 92 150
349 32 81 150
253 463 100 150
507 5 64 300
405 15 85 150
407 34 87 150
318 13 124 150
293 29 64 300
248 478 80 150
391 30 95 150
207 32 87 150
344 237 103 150
473 36 67 300
318 523 124 150
215 9 90 150
188 37 133 150
481 13 130 150
408 8 102 150
191 110 102 150
495 350 132 150
349 13 123 150
215 35 98 150
412 18 95 150
414 18 96 150
295 31 132 150
334 22 133 150
416 191 102 150
419 28 120 150
365 31 131 150
401 1 123 150
157 1 84 300
185 193 120 150
171 127 121 150
176 119 133 150
334 41 133 150
202 34 120 150
481 39 131 150
153 34 133 150
251 9 79 150
122 9 134 150
394 14 89 150
484 26 119 150
127 12 86 150
208 3 86 150
320 2 86 150
491 9 119 150
104 22 58 300
235 24 96 150
420 445 133 150
214 15 98 150
217 485 104 150
495 254 89 150
193 31 85 150
172 37 121 150
226 16 90 150
126 13 122 150
189 322 129 150
251 3 85 150
414 6 99 150
498 14 123 150
395 33 122 150
202 32 89 150
189 40 119 150
121 518 121 150
168 26 132 150
174 26 132 150
254 165 79 150
391 11 129 150
372 346 105 150
223 473 132 150
436 16 97 150
226 43 118 150
223 330 78 150
413 315 85 150
392 246 89 150
191 7 132 150
483 16 78 150
357 16 90 150
249 26 91 150
405 26 95 150
440 431 93 150
250 26 78 150
118 26 130 150
174 8 122 150
405 9 91 150
189 6 122 150
224 24 83 150
469 466 120 150
405 269 95 150
206 16 95 150
334 34 90 150
382 28 129 150
428 24 78 150
433 24 78 150
391 34 84 150
217 3 99 150
237 438 105 150
337 5 122 150
234 35 88 150
518 337 93 150
194 369 78 150
121 8 121 150
126 8 122 150
116 37 88 150
313 518 121 150
154 39 117 150
479 2 100 150
219 233 77 150
110 34 104 150
516 260 68 300
438 439 77 150
475 110 94 150
133 448 63 300
456 449 71 300
93 32 77 150
431 28 77 150
119 16 99 150
168 336 89 150
356 375 88 150
346 42 130 150
228 13 84 150
394 35 77 150
198 2 84 150
439 35 92 150
186 24 77 150
149 12 88 150
100 4 62 300
452 24 120 150
481 18 120 150
371 37 82 150
194 23 128 150
112 272 77 150
348 31 88 150
277 317 130 150
522 31 83 150
337 127 88 150
249 7 87 150
407 7 92 150
335 35 105 150
163 251 105 150
235 37 83 150
227 0 127 150
109 20 118 150
117 20 120 150
445 22 131 150
473 20 65 300
250 21 88 150
479 16 101 150
334 13 86 150
412 22 93 150
375 4 121 150
119 2 88 150
463 0 118 150
283 32 76 150
478 0 127 150
270 234 94 150
390 348 76 150
393 354 76 150
275 14 76 150
235 4 130 150
375 35 103 150
500 224 126 150
122 376 76 150
430 223 82 150
394 19 119 150
475 39 130 150
445 25 96 150
112 43 87 150
407 197 86 150
355 24 98 150
348 333 91 150
125 31 96 150
334 26 76 150
382 416 76 150
113 0 82 150
458 2 94 150
395 297 120 150
409 419 100 150
426 9 127 150
117 6 75 150
398 10 104 150
268 30 75 150
472 209 94 150
217 43 90 150
264 17 61 300
478 374 102 150
413 29 92 150
248 23 88 150
322 31 90 150
228 40 82 150
119 395 87 150
403 427 82 150
408 42 85 150
509 32 97 150
376 26 76 150
426 127 119 150
466 14 85 150
251 40 100 150
330 18 82 150
214 42 92 150
345 518 92 150
189 30 85 150
405 21 75 150
153 28 90 150
512 251 96 150
192 35 81 150
332 320 111 150
503 32 75 150
363 15 129 150
445 431 91 150
165 392 96 150
322 30 85 150
307 14 90 150
414 279 74 150
271 15 81 150
317 31 85 150
89 476 128 150
191 430 84 150
499 253 74 150
324 11 129 150
123 2 89 150
163 516 117 150
341 25 91 150
478 35 81 150
520 24 74 150
262 12 79 150
412 19 81 150
215 100 86 150
94 21 129 150
218 41 118 150
310 16 89 150
316 16 91 150
228 189 86 150
377 40 96 150
205 38 116 150
392 21 91 150
472 2 85 150
229 3 84 150
116 43 99 150
273 176 80 150
269 1 117 150
274 35 74 150
236 92 84 150
189 25 85 150
498 39 117 150
362 20 69 300
436 37 80 150
391 20 116 150
97 28 80 150
353 41 123 150
472 12 102 150
327 14 92 150
298 5 115 150
322 25 73 150
371 21 96 150
357 15 78 150
432 26 80 150
473 31 73 150
361 13 117 150
172 245 85 150
197 1 126 150
350 28 88 150
419 253 91 150
223 29 117 150
138 32 93 150
154 346 73 150
360 520 127 150
137 15 123 150
472 14 90 150
497 30 83 150
268 5 126 150
390 93 84 150
294 306 125 150
239 8 88 150
392 473 94 150
319 30 101 150
304 9 84 150
103 149 125 150
209 262 101 150
371 18 82 150
422 43 112 150
332 423 82 150
271 19 116 150
248 22 82 150
268 304 89 150
272 39 79 150
218 462 84 150
93 30 77 150
245 13 84 150
356 9 89 150
123 41 117 150
237 18 82 150
391 205 79 150
369 10 92 150
354 218 84 150
191 353 95 150
446 17 122 150
340 20 124 150
423 24 89 150
499 40 116 150
103 12 84 150
390 26 97 150
276 9 82 150
136 32 84 150
408 36 94 150
277 9 73 150
95 2 100 150
375 23 82 150
337 310 72 150
168 35 82 150
290 32 90 150
412 20 79 150
413 20 87 150
482 15 84 150
313 35 78 150
386 275 124 150
96 371 100 150
468 2 97 150
363 32 90 150
410 27 89 150
414 27 90 150
116 42 82 150
525 15 87 150
153 145 125 150
518 479 78 150
393 18 82 150
420 18 125 150
377 38 71 150
195 174 71 150
228 0 71 150
192 9 91 150
383 231 76 150
179 218 90 150
110 505 100 150
298 37 71 150
246 21 78 150
439 3 71 150
385 16 81 150
322 9 83 150
327 25 86 150
340 472 71 150
380 16 72 150
420 340 88 150
360 40 116 150
168 464 93 150
92 101 113 150
144 12 81 150
440 10 86 150
239 27 115 150
255 33 100 150
310 15 78 150
340 39 86 150
506 231 71 150
228 42 77 150
473 25 78 150
474 25 88 150
375 22 86 150
478 4 112 150
434 195 92 150
276 348 89 150
352 36 123 150
125 34 92 150
207 35 82 150
433 320 92 150
399 5 86 150
290 2 71 150
416 17 91 150
335 33 70 150
390 33 77 150
299 20 114 150
306 20 124 150
458 492 92 150
98 24 85 150
410 17 80 150
414 17 71 150
381 21 122 150
366 2 70 150
112 1 70 150
156 29 124 150
352 118 71 150
258 28 77 150
189 301 92 150
221 483 85 150
319 40 77 150
393 505 80 150
394 11 99 150
394 6 89 150
227 43 75 150
204 121 77 150
324 34 99 150
426 2 87 150
245 519 85 150
263 14 77 150
523 15 80 150
452 403 71 150
173 36 114 150
217 27 99 150
409 1 85 150
270 9 85 150
274 9 88 150
496 19 114 150
412 36 85 150
233 382 80 150
385 229 82 150
363 18 113 150
316 226 70 150
478 37 80 150
383 234 70 150
332 41 82 150
337 41 92 150
431 37 88 150
499 332 122 150
151 15 91 150
204 484 82 150
122 168 80 150
435 6 81 150
516 2 95 150
123 25 86 150
129 27 71 300
240 6 80 150
235 33 71 150
445 10 69 150
89 25 69 150
379 14 76 150
493 270 84 150
197 9 86 150
228 11 91 150
255 27 98 150
268 13 88 150
148 37 85 150
517 345 80 150
395 102 81 150
303 39 88 150
318 8 69 150
298 21 69 150
470 14 98 150
391 379 80 150
491 35 88 150
188 192 79 150
337 457 81 150
482 277 81 150
173 37 79 150
458 27 109 150
100 202 122 150
465 20 113 150
156 174 70 150
389 422 86 150
198 293 109 150
174 43 75 150
122 319 97 150
112 363 69 150
269 148 97 150
133 2 79 150
180 26 84 150
391 29 75 150
407 19 91 150
526 495 80 150
163 492 79 150
190 23 85 150
245 23 80 150
431 23 80 150
188 469 79 150
205 35 87 150
485 124 84 150
308 4 110 150
389 138 78 150
169 275 90 150
435 40 97 150
518 524 78 150
168 27 108 150
308 118 90 150
306 10 79 150
221 6 68 150
379 28 80 150
513 24 85 150
269 18 68 150
169 18 87 150
205 3 75 150
245 43 97 150
261 25 83 150
165 39 79 150
287 35 68 150
334 5 68 150
525 26 80 150
524 7 74 150
310 192 83 150
165 355 85 150
379 346 68 150
502 42 111 150
245 11 86 150
258 30 68 150
355 0 74 150
434 42 75 150
175 40 90 150
274 23 88 150
519 17 108 150
194 18 68 150
382 104 121 150
473 26 84 150
382 25 74 150
317 34 92 150
169 43 77 150
320 8 86 150
374 5 67 150
175 43 77 150
424 440 92 150
157 6 74 150
419 35 77 150
246 281 74 150
464 18 89 150
438 1 74 150
330 98 82 150
473 4 111 150
270 7 92 150
168 21 89 150
126 10 74 150
341 22 77 150
312 21 84 150
357 18 89 150
500 25 79 150
261 283 110 150
99 218 72 150
180 11 94 150
491 88 67 150
226 0 89 150
186 6 95 150
194 40 95 150
436 105 77 150
310 269 77 150
492 23 82 150
473 219 83 150
126 21 88 150
470 13 67 150
473 13 67 150
372 4 78 150
165 10 93 150
295 15 83 150
448 371 81 150
449 376 85 150
102 479 83 150
481 105 73 150
145 30 66 150
492 6 79 150
318 33 71 150
348 23 66 150
149 40 76 150
223 11 83 150
148 10 85 150
390 41 85 150
94 26 88 150
432 11 77 150
473 39 76 150
464 7 81 150
421 37 83 150
421 19 120 150
156 23 95 150
485 7 81 150
100 14 91 150
148 422 73 150
313 40 76 150
381 25 87 150
456 438 78 150
96 21 73 150
145 138 107 150
318 146 83 150
390 17 81 150
109 5 96 150
295 35 87 150
499 485 88 150
239 507 92 150
241 505 84 150
500 435 84 150
175 23 66 150
151 6 76 150
304 11 66 150
332 17 87 150
364 1 109 150
329 17 66 150
434 279 76 150
375 145 81 150
348 11 84 150
383 35 76 150
316 37 84 150
93 18 94 150
481 22 90 150
526 18 65 150
498 19 117 150
127 3 84 150
365 30 84 150
246 19 80 150
329 4 82 150
281 149 65 150
137 241 65 150
421 13 87 150
288 34 87 150
492 40 84 150
267 19 105 150
137 22 106 150
189 1 72 150
247 1 87 150
119 513 65 150
197 29 82 150
387 15 87 150
383 34 76 150
492 38 86 150
386 486 85 150
446 5 65 150
247 29 65 150
105 524 81 150
365 165 70 150
458 449 71 150
192 42 76 150
190 11 65 150
495 7 93 150
454 15 71 150
515 192 90 150
118 11 83 150
463 419 89 150
463 1 71 150
468 43 75 150
278 27 109 150
275 260 83 150
495 313 64 150
103 298 81 150
525 38 64 150
93 21 84 150
206 0 76 150
497 11 83 150
136 25 76 150
236 36 79 150
456 14 91 150
465 42 86 150
189 41 65 150
191 41 65 150
199 38 86 150
294 25 83 150
290 179 81 150
198 43 79 150
202 43 82 150
145 13 81 150
240 5 76 150
138 34 84 150
186 365 71 150
360 293 114 150
140 34 74 150
349 42 64 150
507 40 70 150
446 36 76 150
448 446 92 150
365 36 107 150
288 8 69 150
313 38 64 150
192 19 70 150
281 10 70 150
206 500 64 150
392 27 64 150
361 124 76 150
174 1 70 150
360 124 74 150
391 1 80 150
372 5 94 150
138 19 105 150
144 19 117 150
485 5 68 150
175 11 86 150
517 8 63 150
350 5 80 150
516 18 70 150
195 29 63 150
426 320 73 150
131 15 76 150
94 23 83 150
119 0 82 150
129 241 78 150
286 38 70 150
278 26 82 150
434 20 80 150
466 365 78 150
173 286 73 150
92 0 73 150
140 8 79 150
133 19 107 150
458 36 79 150
456 19 103 150
263 8 74 150
522 0 78 150
525 29 79 150
258 27 104 150
162 29 69 150
288 21 81 150
204 33 75 150
519 42 82 150
179 363 74 150
512 7 74 150
269 17 91 150
223 5 63 150
513 7 62 150
426 38 69 150
131 9 82 150
310 457 67 150
506 13 91 150
185 4 72 150
227 19 85 150
154 11 84 150
345 29 81 150
283 10 74 150
222 264 74 150
196 263 74 150
440 27 82 150
224 19 72 150
274 36 72 150
297 18 81 150
162 41 63 150
98 20 102 150
273 27 69 150
360 18 79 150
507 0 69 150
354 5 82 150
316 42 73 150
207 41 73 150
171 33 87 150
261 520 80 150
380 196 72 150
430 17 72 150
191 4 62 150
139 21 78 150
284 43 78 150
148 5 66 150
324 4 84 150
497 362 90 150
131 40 68 150
169 5 73 150
381 88 61 150
95 128 68 150
165 288 76 150
290 43 61 150
264 26 88 150
465 36 84 150
520 360 90 150
99 526 78 150
146 9 76 150
485 36 83 150
199 449 83 150
427 40 78 150
198 128 61 150
354 36 71 150
124 42 79 150
159 36 68 150
177 264 73 150
423 515 73 150
512 23 61 150
515 23 72 150
383 0 76 150
360 21 61 150
475 33 71 150
384 21 82 150
104 38 67 150
387 39 76 150
361 26 79 150
100 26 77 150
386 6 62 150
132 6 67 150
265 8 79 150
299 29 91 150
118 41 86 150
489 5 70 150
156 33 87 150
270 27 72 150
173 132 79 150
96 41 60 150
364 18 72 150
276 1 75 150
293 8 75 150
424 41 65 150
489 17 76 150
258 40 78 150
131 3 60 150
222 27 71 150
497 295 70 150
364 10 61 150
224 20 60 150
522 17 65 150
310 5 71 150
122 27 88 150
127 27 66 150
105 3 78 150
294 381 76 150
361 40 86 150
137 7 79 150
163 36 71 150
360 38 71 150
362 38 69 150
419 33 70 150
483 4 78 150
457 21 70 150
154 4 69 150
356 1 76 150
419 11 81 150
175 17 71 150
176 17 69 150
362 505 71 150
362 11 74 150
509 1 65 150
221 5 79 150
280 129 69 150
131 18 80 150
500 1 75 150
379 22 73 150
295 282 75 150
381 41 75 150
503 29 75 150
283 29 80 150
382 278 73 150
509 41 68 150
96 258 58 150
265 33 68 150
356 5 78 150
145 308 58 150
146 11 86 150
491 27 68 150
286 33 86 150
262 0 83 150
454 23 68 150
380 104 58 150
454 420 58 150
500 41 58 150
381 386 58 150
89 4 68 150
519 20 80 150
290 0 74 150
100 1 74 150
380 33 79 150
519 4 76 150
259 22 57 150
264 22 57 150
421 4 72 150
205 27 67 150
99 42 57 150
149 1 84 150
148 4 85 150
517 29 57 150
288 41 57 150
380 22 79 150
146 33 68 150
295 5 73 150
281 360 57 150
281 4 77 150
259 1 57 150
384 449 66 150
145 5 71 150
386 29 66 150
426 27 84 150
510 36 75 150
449 38 84 150
469 36 74 150
475 29 72 150
498 17 62 150
139 132 55 150
286 27 66 150
260 101 71 150
264 36 65 150
384 19 75 150
140 42 73 150
288 104 71 150
132 297 61 150
386 4 77 150
510 17 54 150
383 27 72 150
140 17 70 150
506 20 73 150
448 5 53 150
366 20 64 150
382 29 69 150
145 36 76 150
137 17 51 150
