399 12 174 1000
416 431 158 1000
409 35 187 1000
255 186 144 1000
304 16 143 1000
124 32 158 1000
299 2 132 1000
409 43 142 1000
214 26 157 1000
410 210 122 1000
438 24 147 1000
111 9 142 1000
112 32 92 1000
271 2 151 1000
410 32 111 1000
375 25 157 1000
255 153 131 1000
229 25 131 1000
277 31 156 1000
210 16 91 1000
439 14 156 1000
110 520 141 1000
188 236 141 1000
476 32 145 1000
214 21 150 1000
233 478 140 1000
483 31 130 1000
222 24 164 1000
116 192 140 1000
126 2 144 1000
256 377 99 1000
255 403 134 1000
323 28 153 1000
210 0 129 1000
390 9 129 1000
334 273 153 1000
253 16 108 1000
215 38 153 1000
217 217 138 1000
413 11 168 1000
377 32 93 1000
518 394 163 1000
409 278 137 1000
182 182 142 1000
435 34 152 1000
395 268 137 1000
229 16 87 1000
115 38 127 1000
182 35 142 1000
392 32 102 1000
209 2 116 1000
404 38 146 1000
439 13 166 1000
503 12 176 1000
493 30 136 1000
465 35 136 1000
436 122 126 1000
402 16 140 1000
412 294 165 1000
199 30 135 1000
374 10 125 1000
419 2 125 1000
217 35 105 1000
410 4 175 1000
248 14 105 1000
304 496 180 1000
235 10 145 1000
406 98 135 1000
93 28 165 1000
493 25 185 1000
101 16 125 1000
307 37 134 1000
191 32 95 1000
192 32 85 1000
254 29 154 1000
393 16 99 1000
176 15 124 1000
235 2 89 1000
116 25 84 1000
88 30 134 1000
340 32 104 1000
103 2 143 1000
246 40 134 1000
357 523 153 1000
190 32 122 1000
357 304 158 1000
111 5 133 1000
416 482 103 1000
223 404 92 1000
369 12 107 1000
433 12 88 1000
460 273 147 1000
433 18 157 1000
354 209 112 1000
391 334 92 1000
506 28 132 1000
390 389 97 1000
346 12 92 1000
345 32 107 1000
408 25 97 1000
390 30 82 1000
202 9 147 1000
407 14 117 1000
192 40 122 1000
274 21 137 1000
233 281 132 1000
322 40 157 1000
208 35 127 1000
389 433 82 1000
466 40 147 1000
392 145 136 1000
169 32 86 1000
369 1 131 1000
356 40 131 1000
492 26 121 1000
109 13 106 1000
431 38 131 1000
476 34 146 1000
119 277 121 1000
127 270 141 1000
431 24 91 1000
324 6 141 1000
341 439 101 1000
482 209 116 1000
254 27 146 1000
127 8 166 1000
245 32 131 1000
483 414 106 1000
191 256 101 1000
449 392 145 1000
115 25 115 1000
524 8 135 1000
236 28 110 1000
185 38 140 1000
409 38 100 1000
335 30 100 1000
269 38 120 1000
111 174 95 1000
318 10 130 1000
179 12 90 1000
113 18 95 1000
506 25 180 1000
465 16 115 1000
145 445 155 1000
377 275 95 1000
214 18 100 1000
316 8 145 1000
154 189 155 1000
253 6 114 1000
445 31 89 1000
376 24 104 1000
112 458 109 1000
463 112 101 1000
433 2 99 1000
194 32 119 1000
464 509 129 1000
224 369 99 1000
224 375 94 1000
116 526 94 1000
375 434 89 1000
481 24 104 1000
324 405 89 1000
159 6 119 1000
376 13 89 1000
337 26 89 1000
408 43 99 1000
489 249 89 1000
174 23 144 1000
316 333 79 1000
165 12 84 1000
109 26 94 1000
96 32 94 1000
126 16 84 1000
390 4 153 1000
236 34 84 1000
253 23 103 1000
184 372 108 1000
240 25 98 1000
485 14 88 1000
253 7 83 1000
337 3 88 1000
110 13 109 1000
434 35 88 1000
434 24 98 1000
382 15 143 1000
192 11 128 1000
117 3 83 1000
124 317 118 1000
191 42 152 1000
416 3 93 1000
463 33 128 1000
329 301 127 1000
261 32 78 1000
162 24 97 1000
329 37 82 1000
133 186 147 1000
448 25 142 1000
376 10 82 1000
354 2 132 1000
374 15 124 1000
374 34 112 1000
376 484 87 1000
399 3 92 1000
406 525 89 1000
279 3 172 1000
102 9 127 1000
248 10 132 1000
407 15 117 1000
430 31 117 1000
131 35 117 1000
208 21 87 1000
258 13 142 1000
251 23 142 1000
463 31 87 1000
436 264 117 1000
466 28 82 1000
223 25 77 1000
193 25 92 1000
185 2 107 1000
192 129 127 1000
163 16 86 1000
306 31 91 1000
307 31 101 1000
515 32 81 1000
247 25 92 1000
219 1 126 1000
261 298 156 1000
186 28 96 1000
290 524 126 1000
357 14 101 1000
466 185 86 1000
271 28 96 1000
144 169 126 1000
214 41 76 1000
237 169 86 1000
172 22 136 1000
277 34 86 1000
184 5 126 1000
448 15 136 1000
116 322 96 1000
493 33 131 1000
434 36 151 1000
474 10 161 1000
475 10 126 1000
445 483 81 1000
438 14 116 1000
301 360 126 1000
317 14 86 1000
100 39 116 1000
369 189 101 1000
334 37 106 1000
117 99 86 1000
495 12 91 1000
301 4 151 1000
110 7 96 1000
185 25 81 1000
352 30 95 1000
275 25 91 1000
154 112 115 1000
205 33 126 1000
306 125 75 1000
239 28 115 1000
132 9 130 1000
493 28 80 1000
513 208 120 1000
520 22 145 1000
208 29 85 1000
231 460 115 1000
417 38 100 1000
472 32 115 1000
246 14 100 1000
472 407 85 1000
404 37 90 1000
432 156 100 1000
322 19 165 1000
298 28 100 1000
128 127 140 1000
345 34 105 1000
205 236 110 1000
115 18 111 1000
305 15 90 1000
299 34 80 1000
526 16 90 1000
362 16 120 1000
256 1 85 1000
196 4 124 1000
155 286 125 1000
250 38 104 1000
401 317 99 1000
98 40 140 1000
327 4 114 1000
492 35 85 1000
345 39 79 1000
159 445 79 1000
409 5 104 1000
103 7 114 1000
464 35 79 1000
484 4 144 1000
220 13 99 1000
97 33 159 1000
402 41 84 1000
406 41 84 1000
424 332 94 1000
350 4 169 1000
436 239 89 1000
440 25 139 1000
446 26 99 1000
109 43 114 1000
117 7 99 1000
95 11 124 1000
145 16 74 1000
139 3 114 1000
519 374 99 1000
220 345 88 1000
237 13 88 1000
275 35 119 1000
190 37 73 1000
497 5 174 1000
475 11 129 1000
381 32 93 1000
423 32 138 1000
254 19 83 1000
376 43 93 1000
452 32 93 1000
319 357 103 1000
221 26 83 1000
189 26 73 1000
169 36 123 1000
369 39 113 1000
430 7 98 1000
221 17 128 1000
112 42 78 1000
305 40 98 1000
235 43 83 1000
256 419 113 1000
394 119 113 1000
207 28 128 1000
489 439 93 1000
204 235 98 1000
476 31 83 1000
207 15 83 1000
341 40 78 1000
190 35 108 1000
422 31 88 1000
185 10 113 1000
371 11 88 1000
157 14 83 1000
237 6 104 1000
474 16 113 1000
415 41 98 1000
489 9 93 1000
489 30 93 1000
245 35 88 1000
395 23 123 1000
209 264 123 1000
151 19 138 1000
333 40 112 1000
460 35 92 1000
340 38 83 1000
249 498 97 1000
393 37 107 1000
500 28 82 1000
382 392 83 1000
409 17 137 1000
412 17 97 1000
526 36 157 1000
169 37 72 1000
492 190 87 1000
482 18 77 1000
254 41 92 1000
189 34 117 1000
207 9 82 1000
318 3 72 1000
489 13 82 1000
92 2 87 1000
218 97 92 1000
294 12 82 1000
297 12 92 1000
194 523 77 1000
113 20 112 1000
424 24 87 1000
329 6 122 1000
288 502 137 1000
234 3 122 1000
374 23 82 1000
287 14 102 1000
270 35 107 1000
344 195 102 1000
188 7 92 1000
125 39 82 1000
307 13 107 1000
260 14 72 1000
430 299 83 1000
121 25 92 1000
313 24 96 1000
134 405 76 1000
94 34 92 1000
95 34 102 1000
228 421 116 1000
153 327 76 1000
303 34 96 1000
384 249 86 1000
355 97 96 1000
523 37 71 1000
227 9 81 1000
103 31 86 1000
157 28 121 1000
513 405 146 1000
168 118 76 1000
473 14 91 1000
173 245 96 1000
460 25 96 1000
403 11 101 1000
237 29 71 1000
516 41 121 1000
119 27 111 1000
268 34 86 1000
179 37 91 1000
125 124 86 1000
522 168 101 1000
237 22 86 1000
502 31 91 1000
194 13 81 1000
297 30 81 1000
88 36 146 1000
202 20 125 1000
466 13 105 1000
155 8 90 1000
283 306 90 1000
513 1 145 1000
116 27 95 1000
497 163 100 1000
449 32 100 1000
439 8 85 1000
275 22 100 1000
100 231 125 1000
512 2 85 1000
406 1 80 1000
432 0 85 1000
460 420 70 1000
219 11 75 1000
197 272 100 1000
195 11 105 1000
241 21 81 1000
148 15 100 1000
460 0 80 1000
287 9 79 1000
159 7 80 1000
268 3 99 1000
130 14 95 1000
474 154 79 1000
464 11 84 1000
445 23 91 1000
519 169 114 1000
287 189 114 1000
475 21 74 1000
260 2 124 1000
124 497 89 1000
198 21 79 1000
315 37 84 1000
395 0 109 1000
222 10 99 1000
105 24 104 1000
456 30 79 1000
310 26 84 1000
356 22 99 1000
293 2 84 1000
294 224 99 1000
239 19 104 1000
332 33 94 1000
260 15 89 1000
492 462 93 1000
432 40 83 1000
258 31 98 1000
523 13 113 1000
109 29 83 1000
125 298 78 1000
485 3 100 1000
433 23 78 1000
377 17 78 1000
222 39 93 1000
424 434 88 1000
333 42 93 1000
163 3 73 1000
280 21 113 1000
221 33 78 1000
432 7 83 1000
434 7 83 1000
207 13 88 1000
361 233 108 1000
168 22 88 1000
526 40 83 1000
407 20 83 1000
420 34 88 1000
436 33 88 1000
151 458 93 1000
146 29 158 1000
473 23 103 1000
308 324 118 1000
155 34 118 1000
157 34 133 1000
465 26 83 1000
198 39 88 1000
345 0 92 1000
357 0 88 1000
272 40 83 1000
433 22 92 1000
436 22 92 1000
274 88 107 1000
304 29 78 1000
193 41 87 1000
155 7 83 1000
267 127 77 1000
270 43 127 1000
165 18 107 1000
100 36 142 1000
273 38 112 1000
180 29 87 1000
260 13 102 1000
393 20 77 1000
499 14 107 1000
381 36 157 1000
177 33 77 1000
386 24 107 1000
330 29 72 1000
149 8 77 1000
219 454 82 1000
466 3 97 1000
194 0 122 1000
224 7 92 1000
315 18 92 1000
267 37 87 1000
319 43 96 1000
281 26 71 1000
524 162 81 1000
239 0 81 1000
282 21 67 1000
283 21 87 1000
148 3 96 1000
198 13 116 1000
454 28 76 1000
304 17 71 1000
355 40 91 1000
401 20 76 1000
464 0 78 1000
103 34 71 1000
489 21 131 1000
276 5 86 1000
372 29 91 1000
163 7 101 1000
497 38 71 1000
125 42 91 1000
509 324 86 1000
105 39 76 1000
246 42 96 1000
233 29 84 1000
478 38 76 1000
119 8 81 1000
366 25 86 1000
202 39 91 1000
475 43 71 1000
149 39 106 1000
283 227 81 1000
163 317 91 1000
122 41 66 1000
493 8 81 1000
227 41 96 1000
349 11 116 1000
136 290 126 1000
310 380 75 1000
505 23 86 1000
197 19 85 1000
165 22 65 1000
516 21 65 1000
102 27 116 1000
384 20 140 1000
282 40 70 1000
473 22 85 1000
520 279 75 1000
148 8 80 1000
227 421 105 1000
104 126 90 1000
144 21 80 1000
190 0 105 1000
463 19 75 1000
182 22 110 1000
274 41 76 1000
219 38 105 1000
139 169 95 1000
476 40 75 1000
191 11 121 1000
464 133 70 1000
519 366 94 1000
122 312 84 1000
499 18 95 1000
502 18 75 1000
518 7 79 1000
520 7 79 1000
176 5 74 1000
424 39 109 1000
235 36 99 1000
515 10 64 1000
381 476 99 1000
465 11 84 1000
155 515 84 1000
385 21 79 1000
146 462 109 1000
513 475 79 1000
458 41 95 1000
419 18 104 1000
95 22 74 1000
452 18 68 1000
169 4 89 1000
452 27 114 1000
176 27 78 1000
456 221 73 1000
491 17 78 1000
174 11 83 1000
221 381 97 1000
510 507 83 1000
327 17 78 1000
205 282 113 1000
353 5 93 1000
287 0 68 1000
524 19 63 1000
122 33 73 1000
224 29 93 1000
497 137 78 1000
194 20 83 1000
457 3 83 1000
220 36 68 1000
97 23 83 1000
419 40 110 1000
434 27 113 1000
472 10 73 1000
319 20 108 1000
518 422 78 1000
386 15 93 1000
272 258 73 1000
265 315 73 1000
173 5 78 1000
360 0 72 1000
517 97 94 1000
476 0 82 1000
100 21 77 1000
424 26 92 1000
503 10 102 1000
123 278 72 1000
134 272 102 1000
168 362 87 1000
134 9 82 1000
361 8 104 1000
468 42 67 1000
422 8 87 1000
139 154 82 1000
348 41 112 1000
486 258 72 1000
278 7 76 1000
263 157 111 1000
157 5 76 1000
196 29 76 1000
104 518 76 1000
137 34 86 1000
426 40 86 1000
323 29 70 1000
492 4 66 1000
176 41 76 1000
130 23 61 1000
102 7 81 1000
94 20 76 1000
380 37 76 1000
129 0 81 1000
355 4 71 1000
297 509 76 1000
96 11 71 1000
383 21 82 1000
100 18 90 1000
174 36 95 1000
177 36 92 1000
171 29 100 1000
145 39 125 1000
361 41 80 1000
132 283 65 1000
134 278 95 1000
423 5 60 1000
204 5 80 1000
136 3 80 1000
123 27 100 1000
102 19 65 1000
360 10 80 1000
260 1 94 1000
290 131 70 1000
104 468 84 1000
102 43 89 1000
379 0 114 1000
518 29 93 1000
387 43 109 1000
286 41 69 1000
473 1 91 1000
452 26 99 1000
349 36 84 1000
133 6 79 1000
206 36 79 1000
102 11 74 1000
169 17 79 1000
473 33 74 1000
422 11 69 1000
146 40 99 1000
308 1 73 1000
384 22 98 1000
281 129 78 1000
290 260 68 1000
380 41 63 1000
454 3 98 1000
98 19 73 1000
283 36 73 1000
380 19 68 1000
497 27 78 1000
383 17 63 1000
278 42 73 1000
89 20 98 1000
98 131 73 1000
362 456 88 1000
507 278 67 1000
207 20 67 1000
149 20 79 1000
136 6 82 1000
101 140 77 1000
136 42 62 1000
512 36 97 1000
499 29 78 1000
499 4 97 1000
287 27 71 1000
134 17 76 1000
386 130 76 1000
290 33 106 1000
385 33 95 1000
102 42 115 1000
288 5 85 1000
136 41 75 1000
130 279 75 1000
146 42 94 1000
136 17 74 1000
128 449 74 1000
256 16 150 300
516 17 99 1000
379 20 69 1000
387 36 64 1000
456 20 64 1000
139 27 78 1000
305 32 135 300
295 17 63 1000
387 27 89 1000
392 30 157 300
462 16 181 300
239 24 146 300
144 27 61 1000
236 518 153 300
474 403 183 300
307 25 148 300
398 38 126 300
208 28 101 300
439 26 126 300
337 317 125 300
112 402 124 300
293 16 134 300
129 5 89 1000
130 5 64 1000
410 15 89 300
253 375 99 300
303 276 149 300
276 12 83 300
417 9 113 300
111 430 113 300
403 31 107 300
113 173 102 300
323 40 132 300
256 14 97 300
189 43 122 300
401 394 121 300
210 245 121 300
298 23 146 300
186 10 136 300
110 340 121 300
409 37 111 300
240 333 126 300
112 432 104 300
115 23 94 300
464 12 124 300
387 408 79 300
117 39 99 300
278 495 134 300
458 403 89 300
194 16 89 300
95 405 103 300
420 32 94 300
510 168 128 300
208 502 93 300
174 403 88 300
496 0 143 300
369 173 83 300
162 512 132 300
117 37 87 300
130 414 97 300
341 122 87 300
253 40 97 300
435 9 76 300
518 98 156 300
434 4 126 300
110 10 91 300
273 14 96 300
415 19 76 300
204 336 86 300
512 40 126 300
115 473 131 300
237 191 115 300
222 15 86 300
333 21 90 300
149 33 115 300
306 319 110 300
234 40 95 300
377 26 85 300
462 303 95 300
375 38 85 300
127 1 155 300
319 4 164 300
346 39 79 300
481 25 89 300
391 23 89 300
329 7 104 300
355 36 139 300
184 35 104 300
329 512 109 300
196 17 143 300
377 316 98 300
185 3 93 300
515 237 88 300
233 11 72 300
299 274 112 300
394 422 87 300
89 30 87 300
235 3 97 300
372 288 77 300
464 518 97 300
428 0 82 300
468 241 86 300
256 103 76 300
315 121 72 300
105 16 81 300
228 1 71 300
92 19 136 300
474 14 116 300
268 15 96 300
350 154 91 300
493 20 136 300
315 14 111 300
119 245 96 300
327 13 125 300
306 8 90 300
193 10 91 300
157 30 95 300
110 29 80 300
224 37 80 300
313 174 100 300
464 10 80 300
320 474 85 300
435 0 85 300
428 21 90 300
233 449 85 300
131 16 91 300
273 319 79 300
424 356 70 300
520 25 84 300
153 43 79 300
438 473 99 300
505 5 124 300
206 9 89 300
119 3 74 300
306 18 115 300
298 22 79 300
165 159 108 300
304 23 98 300
260 9 68 300
383 19 108 300
404 251 171 150
390 415 140 150
338 38 117 300
345 42 102 300
439 20 72 300
265 13 67 300
392 36 87 300
334 29 90 300
270 22 106 300
366 15 71 300
445 5 71 300
182 263 66 300
310 492 106 300
520 0 81 300
356 7 91 300
293 26 66 300
134 19 121 300
104 26 76 300
493 22 86 300
173 290 86 300
237 145 130 300
402 24 146 150
109 28 151 150
495 10 75 300
466 264 65 300
376 31 145 150
288 15 75 300
364 34 96 300
277 32 150 150
103 23 80 300
407 30 159 150
162 43 114 300
235 27 109 300
231 24 154 150
356 20 69 300
502 13 84 300
340 1 109 300
414 26 173 150
154 510 94 300
352 11 86 300
515 0 74 300
208 9 143 150
507 37 84 300
174 4 63 300
267 525 100 300
189 401 167 150
414 40 182 150
431 229 142 150
320 16 142 150
262 7 78 300
346 28 131 150
299 31 157 150
256 153 191 150
516 195 73 300
410 399 121 150
414 248 123 150
463 387 103 300
472 40 78 300
403 32 101 150
354 103 68 300
417 16 96 150
416 23 151 150
395 408 115 150
189 31 165 150
116 26 155 150
95 32 180 150
250 3 140 150
192 41 112 300
338 27 127 300
415 38 155 150
329 9 155 150
409 24 100 150
497 16 140 150
458 31 140 150
363 272 107 300
416 12 101 150
335 13 154 150
248 21 174 150
185 29 70 300
149 42 82 300
391 15 129 150
236 168 154 150
110 3 154 150
237 9 174 150
172 31 154 150
317 16 129 150
421 22 62 300
219 28 174 150
446 408 89 150
522 19 86 300
155 41 82 300
275 30 138 150
210 509 153 150
175 42 86 300
335 32 118 150
413 12 163 150
334 3 158 150
438 34 153 150
491 4 81 300
209 16 107 150
399 18 127 150
398 401 107 150
282 399 192 150
360 149 111 300
371 16 87 150
430 15 162 150
283 16 162 150
423 12 152 150
473 36 71 300
176 30 162 150
392 8 141 150
341 13 167 150
110 32 111 150
104 248 152 150
307 34 151 150
210 42 161 150
267 111 146 150
253 24 121 150
438 37 161 150
466 35 126 150
499 7 120 300
104 22 80 300
417 25 100 150
401 31 105 150
399 14 95 150
174 25 140 150
375 16 90 150
376 16 100 150
392 2 95 150
305 495 125 150
109 11 160 150
346 3 135 150
127 179 135 150
239 109 105 150
253 440 100 150
440 249 100 150
484 348 125 150
336 28 95 150
417 13 110 150
475 14 124 150
379 16 124 150
402 42 134 150
375 398 94 150
174 15 139 150
111 14 124 150
236 310 149 150
172 481 164 150
465 9 164 150
458 32 84 150
366 0 69 300
112 25 94 150
349 32 119 150
318 13 144 150
210 25 113 150
426 0 109 300
248 478 99 150
248 31 123 150
472 1 79 300
318 523 134 150
215 9 93 150
188 37 189 150
481 13 143 150
414 18 103 150
495 350 148 150
473 20 79 300
157 1 109 300
349 13 133 150
295 31 133 150
334 22 163 150
240 210 93 150
419 28 178 150
365 31 123 150
401 1 138 150
185 193 163 150
171 127 158 150
176 119 148 150
334 41 163 150
202 34 133 150
481 39 133 150
372 2 128 150
153 34 158 150
251 9 83 150
122 9 143 150
394 14 98 150
484 26 123 150
491 9 168 150
239 12 97 150
307 417 112 150
420 445 147 150
338 208 122 150
495 254 107 150
172 37 162 150
226 16 82 150
126 13 122 150
345 12 102 150
189 322 147 150
264 17 73 300
498 14 122 150
395 33 132 150
202 32 92 150
189 40 162 150
121 518 167 150
168 26 182 150
174 26 122 150
254 165 82 150
413 315 97 150
336 30 122 150
268 32 102 150
276 32 137 150
438 2 97 150
391 11 122 150
223 473 147 150
413 35 122 150
226 43 146 150
223 330 107 150
191 7 177 150
483 16 91 150
346 31 107 150
250 26 92 150
118 26 131 150
197 116 96 150
405 269 96 150
433 109 101 150
174 8 121 150
189 6 156 150
469 466 121 150
382 28 131 150
428 24 91 150
433 24 106 150
337 5 171 150
234 35 81 150
194 369 96 150
210 15 101 150
121 8 151 150
126 8 141 150
313 518 141 150
154 39 131 150
219 233 101 150
438 439 106 150
390 395 91 150
391 439 120 150
93 32 106 150
431 28 91 150
270 112 90 150
253 463 90 150
346 42 155 150
481 18 155 150
394 35 100 150
405 15 95 150
407 34 95 150
186 24 80 150
112 272 80 150
149 12 100 150
391 30 95 150
452 24 155 150
207 32 100 150
344 237 90 150
507 5 72 300
194 23 140 150
109 20 145 150
117 20 155 150
277 317 160 150
215 35 95 150
412 18 120 150
227 0 120 150
408 8 100 150
191 110 146 150
445 22 140 150
334 13 109 150
375 4 145 150
416 191 99 150
463 0 160 150
283 32 79 150
478 0 129 150
390 348 104 150
393 354 104 150
275 14 89 150
235 4 134 150
500 224 144 150
122 376 89 150
127 12 109 150
208 3 99 150
320 2 84 150
235 24 109 150
214 15 104 150
394 19 129 150
475 39 154 150
217 485 104 150
407 197 114 150
334 26 114 150
382 416 109 150
395 297 129 150
193 31 84 150
426 9 118 150
117 6 79 150
251 3 99 150
268 30 78 150
414 6 123 150
372 346 103 150
436 16 118 150
330 18 98 150
376 26 78 150
426 127 143 150
466 14 78 150
392 246 108 150
405 26 98 150
249 26 88 150
357 16 110 150
405 21 103 150
440 431 83 150
237 438 118 150
503 32 88 150
405 9 88 150
363 15 138 150
224 24 83 150
322 30 103 150
206 16 98 150
414 279 78 150
334 34 98 150
317 31 78 150
391 34 113 150
217 3 88 150
89 476 128 150
518 337 92 150
412 19 92 150
499 253 78 150
110 34 102 150
324 11 133 150
163 516 143 150
116 37 117 150
520 24 92 150
516 260 86 300
94 21 142 150
479 2 112 150
218 41 117 150
392 21 82 150
475 110 92 150
205 38 127 150
119 16 122 150
168 336 87 150
229 3 92 150
356 375 97 150
133 448 76 300
269 1 152 150
228 13 102 150
274 35 77 150
456 449 76 300
198 2 97 150
439 35 92 150
391 20 142 150
335 35 102 150
163 251 117 150
498 39 147 150
371 37 82 150
353 41 126 150
522 31 107 150
348 31 96 150
407 7 82 150
337 127 106 150
249 7 133 150
298 5 141 150
322 25 77 150
100 4 76 300
235 37 91 150
479 16 116 150
412 22 91 150
473 31 86 150
361 13 151 150
197 1 116 150
250 21 86 150
223 29 141 150
270 234 101 150
154 346 86 150
360 520 171 150
375 35 116 150
137 15 136 150
119 2 121 150
497 30 86 150
268 5 126 150
390 93 96 150
371 18 86 150
294 306 141 150
268 304 96 150
103 149 156 150
348 333 116 150
422 43 151 150
332 423 86 150
430 223 106 150
271 19 141 150
237 18 76 150
445 25 86 150
391 205 106 150
112 43 96 150
458 2 90 150
446 17 140 150
355 24 96 150
340 20 116 150
123 41 126 150
125 31 110 150
409 419 140 150
398 10 90 150
472 209 100 150
113 0 90 150
217 43 90 150
499 40 115 150
478 374 105 150
412 20 80 150
322 31 115 150
277 9 95 150
386 275 130 150
375 23 75 150
337 310 75 150
251 40 105 150
248 23 85 150
228 40 90 150
393 18 75 150
420 18 115 150
116 42 85 150
403 427 80 150
119 395 120 150
408 42 110 150
509 32 105 150
153 145 115 150
246 21 105 150
377 38 85 150
214 42 80 150
195 174 85 150
228 0 85 150
445 431 115 150
345 518 80 150
189 30 85 150
307 14 125 150
298 37 74 150
153 28 105 150
439 3 85 150
512 251 85 150
192 35 80 150
440 10 80 150
340 472 89 150
380 16 95 150
332 320 84 150
360 40 130 150
165 392 121 150
92 101 139 150
144 12 74 150
271 15 114 150
123 2 99 150
239 27 144 150
341 25 139 150
191 430 84 150
506 231 99 150
310 16 114 150
316 16 99 150
478 4 149 150
478 35 94 150
262 12 79 150
215 100 84 150
299 20 149 150
306 20 139 150
410 17 89 150
414 17 84 150
352 36 149 150
116 43 89 150
290 2 84 150
228 189 84 150
335 33 74 150
381 21 114 150
377 40 84 150
366 2 74 150
112 1 94 150
156 29 169 150
472 2 109 150
352 118 74 150
273 176 79 150
362 20 79 300
472 12 88 150
236 92 118 150
327 14 103 150
189 25 103 150
363 18 138 150
523 15 93 150
452 403 73 150
173 36 113 150
293 29 87 300
436 37 103 150
496 19 128 150
97 28 78 150
316 226 73 150
350 28 123 150
419 253 88 150
383 234 98 150
371 21 93 150
357 15 93 150
432 26 103 150
122 168 73 150
240 6 93 150
172 245 95 150
235 33 83 150
138 32 83 150
445 10 83 150
89 25 93 150
472 14 88 150
319 30 103 150
209 262 88 150
318 8 92 150
298 21 93 150
239 8 78 150
392 473 92 150
188 192 72 150
465 20 113 150
304 9 92 150
198 293 122 150
458 27 137 150
248 22 92 150
272 39 92 150
218 462 92 150
100 202 112 150
93 30 112 150
245 13 92 150
156 174 82 150
356 9 77 150
390 26 97 150
112 363 82 150
95 2 112 150
369 10 82 150
354 218 82 150
191 353 107 150
423 24 102 150
290 32 87 150
413 20 97 150
103 12 102 150
276 9 84 150
136 32 82 150
163 492 82 150
96 371 122 150
468 2 87 150
408 36 92 150
363 32 127 150
410 27 97 150
414 27 112 150
409 1 112 150
188 469 92 150
168 35 82 150
308 4 132 150
413 29 90 150
482 15 82 150
313 35 77 150
269 18 87 150
518 524 92 150
179 218 86 150
525 15 86 150
168 27 147 150
110 505 111 150
306 10 82 150
518 479 86 150
221 6 72 150
327 25 111 150
310 192 91 150
383 231 76 150
192 9 101 150
165 39 71 150
287 35 91 150
334 5 101 150
385 16 106 150
322 9 83 150
255 33 111 150
379 346 86 150
502 42 121 150
420 340 96 150
519 17 126 150
340 39 111 150
258 30 96 150
194 18 81 150
168 464 101 150
375 22 101 150
310 15 86 150
276 348 106 150
382 104 121 150
228 42 91 150
473 25 86 150
474 25 76 150
246 281 101 150
434 195 81 150
374 5 91 150
416 17 90 150
175 43 80 150
126 10 86 150
419 35 91 150
125 34 90 150
207 35 92 150
433 320 90 150
399 5 90 150
473 4 121 150
221 483 135 150
390 33 85 150
98 24 75 150
394 11 100 150
458 492 125 150
394 6 85 150
341 22 80 150
324 34 120 150
426 2 85 150
245 519 95 150
258 28 85 150
261 283 130 150
189 301 115 150
310 269 80 150
491 88 80 150
217 27 95 150
270 9 105 150
274 9 85 150
319 40 75 150
393 505 80 150
436 105 85 150
412 36 95 150
227 43 75 150
204 121 100 150
431 37 85 150
263 14 90 150
499 332 110 150
516 2 100 150
123 25 110 150
129 27 102 300
470 13 80 150
473 13 90 150
233 382 110 150
385 229 125 150
478 37 91 150
332 41 90 150
337 41 116 150
151 15 90 150
204 484 90 150
435 6 110 150
145 30 79 150
348 23 70 150
493 270 84 150
149 40 84 150
197 9 84 150
255 27 84 150
268 13 94 150
303 39 109 150
432 11 90 150
470 14 99 150
96 21 84 150
379 14 84 150
421 19 110 150
491 35 99 150
228 11 89 150
313 40 79 150
390 17 84 150
148 37 74 150
517 345 79 150
395 102 104 150
482 277 89 150
145 138 159 150
391 379 124 150
329 17 99 150
389 422 119 150
337 457 81 150
330 98 109 150
175 23 104 150
122 319 109 150
173 37 114 150
304 11 79 150
269 148 99 150
364 1 124 150
180 26 119 150
434 279 69 150
526 18 94 150
174 43 74 150
190 23 84 150
205 35 84 150
485 124 94 150
133 2 89 150
498 19 133 150
407 19 78 150
526 495 124 150
435 40 83 150
169 275 108 150
245 23 88 150
431 23 78 150
281 149 68 150
137 241 68 150
389 138 88 150
513 24 108 150
169 18 83 150
245 43 83 150
267 19 108 150
137 22 123 150
119 513 78 150
308 118 103 150
379 28 78 150
165 355 83 150
205 3 73 150
446 5 83 150
247 29 68 150
261 25 93 150
190 11 88 150
245 11 93 150
103 298 73 150
525 26 88 150
524 7 83 150
278 27 118 150
495 313 68 150
525 38 87 150
355 0 112 150
434 42 88 150
317 34 117 150
175 40 87 150
274 23 77 150
189 41 78 150
191 41 77 150
320 8 92 150
186 365 73 150
360 293 143 150
424 440 107 150
473 26 82 150
382 25 97 150
270 7 97 150
464 18 87 150
169 43 87 150
140 34 67 150
349 42 67 150
192 19 82 150
281 10 102 150
157 6 72 150
365 36 117 150
312 21 82 150
357 18 112 150
180 11 117 150
186 6 82 150
194 40 92 150
313 38 77 150
206 500 67 150
392 27 67 150
168 21 77 150
360 124 77 150
500 25 87 150
492 23 117 150
138 19 127 150
144 19 142 150
99 218 97 150
226 0 87 150
473 219 107 150
165 10 92 150
516 18 72 150
517 8 66 150
448 371 106 150
449 376 92 150
126 21 111 150
195 29 76 150
426 320 86 150
372 4 76 150
295 15 71 150
223 11 106 150
148 10 116 150
466 365 101 150
390 41 116 150
102 479 96 150
464 7 81 150
492 6 101 150
318 33 106 150
156 23 126 150
485 7 96 150
100 14 96 150
173 286 66 150
92 0 76 150
94 26 76 150
473 39 86 150
421 37 71 150
133 19 106 150
109 5 81 150
456 19 121 150
239 507 81 150
241 505 101 150
500 435 131 150
148 422 96 150
258 27 131 150
381 25 86 150
456 438 76 150
332 17 96 150
375 145 81 150
348 11 81 150
318 146 91 150
223 5 86 150
295 35 85 150
499 485 86 150
513 7 66 150
316 37 130 150
151 6 86 150
93 18 90 150
481 22 105 150
185 4 65 150
127 3 90 150
383 35 75 150
98 20 115 150
365 30 90 150
391 1 80 150
224 19 75 150
274 36 75 150
273 27 70 150
360 18 80 150
246 19 95 150
391 29 85 150
329 4 80 150
162 41 65 150
492 40 90 150
430 17 75 150
139 21 80 150
421 13 75 150
380 196 75 150
288 34 100 150
191 4 90 150
495 7 90 150
247 1 85 150
515 192 80 150
118 11 80 150
387 15 75 150
463 419 94 150
383 34 109 150
492 38 85 150
386 486 75 150
105 524 85 150
365 165 70 150
458 449 80 150
275 260 119 150
192 42 86 150
454 15 94 150
381 88 74 150
497 11 99 150
290 43 90 150
236 36 104 150
456 14 79 150
468 43 74 150
198 128 79 150
93 21 119 150
294 25 89 150
206 0 84 150
290 179 89 150
136 25 94 150
198 43 79 150
202 43 104 150
512 23 64 150
515 23 74 150
465 42 84 150
360 21 64 150
475 33 64 150
345 29 129 150
199 38 74 150
448 446 114 150
386 6 79 150
145 13 84 150
240 5 84 150
138 34 84 150
507 40 69 150
489 5 79 150
446 36 99 150
438 1 79 150
372 5 89 150
288 8 99 150
96 41 64 150
361 124 118 150
489 17 68 150
485 5 93 150
175 11 75 150
119 0 78 150
129 241 113 150
350 5 78 150
278 26 88 150
131 3 73 150
224 20 78 150
522 17 93 150
127 27 93 150
434 20 103 150
131 15 108 150
364 10 88 150
94 23 93 150
286 38 93 150
481 105 93 150
522 0 88 150
140 8 93 150
288 21 88 150
458 36 78 150
269 17 77 150
263 8 92 150
299 29 112 150
362 38 72 150
506 13 92 150
419 33 77 150
204 33 92 150
519 42 82 150
179 363 84 150
512 7 92 150
457 21 82 150
154 4 72 150
426 38 82 150
222 264 94 150
196 263 84 150
131 9 82 150
297 18 127 150
310 457 82 150
227 19 107 150
154 11 74 150
276 1 112 150
283 10 72 150
440 27 82 150
171 33 87 150
295 282 82 150
261 520 77 150
507 0 67 150
354 5 107 150
316 42 72 150
207 41 73 150
284 43 86 150
497 362 76 150
96 258 71 150
189 1 96 150
148 5 81 150
197 29 70 150
165 288 86 150
324 4 71 150
264 26 86 150
265 33 71 150
520 360 121 150
99 526 86 150
145 308 81 150
146 9 116 150
427 40 76 150
131 40 66 150
169 5 91 150
95 128 76 150
454 23 71 150
124 42 126 150
465 36 71 150
463 1 81 150
380 104 86 150
454 420 61 150
500 41 61 150
485 36 96 150
199 449 91 150
177 264 71 150
381 386 81 150
89 4 71 150
387 39 111 150
354 36 71 150
361 26 76 150
100 26 76 150
356 1 76 150
159 36 91 150
423 515 71 150
265 8 86 150
383 0 91 150
118 41 76 150
259 22 71 150
264 22 70 150
384 21 81 150
104 38 76 150
156 33 75 150
132 6 81 150
173 132 100 150
99 42 70 150
293 8 120 150
517 29 80 150
270 27 105 150
364 18 80 150
174 1 80 150
288 41 70 150
258 40 100 150
281 360 75 150
424 41 80 150
497 295 95 150
122 27 110 150
105 3 75 150
222 27 80 150
259 1 70 150
361 40 74 150
310 5 69 150
137 7 79 150
163 36 79 150
384 449 69 150
483 4 84 150
525 29 89 150
162 29 83 150
360 38 79 150
362 11 84 150
175 17 69 150
176 17 104 150
149 1 84 150
386 29 84 150
221 5 84 150
419 11 70 150
498 17 79 150
362 505 79 150
131 18 80 150
139 132 59 150
379 22 83 150
280 129 93 150
382 278 88 150
381 41 103 150
356 5 98 150
283 29 88 150
146 11 73 150
286 33 108 150
262 0 83 150
509 41 113 150
491 27 79 150
132 297 78 150
290 0 72 150
519 20 67 150
519 4 72 150
510 17 57 150
380 33 79 150
421 4 72 150
148 4 97 150
475 29 97 150
205 27 77 150
140 17 72 150
380 22 87 150
295 5 72 150
146 33 66 150
260 101 106 150
448 5 81 150
281 4 66 150
288 104 71 150
294 381 99 150
426 27 70 150
145 5 60 150
449 38 95 150
469 36 90 150
510 36 85 150
509 1 85 150
500 1 75 150
503 29 73 150
286 27 65 150
264 36 64 150
384 19 64 150
140 42 94 150
137 17 64 150
100 1 74 150
386 4 109 150
383 27 84 150
382 29 79 150
506 20 63 150
366 20 72 150
145 36 66 150
