399 12 192 1000
416 431 184 1000
410 210 130 1000
410 32 111 1000
409 35 174 1000
255 186 176 1000
214 21 187 1000
217 217 126 1000
112 32 125 1000
116 192 201 1000
304 16 189 1000
210 16 96 1000
124 32 169 1000
255 403 130 1000
299 2 170 1000
409 43 173 1000
334 273 160 1000
253 16 125 1000
214 26 153 1000
413 11 190 1000
438 24 183 1000
209 2 95 1000
111 9 148 1000
271 2 189 1000
375 25 168 1000
255 153 144 1000
229 25 153 1000
377 32 109 1000
409 278 164 1000
277 31 182 1000
256 377 109 1000
439 14 147 1000
110 520 134 1000
188 236 147 1000
402 16 128 1000
395 268 172 1000
392 32 113 1000
476 32 163 1000
233 478 161 1000
483 31 173 1000
222 24 176 1000
126 2 167 1000
340 32 128 1000
412 294 172 1000
374 10 140 1000
229 16 107 1000
248 14 112 1000
323 28 145 1000
210 0 177 1000
235 10 160 1000
390 9 166 1000
215 38 180 1000
393 16 121 1000
369 12 141 1000
416 482 136 1000
235 2 116 1000
518 394 149 1000
391 334 100 1000
346 12 147 1000
345 32 130 1000
408 25 145 1000
182 182 150 1000
407 14 112 1000
435 34 145 1000
208 35 126 1000
217 35 100 1000
115 38 193 1000
182 35 165 1000
190 32 124 1000
191 32 107 1000
192 32 104 1000
357 304 167 1000
404 38 149 1000
439 13 157 1000
245 32 134 1000
433 12 109 1000
482 209 109 1000
483 414 119 1000
503 12 187 1000
460 273 134 1000
433 18 172 1000
191 256 109 1000
493 30 152 1000
354 209 109 1000
390 389 84 1000
465 35 164 1000
115 25 120 1000
116 25 104 1000
436 122 192 1000
208 21 109 1000
274 21 192 1000
236 28 88 1000
233 281 167 1000
335 30 98 1000
199 30 132 1000
179 12 128 1000
419 2 136 1000
214 18 88 1000
410 4 156 1000
169 32 113 1000
304 496 153 1000
406 98 171 1000
93 28 118 1000
116 322 134 1000
119 277 118 1000
127 270 156 1000
445 31 108 1000
376 24 118 1000
493 25 181 1000
112 458 122 1000
463 112 109 1000
194 32 107 1000
433 2 97 1000
254 27 141 1000
101 16 177 1000
307 37 171 1000
223 404 107 1000
254 29 147 1000
375 434 122 1000
324 405 144 1000
176 15 162 1000
408 43 134 1000
489 249 122 1000
88 30 185 1000
390 30 97 1000
253 23 105 1000
111 174 107 1000
318 10 172 1000
113 18 91 1000
115 18 133 1000
103 2 167 1000
465 16 121 1000
246 40 195 1000
184 372 141 1000
377 275 96 1000
389 433 100 1000
154 189 176 1000
109 13 114 1000
110 13 106 1000
357 523 194 1000
431 24 121 1000
434 24 142 1000
341 439 101 1000
416 3 151 1000
224 369 101 1000
224 375 101 1000
116 526 96 1000
329 301 106 1000
174 23 194 1000
165 12 115 1000
109 26 105 1000
354 2 130 1000
96 32 120 1000
374 15 117 1000
374 34 120 1000
376 484 132 1000
506 28 185 1000
248 10 140 1000
126 16 95 1000
407 15 110 1000
430 31 115 1000
406 525 117 1000
409 38 100 1000
236 34 115 1000
251 23 100 1000
202 9 128 1000
463 31 105 1000
192 40 168 1000
185 2 125 1000
322 40 180 1000
306 31 130 1000
307 31 125 1000
163 16 131 1000
253 7 95 1000
466 40 199 1000
186 28 141 1000
253 6 119 1000
271 28 131 1000
369 1 139 1000
192 11 158 1000
237 169 139 1000
117 3 99 1000
124 317 153 1000
356 40 134 1000
492 26 152 1000
431 38 134 1000
476 34 152 1000
438 14 99 1000
324 6 139 1000
369 189 99 1000
329 37 119 1000
334 37 85 1000
495 12 139 1000
481 24 84 1000
127 8 162 1000
111 5 149 1000
376 13 87 1000
376 10 94 1000
110 7 104 1000
337 26 87 1000
154 112 149 1000
399 3 94 1000
374 23 129 1000
239 28 103 1000
449 392 177 1000
316 333 83 1000
344 195 125 1000
430 299 113 1000
436 264 137 1000
524 8 128 1000
513 208 85 1000
231 460 123 1000
417 38 123 1000
472 32 125 1000
246 14 103 1000
466 28 123 1000
185 38 158 1000
269 38 177 1000
404 37 148 1000
472 407 103 1000
298 28 150 1000
515 32 103 1000
240 25 86 1000
247 25 103 1000
345 34 93 1000
485 14 111 1000
205 236 138 1000
526 16 113 1000
506 25 131 1000
261 298 138 1000
403 11 94 1000
357 14 113 1000
401 317 123 1000
145 445 148 1000
250 38 129 1000
172 22 173 1000
316 8 176 1000
337 3 73 1000
392 145 173 1000
474 10 113 1000
475 10 176 1000
434 35 103 1000
445 483 103 1000
301 360 136 1000
261 32 97 1000
464 509 166 1000
162 24 107 1000
185 25 127 1000
436 239 122 1000
352 30 112 1000
440 25 87 1000
275 25 92 1000
159 6 160 1000
109 43 157 1000
117 7 124 1000
493 28 92 1000
519 374 112 1000
254 19 97 1000
220 345 137 1000
237 13 108 1000
520 22 175 1000
275 35 127 1000
423 32 122 1000
381 32 138 1000
390 4 122 1000
322 19 190 1000
376 43 116 1000
369 39 116 1000
223 25 95 1000
193 25 106 1000
197 272 93 1000
241 21 106 1000
305 15 116 1000
299 34 91 1000
256 419 131 1000
394 119 131 1000
235 43 103 1000
204 235 113 1000
207 28 106 1000
371 11 84 1000
489 439 136 1000
155 286 159 1000
476 31 81 1000
190 35 108 1000
466 185 101 1000
474 16 131 1000
214 41 114 1000
345 39 91 1000
415 41 121 1000
157 14 116 1000
237 6 127 1000
445 23 91 1000
245 35 101 1000
277 34 84 1000
159 445 121 1000
395 23 121 1000
489 30 91 1000
209 264 103 1000
333 40 111 1000
382 15 124 1000
460 35 111 1000
464 35 96 1000
191 42 144 1000
249 498 106 1000
317 14 81 1000
393 37 97 1000
409 17 106 1000
412 17 102 1000
424 332 111 1000
463 33 164 1000
117 99 105 1000
446 26 110 1000
254 41 137 1000
95 11 160 1000
189 34 92 1000
92 2 120 1000
133 186 145 1000
448 25 134 1000
125 298 105 1000
306 125 83 1000
294 12 115 1000
297 12 112 1000
433 23 115 1000
329 6 95 1000
475 11 133 1000
234 3 130 1000
279 3 140 1000
102 9 178 1000
270 35 145 1000
452 32 125 1000
319 357 100 1000
208 29 90 1000
131 35 123 1000
307 13 135 1000
221 17 188 1000
258 13 145 1000
313 24 100 1000
112 42 120 1000
121 25 116 1000
432 156 90 1000
228 421 101 1000
303 34 100 1000
192 129 160 1000
384 249 130 1000
341 40 90 1000
422 31 114 1000
157 28 84 1000
513 405 109 1000
227 9 101 1000
185 10 99 1000
362 16 94 1000
256 1 103 1000
219 1 154 1000
173 245 109 1000
460 25 99 1000
473 14 116 1000
290 524 154 1000
144 169 127 1000
492 35 89 1000
268 34 109 1000
151 19 152 1000
448 15 149 1000
409 5 89 1000
493 33 162 1000
434 36 169 1000
179 37 126 1000
237 22 104 1000
492 190 104 1000
482 18 119 1000
100 39 149 1000
220 13 92 1000
402 41 104 1000
406 41 82 1000
502 31 109 1000
194 13 100 1000
301 4 189 1000
194 523 89 1000
113 20 109 1000
424 24 94 1000
145 16 107 1000
116 27 103 1000
205 33 167 1000
287 14 73 1000
466 13 113 1000
190 37 87 1000
449 32 123 1000
132 9 158 1000
439 8 118 1000
134 405 88 1000
221 26 101 1000
189 26 88 1000
430 7 106 1000
153 327 123 1000
512 2 93 1000
100 231 103 1000
401 20 114 1000
305 40 88 1000
489 21 124 1000
103 31 83 1000
406 1 98 1000
128 127 121 1000
168 118 113 1000
207 15 78 1000
148 15 119 1000
268 3 123 1000
119 27 166 1000
196 4 148 1000
489 9 101 1000
98 40 137 1000
327 4 166 1000
125 124 87 1000
519 169 132 1000
522 168 107 1000
198 21 96 1000
184 5 182 1000
340 38 81 1000
260 2 97 1000
500 28 77 1000
382 392 105 1000
124 497 97 1000
103 7 145 1000
169 37 77 1000
395 0 92 1000
222 10 82 1000
484 4 165 1000
97 33 142 1000
207 9 80 1000
350 4 132 1000
202 20 135 1000
105 24 87 1000
318 3 95 1000
489 13 87 1000
293 2 97 1000
218 97 100 1000
332 33 117 1000
330 29 107 1000
283 306 107 1000
377 17 87 1000
492 462 92 1000
139 3 165 1000
432 40 102 1000
258 31 117 1000
497 163 72 1000
109 29 142 1000
523 13 107 1000
182 22 113 1000
222 39 108 1000
188 7 77 1000
125 39 95 1000
485 3 142 1000
260 14 115 1000
275 22 121 1000
333 42 131 1000
424 434 111 1000
432 7 141 1000
434 7 103 1000
94 34 80 1000
95 34 81 1000
432 0 116 1000
361 233 101 1000
169 36 145 1000
207 13 111 1000
219 11 86 1000
407 20 126 1000
191 11 88 1000
195 11 81 1000
122 312 76 1000
355 97 79 1000
523 37 76 1000
151 458 106 1000
308 324 133 1000
155 34 106 1000
157 34 83 1000
465 26 141 1000
233 29 116 1000
237 29 91 1000
464 11 111 1000
465 11 106 1000
345 0 106 1000
272 40 126 1000
198 39 122 1000
433 22 132 1000
436 22 131 1000
274 88 102 1000
287 189 86 1000
475 21 106 1000
315 37 90 1000
270 43 95 1000
165 18 105 1000
297 30 65 1000
393 20 84 1000
526 36 115 1000
310 26 95 1000
356 22 100 1000
239 19 95 1000
499 14 100 1000
273 38 102 1000
386 24 115 1000
174 11 110 1000
149 8 96 1000
155 8 110 1000
466 3 102 1000
288 502 178 1000
224 7 115 1000
163 3 95 1000
194 0 120 1000
315 18 115 1000
280 21 105 1000
282 21 113 1000
283 21 65 1000
497 5 165 1000
319 43 105 1000
168 22 85 1000
526 40 105 1000
97 23 100 1000
524 162 90 1000
239 0 115 1000
472 10 101 1000
198 13 121 1000
460 420 109 1000
148 3 121 1000
355 40 139 1000
454 28 109 1000
420 34 89 1000
436 33 79 1000
509 324 103 1000
372 29 114 1000
272 258 119 1000
473 23 99 1000
460 0 78 1000
464 0 104 1000
287 9 83 1000
159 7 74 1000
163 7 131 1000
130 14 79 1000
357 0 89 1000
246 42 111 1000
119 8 124 1000
478 38 109 1000
516 41 157 1000
474 154 74 1000
202 39 139 1000
366 25 96 1000
155 7 79 1000
149 39 129 1000
283 227 116 1000
163 317 99 1000
123 278 129 1000
493 8 96 1000
349 11 94 1000
197 19 87 1000
165 22 79 1000
516 21 97 1000
88 36 149 1000
456 30 97 1000
520 279 73 1000
294 224 87 1000
260 15 98 1000
486 258 75 1000
148 8 78 1000
227 421 90 1000
463 19 73 1000
221 381 113 1000
513 1 157 1000
190 0 103 1000
281 26 88 1000
221 33 98 1000
219 38 103 1000
304 17 88 1000
103 34 83 1000
499 18 76 1000
502 18 83 1000
274 41 109 1000
476 40 108 1000
497 38 88 1000
518 7 93 1000
520 7 139 1000
515 10 76 1000
235 36 117 1000
424 39 102 1000
475 43 77 1000
96 11 99 1000
304 29 82 1000
383 21 94 1000
385 21 72 1000
227 41 102 1000
193 41 66 1000
136 290 127 1000
267 127 75 1000
155 515 107 1000
505 23 92 1000
146 462 104 1000
95 22 87 1000
100 18 83 1000
102 27 162 1000
180 29 72 1000
384 20 122 1000
260 13 85 1000
419 18 77 1000
458 41 82 1000
282 40 82 1000
473 22 92 1000
177 33 95 1000
327 17 97 1000
104 126 82 1000
219 454 75 1000
456 221 82 1000
144 21 92 1000
524 19 120 1000
205 282 76 1000
194 20 116 1000
267 37 90 1000
360 10 81 1000
122 33 83 1000
319 20 86 1000
196 29 101 1000
139 169 101 1000
464 133 81 1000
434 27 131 1000
519 366 101 1000
419 40 93 1000
518 422 106 1000
323 29 96 1000
386 15 126 1000
265 315 71 1000
125 42 79 1000
146 29 171 1000
105 39 79 1000
100 21 101 1000
517 97 106 1000
476 0 72 1000
169 17 126 1000
424 26 77 1000
503 10 116 1000
122 41 89 1000
134 272 122 1000
513 475 105 1000
422 11 105 1000
168 362 95 1000
310 380 75 1000
134 9 125 1000
452 18 110 1000
452 27 188 1000
100 36 160 1000
176 27 65 1000
361 8 92 1000
422 8 75 1000
381 36 150 1000
491 17 80 1000
139 154 105 1000
348 41 110 1000
278 7 115 1000
287 0 90 1000
497 137 90 1000
263 157 90 1000
220 36 75 1000
224 29 104 1000
497 27 126 1000
104 518 114 1000
130 23 69 1000
137 34 129 1000
426 40 121 1000
176 41 114 1000
276 5 94 1000
507 278 89 1000
102 7 81 1000
380 37 121 1000
381 476 104 1000
518 29 79 1000
355 4 125 1000
207 20 124 1000
149 20 90 1000
308 1 79 1000
468 42 83 1000
169 4 83 1000
174 36 105 1000
177 36 98 1000
171 29 113 1000
145 39 133 1000
510 507 71 1000
353 5 98 1000
123 27 73 1000
136 3 113 1000
457 3 116 1000
492 4 98 1000
94 20 92 1000
104 468 72 1000
102 43 122 1000
173 5 77 1000
176 5 72 1000
360 0 106 1000
387 43 102 1000
297 509 77 1000
379 0 67 1000
286 41 69 1000
349 36 142 1000
452 26 99 1000
473 1 77 1000
102 11 142 1000
473 33 134 1000
133 6 114 1000
206 36 87 1000
146 40 122 1000
384 22 118 1000
130 279 78 1000
132 283 111 1000
134 278 112 1000
281 129 106 1000
290 260 95 1000
98 19 66 1000
102 19 61 1000
204 5 79 1000
380 19 66 1000
454 3 106 1000
157 5 96 1000
278 42 81 1000
89 20 101 1000
516 17 76 1000
129 0 59 1000
136 6 132 1000
361 41 68 1000
380 41 80 1000
287 27 115 1000
295 17 64 1000
283 36 109 1000
260 1 93 1000
383 17 89 1000
290 131 79 1000
98 131 69 1000
362 456 79 1000
386 130 86 1000
290 33 89 1000
387 27 84 1000
385 33 95 1000
102 42 83 1000
136 42 93 1000
512 36 93 1000
101 140 87 1000
136 41 63 1000
499 4 73 1000
144 27 100 1000
499 29 73 1000
423 5 78 1000
134 17 68 1000
136 17 63 1000
146 42 88 1000
128 449 74 1000
456 20 87 1000
379 20 117 1000
256 16 161 300
387 36 72 1000
288 5 110 1000
139 27 111 1000
305 32 158 300
392 30 163 300
462 16 179 300
129 5 104 1000
130 5 65 1000
239 24 192 300
112 402 123 300
208 28 87 300
253 375 107 300
337 317 181 300
236 518 200 300
474 403 136 300
410 15 106 300
307 25 159 300
303 276 135 300
403 31 140 300
417 9 120 300
256 14 130 300
401 394 120 300
111 430 124 300
210 245 141 300
398 38 182 300
110 340 119 300
409 37 124 300
439 26 157 300
276 12 108 300
240 333 133 300
112 432 128 300
298 23 156 300
293 16 151 300
186 10 187 300
464 12 119 300
458 403 122 300
194 16 108 300
113 173 122 300
174 403 143 300
115 23 96 300
117 37 105 300
117 39 100 300
253 40 116 300
323 40 185 300
189 43 148 300
369 173 94 300
110 10 124 300
415 19 74 300
273 14 131 300
204 336 129 300
237 191 89 300
115 473 85 300
333 21 114 300
387 408 94 300
95 405 112 300
420 32 73 300
377 26 85 300
208 502 93 300
391 23 86 300
329 7 127 300
130 414 85 300
278 495 127 300
341 122 75 300
184 35 117 300
306 319 112 300
234 40 97 300
256 103 86 300
462 303 111 300
510 168 165 300
428 21 146 300
273 319 113 300
377 316 106 300
346 39 91 300
481 25 101 300
233 11 81 300
435 9 104 300
496 0 166 300
299 274 121 300
306 18 102 300
162 512 145 300
222 15 84 300
329 512 90 300
235 3 120 300
196 17 160 300
304 23 111 300
375 38 115 300
105 16 81 300
515 237 104 300
474 14 99 300
268 15 94 300
518 98 207 300
434 4 194 300
394 422 74 300
315 14 119 300
119 245 124 300
89 30 89 300
193 10 72 300
512 40 109 300
327 13 110 300
306 8 124 300
157 30 98 300
149 33 172 300
372 288 88 300
224 37 108 300
464 10 117 300
464 518 113 300
468 241 73 300
92 19 168 300
185 3 91 300
131 16 123 300
127 1 161 300
350 154 88 300
520 25 98 300
493 20 177 300
319 4 141 300
438 473 132 300
298 22 87 300
206 9 123 300
495 10 107 300
355 36 160 300
334 29 102 300
313 174 107 300
110 29 132 300
320 474 86 300
165 159 111 300
428 0 86 300
435 0 91 300
233 449 86 300
315 121 90 300
235 27 101 300
228 1 84 300
352 11 111 300
338 38 101 300
119 3 85 300
237 145 125 300
345 42 132 300
270 22 115 300
516 195 95 300
182 263 83 300
310 492 89 300
424 356 84 300
356 7 136 300
383 19 147 300
153 43 74 300
338 27 131 300
340 1 84 300
493 22 74 300
404 251 202 150
363 272 104 300
390 415 171 150
439 20 94 300
392 36 108 300
466 264 93 300
288 15 94 300
366 15 68 300
364 34 93 300
354 103 83 300
162 43 93 300
520 0 83 300
134 19 191 300
260 9 82 300
502 13 104 300
173 290 102 300
154 510 107 300
414 248 131 150
185 29 67 300
265 13 62 300
507 37 128 300
402 24 179 150
109 28 152 150
267 525 82 300
376 31 157 150
416 12 153 150
277 32 176 150
103 23 101 300
410 399 108 150
463 387 101 300
472 40 118 300
445 5 101 300
407 30 162 150
417 16 102 150
231 24 202 150
416 23 185 150
293 26 106 300
356 20 91 300
104 26 94 300
192 41 101 300
414 26 126 150
413 12 151 150
208 9 174 150
248 21 154 150
403 32 106 150
505 5 165 300
421 22 80 300
149 42 115 300
209 16 126 150
189 401 154 150
414 40 164 150
395 408 110 150
522 19 135 300
431 229 183 150
155 41 90 300
175 42 100 300
409 24 88 150
335 32 125 150
262 7 65 300
320 16 170 150
110 32 145 150
346 28 178 150
299 31 188 150
256 153 174 150
399 18 134 150
398 401 114 150
360 149 74 300
446 408 97 150
189 31 167 150
116 26 183 150
95 32 182 150
250 3 133 150
415 38 176 150
329 9 138 150
497 16 176 150
458 31 143 150
515 0 77 300
253 24 147 150
104 22 93 300
335 13 146 150
391 15 172 150
375 398 119 150
236 168 147 150
110 3 186 150
174 4 72 300
237 9 157 150
499 7 108 300
172 31 172 150
317 16 150 150
417 25 112 150
401 31 122 150
371 16 117 150
375 16 127 150
376 16 87 150
219 28 167 150
248 31 142 150
109 11 150 150
275 30 160 150
210 509 171 150
416 191 103 150
253 440 111 150
440 249 136 150
240 210 91 150
372 2 92 150
491 4 88 300
516 260 88 300
334 3 221 150
111 14 106 150
236 310 149 150
438 34 161 150
307 417 121 150
338 208 120 150
282 399 194 150
366 0 69 300
210 25 85 150
345 12 155 150
426 0 112 300
399 14 98 150
473 20 72 300
392 2 125 150
430 15 158 150
413 35 95 150
472 1 92 300
414 18 115 150
268 32 111 150
276 32 126 150
283 16 138 150
423 12 140 150
157 1 127 300
176 30 144 150
392 8 148 150
334 22 175 150
341 13 163 150
239 109 118 150
185 193 174 150
433 109 119 150
104 248 159 150
307 34 208 150
210 42 158 150
336 28 104 150
417 13 127 150
210 15 119 150
239 12 104 150
267 111 147 150
458 32 79 150
390 395 145 150
466 35 167 150
438 37 164 150
112 25 89 150
189 322 147 150
349 32 103 150
112 272 127 150
270 112 98 150
253 463 135 150
248 478 107 150
413 315 103 150
336 30 118 150
438 2 113 150
391 11 143 150
174 25 153 150
344 237 135 150
215 9 88 150
215 35 103 150
412 18 153 150
346 31 108 150
408 8 124 150
305 495 156 150
191 110 123 150
197 116 123 150
250 21 98 150
405 269 103 150
346 3 161 150
127 179 138 150
484 348 168 150
251 9 87 150
394 14 91 150
407 197 126 150
235 24 92 150
214 15 127 150
475 14 166 150
379 16 142 150
217 485 117 150
402 42 152 150
391 439 112 150
174 15 202 150
172 481 155 150
465 9 157 150
495 254 115 150
226 16 97 150
481 18 175 150
405 15 92 150
407 34 142 150
391 30 117 150
372 346 112 150
248 23 132 150
202 32 90 150
207 32 92 150
436 16 92 150
414 6 123 150
254 165 115 150
318 13 162 150
194 23 145 150
109 20 172 150
117 20 150 150
277 317 137 150
318 523 140 150
405 21 76 150
223 330 95 150
188 37 166 150
483 16 115 150
481 13 151 150
392 246 108 150
445 22 181 150
473 36 74 300
495 350 136 150
249 26 133 150
250 26 86 150
357 16 98 150
332 320 131 150
349 13 119 150
414 279 116 150
237 438 151 150
405 9 121 150
295 31 166 150
419 28 166 150
365 31 179 150
401 1 171 150
428 24 89 150
433 24 86 150
334 34 122 150
171 127 194 150
176 119 179 150
334 41 181 150
234 35 99 150
127 12 96 150
208 3 141 150
217 3 96 150
202 34 179 150
481 39 166 150
320 2 91 150
153 34 174 150
110 34 126 150
122 9 141 150
194 369 101 150
394 19 141 150
484 26 184 150
491 9 185 150
116 37 107 150
219 233 95 150
228 189 122 150
479 2 122 150
438 439 85 150
395 297 135 150
193 31 90 150
420 445 165 150
264 17 95 300
93 32 95 150
431 28 79 150
119 16 120 150
251 3 80 150
168 336 105 150
172 37 168 150
126 13 163 150
394 35 123 150
356 375 95 150
186 24 113 150
335 35 165 150
330 18 100 150
149 12 78 150
498 14 180 150
395 33 155 150
163 251 110 150
189 40 185 150
121 518 138 150
168 26 150 150
174 26 188 150
371 21 86 150
348 31 155 150
405 26 80 150
337 127 121 150
249 7 130 150
479 16 141 150
412 22 150 150
223 473 138 150
440 431 120 150
226 43 163 150
191 7 203 150
118 26 163 150
224 24 104 150
334 13 103 150
270 234 104 150
206 16 89 150
375 35 154 150
371 18 108 150
174 8 189 150
391 34 94 150
189 6 149 150
119 2 96 150
469 466 149 150
518 337 89 150
382 28 173 150
283 32 119 150
412 19 94 150
324 11 162 150
390 348 119 150
393 354 97 150
237 18 109 150
275 14 99 150
122 376 87 150
248 22 121 150
348 333 129 150
94 21 149 150
121 8 127 150
126 8 124 150
392 21 109 150
445 25 140 150
458 2 129 150
475 110 124 150
112 43 130 150
313 518 149 150
154 39 129 150
369 10 130 150
334 26 104 150
355 24 109 150
409 419 139 150
382 416 107 150
398 10 149 150
125 31 110 150
472 209 99 150
217 43 114 150
375 23 109 150
337 310 112 150
478 374 98 150
228 13 88 150
322 31 128 150
198 2 128 150
439 35 78 150
391 20 123 150
117 6 97 150
268 30 93 150
393 18 77 150
346 42 153 150
371 37 103 150
251 40 148 150
293 29 84 300
522 31 113 150
452 24 163 150
407 7 103 150
376 26 83 150
119 395 120 150
408 42 103 150
509 32 130 150
235 37 108 150
466 14 96 150
445 431 148 150
227 0 116 150
307 14 133 150
189 30 128 150
512 251 104 150
503 32 103 150
322 30 93 150
165 392 104 150
375 4 176 150
123 2 112 150
294 306 137 150
317 31 76 150
341 25 102 150
268 304 122 150
463 0 192 150
499 253 117 150
478 0 127 150
430 223 112 150
271 19 126 150
310 16 97 150
316 16 137 150
191 430 109 150
434 195 92 150
235 4 161 150
500 224 166 150
410 17 92 150
414 17 82 150
416 17 104 150
391 205 102 150
337 5 167 150
520 24 117 150
446 17 152 150
340 20 152 150
433 320 114 150
475 39 160 150
215 100 102 150
116 43 87 150
113 0 122 150
189 301 112 150
412 20 112 150
377 40 112 150
386 275 165 150
229 3 82 150
472 2 128 150
274 35 90 150
413 29 127 150
426 9 127 150
472 12 157 150
327 14 107 150
228 40 112 150
420 18 167 150
236 92 118 150
403 427 111 150
189 25 128 150
246 21 86 150
350 28 136 150
419 253 126 150
214 42 91 150
322 25 86 150
345 518 106 150
426 127 136 150
153 28 106 150
473 31 116 150
192 35 111 150
440 10 116 150
445 10 99 150
172 245 126 150
228 11 122 150
154 346 106 150
298 21 74 150
271 15 106 150
319 30 111 150
239 27 126 150
363 15 164 150
482 277 116 150
138 32 137 150
497 30 71 150
209 262 111 150
390 93 106 150
188 192 89 150
89 476 141 150
478 35 91 150
392 473 127 150
262 12 116 150
332 423 116 150
304 9 92 150
299 20 124 150
306 20 155 150
112 363 90 150
163 516 139 150
390 26 125 150
218 462 127 150
245 13 137 150
381 21 135 150
95 2 85 150
218 41 174 150
407 19 100 150
133 448 72 300
290 32 130 150
413 20 100 150
169 275 112 150
273 176 100 150
245 23 117 150
354 218 115 150
431 23 137 150
191 353 125 150
456 449 82 300
205 38 148 150
96 371 145 150
103 12 102 150
468 2 145 150
363 32 127 150
410 27 120 150
414 27 137 150
409 1 95 150
276 9 110 150
277 9 105 150
362 20 94 300
136 32 105 150
269 18 118 150
408 36 116 150
363 18 135 150
269 1 155 150
436 37 95 150
306 10 108 150
168 35 135 150
496 19 125 150
482 15 126 150
97 28 75 150
116 42 88 150
100 4 57 300
179 218 95 150
498 39 170 150
507 5 82 300
110 505 125 150
357 15 90 150
432 26 135 150
327 25 135 150
353 41 175 150
377 38 88 150
195 174 95 150
228 0 108 150
192 9 91 150
298 37 118 150
439 3 114 150
194 18 108 150
361 13 169 150
197 1 168 150
255 33 119 150
340 472 83 150
472 14 114 150
380 16 103 150
385 16 109 150
322 9 114 150
340 39 144 150
223 29 139 150
274 23 99 150
375 22 144 150
144 12 107 150
360 520 164 150
137 15 129 150
168 464 81 150
239 8 114 150
276 348 109 150
465 20 159 150
464 18 110 150
506 231 89 150
198 293 197 150
458 27 159 150
272 39 84 150
100 202 159 150
93 30 94 150
103 149 179 150
356 9 104 150
422 43 189 150
357 18 135 150
341 22 69 150
168 21 105 150
125 34 99 150
207 35 115 150
290 2 109 150
221 483 104 150
123 41 137 150
423 24 74 150
335 33 94 150
394 11 98 150
310 269 103 150
394 6 120 150
366 2 78 150
112 1 82 150
458 492 98 150
324 34 138 150
426 2 130 150
352 118 113 150
245 519 128 150
499 40 132 150
217 27 133 150
270 9 110 150
274 9 133 150
412 36 133 150
313 35 83 150
393 505 90 150
431 37 108 150
126 21 105 150
499 332 83 150
523 15 71 150
525 15 88 150
452 403 96 150
168 27 158 150
518 479 88 150
516 2 118 150
123 25 120 150
316 226 83 150
348 23 81 150
310 192 123 150
383 231 108 150
383 234 86 150
385 229 98 150
478 37 133 150
122 168 86 150
332 41 109 150
337 41 148 150
432 11 113 150
151 15 114 150
240 6 106 150
493 270 118 150
204 484 78 150
435 6 109 150
197 9 123 150
298 5 173 150
255 27 118 150
268 13 134 150
420 340 88 150
235 33 91 150
519 17 168 150
303 39 108 150
470 14 138 150
89 25 81 150
491 35 117 150
310 15 117 150
360 40 172 150
329 17 106 150
332 17 97 150
92 101 136 150
175 23 107 150
318 8 106 150
304 11 82 150
517 345 124 150
228 42 87 150
395 102 109 150
473 25 122 150
474 25 122 150
268 5 207 150
246 281 92 150
389 422 122 150
434 279 96 150
330 98 132 150
122 319 127 150
526 18 97 150
269 148 82 150
337 457 107 150
173 37 124 150
478 4 132 150
126 10 72 150
180 26 117 150
156 174 115 150
390 33 122 150
98 24 102 150
190 23 127 150
352 36 155 150
205 35 92 150
485 124 119 150
258 28 72 150
261 283 162 150
133 2 97 150
319 40 97 150
435 40 117 150
526 495 103 150
156 29 167 150
163 492 90 150
188 469 87 150
227 43 92 150
204 121 97 150
263 14 87 150
513 24 116 150
169 18 106 150
245 43 131 150
518 524 95 150
129 27 105 300
173 36 135 150
190 11 106 150
221 6 80 150
308 118 86 150
165 355 118 150
379 28 101 150
233 382 121 150
153 145 116 150
245 11 101 150
165 39 76 150
495 313 104 150
287 35 91 150
525 26 107 150
93 21 96 150
96 21 116 150
379 346 86 150
379 14 86 150
421 19 116 150
258 30 99 150
390 17 121 150
109 5 131 150
148 37 101 150
317 34 96 150
320 8 106 150
175 40 112 150
375 145 121 150
424 440 141 150
270 7 95 150
391 379 100 150
169 43 120 150
174 43 100 150
175 43 80 150
392 27 94 150
312 21 135 150
419 35 94 150
180 11 125 150
399 5 105 150
391 29 110 150
186 6 105 150
498 19 175 150
194 40 90 150
175 11 120 150
492 23 90 150
500 25 110 150
491 88 88 150
473 219 115 150
165 10 82 150
436 105 95 150
226 0 121 150
426 320 65 150
448 371 106 150
449 376 80 150
267 19 163 150
137 22 145 150
308 4 178 150
94 23 110 150
389 138 88 150
470 13 90 150
473 13 93 150
223 11 140 150
205 3 120 150
148 10 79 150
261 25 94 150
372 4 99 150
390 41 131 150
173 286 74 150
464 7 99 150
145 30 99 150
103 298 94 150
524 7 109 150
156 23 99 150
485 7 94 150
149 40 113 150
492 6 104 150
100 14 79 150
278 27 169 150
334 5 69 150
94 26 119 150
355 0 104 150
434 42 119 150
473 39 86 150
502 42 129 150
239 507 124 150
241 505 139 150
500 435 104 150
313 40 74 150
179 363 95 150
186 365 104 150
360 293 152 150
473 26 104 150
381 25 120 150
382 25 99 150
348 11 99 150
456 438 119 150
222 264 110 150
196 263 94 150
316 37 99 150
382 104 124 150
295 35 85 150
499 485 99 150
224 19 77 150
227 19 74 150
154 11 95 150
93 18 89 150
281 10 104 150
283 10 74 150
192 19 99 150
481 22 129 150
151 6 120 150
157 6 104 150
440 27 100 150
438 1 84 150
127 3 114 150
365 30 94 150
391 1 105 150
372 5 109 150
374 5 109 150
383 35 93 150
246 19 98 150
473 4 153 150
329 4 103 150
138 19 163 150
144 19 157 150
99 218 78 150
430 17 77 150
492 40 123 150
380 196 77 150
516 18 83 150
281 149 86 150
137 241 108 150
421 13 99 150
295 15 83 150
495 7 148 150
288 34 93 150
515 192 128 150
119 513 63 150
466 365 103 150
247 1 103 150
118 11 93 150
102 479 103 150
481 105 108 150
463 419 138 150
318 33 103 150
247 29 83 150
387 15 119 150
383 34 153 150
275 260 88 150
492 38 108 150
386 486 84 150
497 11 113 150
192 42 99 150
177 264 128 150
421 37 117 150
236 36 87 150
456 14 124 150
133 19 152 150
456 19 181 150
512 23 82 150
515 23 86 150
148 422 67 150
360 21 76 150
294 25 102 150
525 38 76 150
468 43 107 150
258 27 131 150
290 179 102 150
198 43 117 150
202 43 112 150
206 0 104 150
384 21 117 150
136 25 104 150
189 41 97 150
191 41 91 150
345 29 112 150
465 42 84 150
448 446 152 150
199 38 109 150
98 20 147 150
138 34 83 150
140 34 92 150
349 42 90 150
270 27 102 150
273 27 77 150
360 18 92 150
364 18 108 150
364 1 147 150
446 36 93 150
313 38 92 150
206 500 75 150
360 124 92 150
361 124 103 150
497 295 91 150
139 21 91 150
224 20 71 150
119 0 103 150
129 241 111 150
517 8 110 150
222 27 126 150
364 10 85 150
189 1 86 150
278 26 116 150
434 20 101 150
195 29 86 150
197 29 66 150
105 524 96 150
365 165 91 150
458 449 101 150
131 15 91 150
454 15 101 150
446 5 71 150
522 0 86 150
463 1 81 150
92 0 109 150
288 21 86 150
269 17 97 150
457 21 71 150
263 8 107 150
175 17 81 150
176 17 102 150
299 29 126 150
506 13 77 150
318 146 80 150
145 13 85 150
204 33 105 150
419 11 82 150
519 42 90 150
512 7 107 150
513 7 85 150
507 40 95 150
145 138 180 150
297 18 110 150
131 9 90 150
185 4 119 150
276 1 115 150
240 5 138 150
288 8 110 150
131 18 107 150
274 36 95 150
365 36 153 150
174 1 75 150
162 41 108 150
171 33 120 150
489 17 105 150
261 520 135 150
96 258 83 150
284 43 115 150
316 42 91 150
207 41 90 150
497 362 95 150
522 17 80 150
127 27 80 150
191 4 90 150
145 308 98 150
286 38 114 150
165 288 99 150
264 26 114 150
491 27 91 150
520 360 99 150
99 526 86 150
324 4 114 150
146 9 111 150
454 23 89 150
427 40 119 150
381 88 84 150
519 20 106 150
290 43 84 150
124 42 121 150
140 8 99 150
458 36 94 150
465 36 79 150
198 128 92 150
485 36 114 150
199 449 101 150
525 29 84 150
162 29 64 150
387 39 89 150
259 22 87 150
264 22 79 150
361 26 99 150
100 26 99 150
356 1 136 150
265 8 109 150
354 36 105 150
118 41 99 150
205 27 80 150
423 515 94 150
426 38 89 150
475 33 89 150
156 33 110 150
310 457 79 150
221 5 119 150
223 5 79 150
386 6 77 150
173 132 94 150
293 8 118 150
380 22 123 150
295 282 93 150
96 41 68 150
507 0 108 150
281 360 68 150
258 40 113 150
485 5 98 150
350 5 98 150
354 5 93 150
356 5 108 150
122 27 108 150
105 3 118 150
131 3 78 150
361 40 113 150
131 40 98 150
95 128 88 150
169 5 77 150
137 7 79 150
159 36 72 150
163 36 99 150
483 4 107 150
383 0 97 150
360 38 122 150
362 38 90 150
104 38 102 150
419 33 80 150
362 11 132 150
149 1 117 150
132 6 97 150
154 4 80 150
362 505 97 150
489 5 107 150
379 22 97 150
280 129 113 150
424 41 86 150
382 278 91 150
286 27 121 150
146 11 86 150
286 33 71 150
262 0 98 150
384 19 111 150
148 5 111 150
509 41 76 150
265 33 104 150
294 381 101 150
310 5 104 150
290 0 126 150
380 104 59 150
454 420 76 150
500 41 59 150
510 17 76 150
381 386 101 150
89 4 91 150
519 4 132 150
380 33 85 150
475 29 80 150
498 17 95 150
148 4 90 150
509 1 90 150
99 42 68 150
517 29 55 150
288 41 88 150
506 20 90 150
500 1 95 150
260 101 105 150
381 41 110 150
503 29 90 150
146 33 101 150
281 4 74 150
259 1 78 150
283 29 64 150
288 104 129 150
132 297 89 150
366 20 110 150
384 449 89 150
100 1 79 150
426 27 119 150
421 4 89 150
469 36 79 150
449 38 130 150
386 29 89 150
140 17 68 150
510 36 118 150
139 132 57 150
137 17 68 150
264 36 109 150
140 42 123 150
383 27 114 150
386 4 72 150
382 29 92 150
295 5 91 150
145 5 95 150
145 36 99 150
448 5 80 150
