88 34 136 1000
88 38 175 150
88 11 124 1000
88 12 139 300
88 14 160 150
88 158 144 150
89 290 98 1000
89 114 127 300
89 370 219 1000
89 15 144 1000
93 2 203 150
93 235 105 1000
93 6 157 150
93 43 180 300
93 19 147 1000
93 25 194 150
93 283 190 1000
94 39 198 1000
94 28 115 1000
94 271 100 1000
95 43 102 150
95 37 142 150
96 26 226 1000
96 507 158 150
96 478 70 150
97 441 125 1000
97 2 144 1000
97 36 126 150
97 40 80 150
97 43 82 150
97 290 127 1000
97 14 83 1000
97 19 173 150
97 21 180 150
97 23 99 300
97 25 156 1000
97 26 190 1000
97 188 112 300
97 477 114 150
98 385 234 1000
98 3 148 150
98 4 105 1000
98 5 217 150
98 13 87 150
98 376 80 150
99 8 134 150
99 249 138 150
99 34 93 150
99 21 91 150
99 6 101 150
102 3 131 150
102 17 198 1000
102 42 144 1000
102 27 179 150
102 5 186 150
103 8 229 150
103 43 151 150
103 4 289 150
103 6 102 150
103 23 95 150
104 480 121 150
104 43 111 1000
104 26 201 150
104 3 168 150
104 9 109 150
105 34 241 150
105 39 166 1000
105 10 184 150
105 14 182 300
105 15 98 1000
105 24 156 1000
106 37 89 150
106 11 104 150
106 12 228 150
106 115 142 150
106 309 86 150
106 30 299 300
107 34 111 1000
107 39 222 1000
107 5 68 1000
107 415 137 150
108 208 248 150
108 8 116 150
108 27 148 150
108 164 206 150
108 23 195 1000
109 161 267 300
109 40 106 150
109 11 109 150
109 16 118 1000
109 26 198 1000
109 190 139 1000
112 42 251 150
112 427 113 150
112 12 131 1000
112 365 109 150
113 2 131 150
113 35 100 1000
113 41 235 150
113 42 115 150
113 258 98 1000
113 14 159 150
113 28 235 1000
113 30 147 150
114 1 133 150
115 34 89 1000
115 8 77 1000
115 10 102 150
115 43 68 1000
115 418 158 1000
115 14 119 150
115 19 100 1000
115 22 216 150
115 30 107 300
118 1 85 300
118 36 114 150
118 5 111 150
118 40 132 150
118 277 90 1000
118 343 144 150
118 26 119 1000
119 0 125 1000
119 132 134 150
119 38 76 1000
119 14 97 150
119 19 120 1000
119 180 174 1000
119 213 224 1000
119 28 91 150
120 32 149 150
120 35 227 150
120 467 165 150
120 16 200 1000
121 4 163 150
121 421 105 150
121 333 142 1000
121 180 90 150
121 21 75 1000
121 23 97 150
121 476 139 1000
122 32 110 150
122 43 69 150
123 3 172 1000
123 421 129 300
123 361 166 150
123 17 118 150
123 310 149 1000
123 25 156 1000
126 408 102 300
126 253 137 1000
126 197 159 150
126 7 91 1000
127 153 123 300
127 27 89 1000
127 36 153 300
128 42 131 150
128 347 93 1000
128 14 92 150
129 4 180 1000
129 39 204 1000
129 42 148 150
129 269 119 150
129 18 154 1000
129 452 140 1000
129 383 137 150
131 4 181 1000
131 8 237 300
131 41 116 1000
131 12 171 150
131 21 183 150
131 489 217 1000
131 28 142 150
132 360 190 150
132 43 156 1000
132 42 131 150
132 291 127 150
132 516 145 150
134 258 94 1000
134 40 215 1000
134 9 77 300
134 12 157 1000
134 238 158 150
134 19 105 150
134 25 236 150
135 25 111 150
135 3 146 150
135 30 192 150
136 0 115 300
136 317 115 1000
136 13 109 150
136 30 196 1000
136 21 223 150
137 8 262 150
137 42 131 150
137 404 149 1000
137 21 90 1000
137 494 143 150
138 449 244 1000
138 132 152 150
138 5 168 1000
138 11 104 1000
138 12 150 150
138 16 232 150
138 17 96 150
138 89 127 150
138 27 138 150
138 93 102 1000
138 30 110 150
139 33 134 150
139 155 216 1000
139 30 161 150
140 32 213 150
140 43 221 150
140 19 249 150
140 6 95 1000
141 0 128 300
141 7 182 1000
141 16 162 150
141 179 212 1000
141 21 176 1000
141 24 164 300
142 8 141 1000
142 18 173 150
142 28 138 300
142 14 110 150
143 386 96 150
143 5 148 1000
143 13 139 150
143 19 199 1000
143 20 109 150
143 508 78 1000
144 34 111 150
144 38 201 1000
144 39 131 150
144 10 134 150
144 17 175 150
144 20 262 1000
145 1 103 1000
145 34 108 300
145 10 195 150
145 203 117 150
145 20 181 150
145 31 103 150
146 4 155 150
146 6 119 1000
146 12 195 1000
146 207 221 1000
146 25 205 1000
146 30 111 150
147 32 186 1000
147 0 68 150
147 451 187 150
147 5 219 1000
147 1 207 1000
147 13 129 1000
147 16 217 150
147 306 96 150
147 35 184 1000
147 88 150 150
147 153 109 1000
149 295 139 150
149 11 223 1000
149 13 133 1000
149 14 294 300
149 26 83 300
149 221 162 150
150 2 254 150
150 8 132 150
150 13 177 300
150 18 86 150
150 24 158 1000
150 31 117 150
151 32 179 1000
151 3 189 150
151 43 165 1000
151 13 150 1000
151 239 196 150
151 18 104 150
151 23 136 1000
151 30 131 1000
152 0 153 1000
152 385 190 1000
152 4 185 300
152 5 187 1000
152 7 105 1000
152 12 110 150
152 366 115 150
152 24 85 150
152 26 107 1000
153 12 144 1000
153 23 90 150
154 0 253 1000
154 161 136 1000
154 194 122 150
154 35 289 150
154 37 101 150
154 7 138 1000
154 9 139 1000
154 41 193 150
154 11 114 150
154 21 99 1000
154 22 150 1000
154 23 148 1000
155 32 122 300
155 35 134 150
155 40 65 150
155 13 140 150
155 15 74 150
155 21 136 150
155 23 134 1000
155 28 129 300
155 30 111 1000
157 32 211 1000
157 33 97 1000
157 34 182 1000
157 35 160 150
157 11 108 1000
157 31 156 150
158 36 140 1000
158 37 102 150
158 326 92 1000
158 40 159 1000
158 9 100 1000
158 17 250 1000
158 21 222 150
158 153 194 150
158 30 81 150
160 1 216 150
160 326 160 150
160 10 117 1000
160 15 109 150
160 21 172 1000
160 25 146 150
161 0 133 150
161 1 252 150
161 491 102 300
161 13 90 150
161 27 195 1000
161 350 158 150
162 33 165 150
162 17 265 1000
162 22 178 300
162 319 196 1000
164 2 159 150
164 355 102 1000
164 484 194 1000
164 37 111 300
164 9 140 1000
164 20 96 150
164 41 233 1000
164 30 172 150
164 31 127 150
165 10 230 150
165 35 145 1000
165 415 166 150
166 4 191 1000
166 8 122 150
166 9 200 1000
166 333 215 150
166 16 162 150
166 23 91 1000
168 27 65 300
168 170 144 150
168 43 167 150
168 132 162 1000
170 416 120 150
170 16 100 1000
170 306 201 150
170 310 178 150
171 27 203 1000
171 19 155 150
171 13 92 1000
173 6 132 300
173 230 198 150
173 306 143 1000
173 18 193 1000
173 151 122 1000
173 31 107 150
174 19 155 150
174 8 101 150
174 227 144 1000
174 270 158 1000
174 390 149 1000
175 24 154 1000
175 12 176 300
175 28 179 1000
176 27 123 150
176 40 136 1000
176 2 256 300
176 43 198 1000
176 29 290 150
177 32 138 1000
177 484 177 1000
177 7 119 150
177 40 107 1000
177 10 117 150
177 8 257 150
177 18 173 300
177 4 121 150
177 252 170 150
177 42 226 1000
178 34 183 1000
178 16 148 1000
178 434 236 150
178 26 148 1000
178 29 127 150
178 31 99 150
179 16 122 150
179 0 155 150
179 243 153 150
180 16 129 150
180 41 195 1000
180 10 159 1000
180 42 155 150
180 37 64 1000
181 160 117 150
181 33 282 150
181 132 187 150
181 38 124 1000
181 42 176 150
181 21 140 1000
181 27 105 150
181 28 146 150
181 29 127 150
181 31 218 1000
182 40 122 150
182 43 141 150
182 21 149 150
182 14 276 300
182 223 114 150
184 35 127 1000
184 39 76 300
184 15 126 150
184 19 170 150
184 25 157 150
184 154 134 150
185 34 219 1000
185 39 159 150
185 42 97 150
185 13 175 1000
185 175 134 1000
185 498 82 1000
187 2 226 1000
187 36 98 150
187 39 127 300
187 8 94 1000
187 28 275 150
187 20 86 150
187 188 171 150
188 18 178 300
188 523 146 300
188 36 163 150
188 6 209 300
189 40 127 150
189 41 120 150
189 43 238 150
189 17 83 300
189 310 89 150
189 24 135 1000
189 26 268 150
189 27 93 150
190 0 184 150
190 7 110 1000
190 201 162 1000
190 10 222 1000
190 11 140 1000
190 16 188 150
190 19 179 150
190 344 103 150
190 27 73 1000
191 33 127 1000
191 13 117 150
191 29 125 1000
191 9 112 1000
194 33 177 1000
194 8 137 1000
194 457 157 1000
194 42 100 150
194 12 158 150
194 14 256 1000
194 16 188 1000
194 435 95 150
194 404 91 150
194 24 130 300
194 26 128 150
194 30 287 300
197 221 99 150
198 25 245 150
198 323 101 150
198 29 144 1000
198 239 138 1000
199 33 132 1000
199 231 136 150
199 40 160 300
199 41 165 1000
199 14 139 150
199 21 77 1000
199 23 115 1000
199 29 213 150
199 30 179 150
200 165 245 150
200 41 93 150
200 139 86 150
200 14 173 1000
200 499 150 1000
200 366 149 150
200 25 184 1000
201 2 121 1000
201 35 120 1000
201 6 192 1000
201 14 164 150
201 15 194 150
201 24 74 1000
201 319 185 1000
202 20 257 150
202 41 113 1000
202 28 159 150
202 37 132 150
202 7 258 1000
204 24 189 150
204 40 120 1000
204 19 209 300
204 33 112 150
205 40 60 1000
205 170 247 150
205 34 226 300
205 18 241 150
205 239 126 150
207 184 119 150
207 1 252 1000
207 226 190 150
207 8 189 1000
208 327 182 1000
209 325 202 150
209 166 271 150
209 13 244 150
209 15 75 150
209 23 86 150
209 29 229 150
209 478 103 150
210 4 215 150
210 13 148 1000
210 144 117 300
210 18 108 1000
210 507 103 300
210 285 242 150
212 2 160 1000
212 4 146 150
212 13 134 150
213 24 165 300
213 32 197 150
213 4 286 150
213 406 170 150
213 0 109 150
214 32 148 150
214 257 280 300
214 11 169 150
215 42 136 300
215 43 125 150
215 5 124 1000
215 22 126 1000
215 205 131 150
216 41 101 150
216 226 118 150
216 43 152 150
216 22 156 150
217 33 190 1000
217 3 85 1000
217 4 170 1000
217 38 212 1000
217 327 138 1000
218 8 210 1000
218 99 179 1000
218 13 147 150
218 14 109 1000
219 1 162 1000
219 3 210 150
219 37 127 150
219 149 189 150
219 25 204 1000
219 319 171 1000
220 27 271 150
220 21 237 1000
220 181 112 150
221 514 216 150
221 292 184 1000
221 12 174 300
221 15 94 1000
221 471 208 300
221 280 235 1000
223 12 269 150
223 492 122 150
223 29 158 1000
225 204 75 150
225 13 138 1000
226 35 133 300
226 4 138 1000
226 521 238 1000
226 13 173 1000
226 355 207 150
226 20 191 1000
226 152 70 150
226 383 177 150
226 95 101 150
227 0 141 150
227 4 123 150
227 37 220 150
227 106 123 1000
227 43 145 150
227 14 84 150
227 216 111 150
227 29 105 1000
227 30 195 150
228 27 237 150
228 490 123 150
228 3 185 1000
228 518 273 150
230 34 168 1000
230 42 92 1000
230 39 155 150
231 9 171 150
231 309 154 1000
231 7 224 150
233 33 171 1000
233 4 215 1000
233 1 123 1000
233 8 162 150
233 12 162 150
233 13 109 1000
233 14 89 300
233 239 106 150
233 40 304 150
233 18 75 1000
233 22 100 1000
234 40 159 150
234 10 96 1000
234 30 175 1000
235 34 238 150
235 36 97 1000
235 40 111 1000
235 41 239 150
235 42 194 150
235 11 104 1000
235 13 183 150
235 4 120 150
237 416 210 150
237 29 159 1000
237 23 250 150
238 33 231 1000
238 8 221 300
238 521 177 150
238 13 249 150
238 20 111 150
238 30 146 300
239 11 94 150
239 34 133 1000
239 243 122 150
239 13 123 150
239 23 112 1000
240 40 126 150
240 20 123 1000
240 5 179 300
240 109 226 150
241 32 105 1000
241 3 171 150
241 6 111 1000
241 15 81 150
241 24 219 150
241 499 141 150
241 501 111 150
241 152 156 1000
241 511 172 150
243 0 114 150
243 35 214 150
243 41 259 1000
243 42 220 150
243 43 85 150
243 12 194 1000
243 316 267 1000
243 31 276 1000
244 33 102 1000
244 18 120 150
244 37 93 1000
244 414 134 1000
244 255 145 1000
245 0 109 1000
245 43 170 1000
245 31 138 1000
247 5 95 150
247 105 176 1000
247 29 156 1000
247 118 168 1000
247 120 248 150
247 37 151 150
247 31 113 150
248 257 134 300
248 295 263 1000
248 9 140 1000
248 15 162 150
248 17 278 1000
248 501 203 150
248 23 118 1000
248 510 127 150
248 28 257 150
248 30 76 150
248 21 127 150
249 164 128 150
249 31 244 150
250 322 110 1000
250 491 91 150
251 8 172 150
251 370 163 300
251 27 255 150
251 28 109 150
251 21 179 1000
252 417 223 1000
252 34 231 150
252 37 136 1000
252 6 112 150
252 11 118 300
252 15 187 150
252 208 171 1000
252 20 97 1000
253 20 209 150
253 15 237 150
255 16 110 150
255 35 162 1000
255 13 175 150
255 38 184 1000
256 3 199 1000
256 5 267 1000
256 6 137 150
256 397 165 150
256 15 157 1000
256 30 151 150
257 2 96 1000
257 38 121 150
257 7 197 150
257 12 114 300
257 210 165 150
257 22 178 150
257 27 181 150
258 19 111 150
258 11 90 1000
258 23 105 150
259 482 187 300
259 19 215 1000
259 20 173 1000
259 199 127 150
260 5 205 1000
260 41 70 150
260 15 132 300
260 17 122 1000
260 18 279 300
260 21 178 150
260 215 223 150
261 36 150 150
261 39 165 150
261 15 105 1000
261 17 267 1000
261 19 190 150
261 4 118 150
261 26 167 150
261 29 135 1000
262 32 91 1000
262 17 137 150
263 36 143 300
263 38 146 150
263 343 172 300
263 27 217 150
263 126 188 300
263 319 110 1000
264 33 221 150
264 484 141 150
264 177 294 1000
264 398 254 150
264 15 121 300
265 33 83 150
265 42 130 150
265 29 65 1000
265 9 112 1000
266 2 109 150
266 4 87 300
266 39 121 300
266 43 178 150
266 494 137 150
266 16 130 1000
268 32 205 1000
268 37 126 1000
268 486 209 150
268 490 161 150
268 12 183 300
268 404 217 300
268 182 145 150
269 0 158 150
269 43 118 1000
269 519 100 150
269 39 248 150
269 13 89 150
269 146 275 150
269 20 171 1000
269 126 261 150
270 5 139 150
270 488 131 150
270 14 147 1000
270 17 136 300
270 374 223 1000
270 24 154 150
271 322 306 150
271 9 126 150
271 2 218 1000
271 370 163 1000
271 25 209 150
271 28 136 1000
272 34 165 150
272 36 119 150
272 5 138 1000
272 38 87 150
272 17 119 150
272 339 140 150
274 16 175 300
274 500 126 150
274 26 151 1000
274 36 107 150
274 5 94 1000
275 40 217 150
275 515 255 150
275 37 245 1000
275 14 298 1000
275 39 134 150
276 442 265 150
276 3 118 1000
276 36 142 150
276 5 139 150
276 255 228 150
277 36 102 150
277 6 164 1000
277 42 263 150
277 43 164 150
277 17 174 1000
277 21 191 150
277 23 109 1000
278 490 211 150
278 515 126 1000
278 13 193 150
278 39 138 150
279 4 100 150
279 34 248 150
279 36 137 150
279 134 122 150
280 0 218 1000
280 257 239 300
280 442 86 1000
280 260 68 300
280 270 203 150
281 3 113 150
281 19 208 1000
281 446 171 150
281 472 156 1000
281 27 78 1000
281 30 125 150
282 34 144 300
282 6 164 1000
282 13 162 150
282 15 106 1000
282 18 81 150
282 27 212 150
283 19 94 150
283 418 98 150
283 451 172 1000
283 36 153 1000
283 5 149 150
283 275 123 150
283 405 243 1000
283 324 122 1000
283 4 190 1000
283 31 156 150
284 8 166 150
284 6 109 1000
285 42 115 150
285 13 124 150
287 19 169 150
287 201 157 150
287 11 224 1000
287 301 129 150
287 294 259 150
288 328 119 150
288 24 123 1000
288 10 101 1000
288 12 338 1000
288 22 135 150
289 24 243 1000
289 16 221 1000
289 26 77 150
289 19 242 150
289 182 175 150
290 33 174 1000
290 11 79 1000
290 12 118 300
290 14 222 150
290 182 151 1000
291 19 87 150
291 243 125 150
291 391 117 150
292 3 264 150
292 4 125 150
292 9 289 300
292 12 162 150
292 35 188 300
292 41 102 1000
292 214 109 150
292 393 152 150
292 184 71 150
292 27 115 150
292 28 117 1000
294 34 128 1000
294 35 83 150
294 36 145 150
294 7 127 1000
294 42 114 150
294 43 110 150
294 13 132 300
294 27 200 150
295 20 211 150
295 339 86 150
295 12 135 300
296 12 187 1000
296 307 258 150
296 20 211 150
296 1 103 150
297 275 150 1000
298 0 123 300
298 1 215 1000
298 260 107 150
298 38 107 1000
298 8 186 150
298 331 224 1000
298 268 135 300
298 21 136 1000
298 217 137 150
298 25 133 300
300 1 225 150
300 6 161 150
300 17 119 150
300 19 217 1000
300 22 73 1000
300 23 133 150
301 16 106 1000
301 12 148 1000
301 498 204 150
301 28 173 300
301 17 120 1000
302 33 138 150
302 131 185 150
302 8 193 1000
302 144 98 300
302 22 208 1000
302 377 100 300
303 160 151 150
303 1 136 150
303 39 143 150
303 43 170 1000
303 461 127 150
303 187 186 150
303 31 101 1000
306 0 73 1000
306 129 152 150
306 5 107 150
306 8 134 1000
306 393 153 1000
306 42 104 150
306 43 93 1000
306 12 113 150
306 14 172 1000
306 17 204 150
306 21 91 150
306 27 119 1000
307 32 153 150
307 2 110 150
307 38 71 300
307 30 203 150
308 16 115 1000
308 9 170 300
308 427 273 150
308 13 111 1000
309 43 307 150
309 13 134 150
309 238 217 1000
309 501 141 300
309 350 200 300
309 415 197 1000
310 5 96 150
310 41 168 1000
310 11 119 1000
310 462 154 1000
310 17 153 150
310 22 152 1000
311 33 153 150
311 38 79 150
311 9 226 150
311 17 146 1000
311 20 93 1000
311 215 172 150
311 345 178 150
313 37 97 150
313 6 115 1000
313 41 169 150
313 11 234 1000
313 13 125 1000
313 17 166 300
313 18 163 150
313 25 176 150
313 30 122 150
313 5 149 150
315 345 192 150
315 14 125 1000
315 33 128 1000
316 321 98 150
316 7 149 1000
316 16 115 150
316 18 167 150
316 19 94 150
316 20 233 150
316 24 125 1000
316 89 190 150
316 348 180 150
317 8 171 1000
317 34 122 1000
317 3 135 1000
319 35 225 300
319 491 128 150
319 507 211 150
319 21 145 1000
319 7 149 1000
320 513 119 300
320 2 169 300
320 36 141 150
320 21 100 1000
320 438 177 150
320 30 212 150
321 32 82 1000
321 9 191 150
322 16 192 1000
322 265 165 300
322 4 108 1000
323 401 94 150
323 10 112 1000
323 38 109 150
323 17 142 1000
324 5 174 150
324 6 188 150
324 456 255 150
324 41 105 150
324 43 91 1000
324 478 127 150
324 287 177 1000
325 33 117 150
325 36 112 150
325 8 181 1000
325 13 179 150
325 14 125 150
325 21 97 1000
325 26 192 1000
325 511 203 150
326 38 177 150
327 6 135 300
327 42 236 300
327 18 70 1000
327 19 120 150
327 469 142 150
327 25 186 150
328 25 97 150
328 308 168 1000
328 366 102 1000
329 40 234 1000
329 430 194 150
329 392 115 1000
329 21 147 300
329 374 185 1000
329 31 196 150
329 415 178 1000
330 24 169 150
330 12 209 1000
330 37 166 150
331 8 107 150
331 405 113 150
331 469 136 150
331 487 153 1000
332 32 104 150
332 12 225 1000
332 237 95 1000
332 15 299 150
332 29 124 150
332 93 255 1000
333 4 260 1000
333 108 148 150
333 14 131 150
333 24 174 150
333 154 131 150
333 28 96 1000
333 30 276 150
336 3 89 1000
336 4 97 150
336 8 199 1000
336 15 136 1000
336 17 96 1000
336 35 159 1000
337 481 98 150
337 4 124 150
337 423 121 300
337 42 245 1000
337 13 233 150
337 25 117 150
337 36 165 150
338 27 83 150
338 20 112 1000
338 29 156 1000
339 24 114 150
339 43 202 150
339 3 226 300
339 348 210 1000
339 37 159 1000
340 8 142 1000
340 9 175 1000
340 13 149 150
340 14 106 300
340 457 225 150
340 28 100 150
341 16 203 150
341 411 134 1000
341 5 165 150
343 0 129 1000
343 263 128 1000
343 41 143 1000
343 279 164 1000
343 14 102 150
343 9 236 1000
343 24 157 150
343 23 81 1000
343 510 83 150
344 0 81 150
344 33 111 150
344 35 137 300
344 519 158 150
344 40 91 1000
344 7 116 150
344 13 131 150
344 498 142 1000
344 24 205 150
344 25 160 150
345 32 105 300
345 3 100 1000
345 6 111 1000
345 135 228 150
345 43 267 300
345 17 92 1000
345 19 185 1000
345 22 120 150
346 105 180 1000
346 19 260 1000
346 174 135 1000
346 22 236 150
347 448 154 150
347 1 89 1000
347 35 107 150
347 40 190 150
347 9 160 150
347 332 187 150
347 16 130 150
347 18 160 1000
348 9 98 150
348 26 95 150
348 43 239 150
348 5 97 1000
350 416 131 1000
350 230 144 1000
350 41 146 300
350 11 138 1000
350 21 130 300
350 26 90 150
351 449 107 150
351 35 122 150
351 38 184 1000
351 422 82 150
351 1 116 1000
351 427 117 300
351 17 283 150
351 18 136 1000
351 25 103 1000
351 166 207 150
352 0 113 150
352 258 180 150
352 6 122 1000
352 9 164 150
352 14 186 1000
352 250 297 150
353 32 79 300
353 35 91 1000
353 21 255 150
355 32 122 300
355 9 188 1000
355 28 132 1000
356 26 87 150
356 35 129 1000
356 22 158 1000
357 19 97 1000
357 6 78 1000
358 40 87 150
358 486 309 150
358 22 242 1000
358 30 103 150
358 143 204 1000
359 32 220 150
359 518 173 150
359 7 225 1000
359 42 192 1000
359 248 252 150
359 29 131 300
360 272 152 150
360 41 103 150
360 3 304 150
360 38 96 150
360 7 153 1000
361 8 100 150
361 27 123 150
361 43 117 150
361 37 184 150
363 26 115 150
363 12 147 150
363 245 179 150
365 1 210 150
365 2 141 1000
365 37 110 1000
365 97 202 150
365 104 132 1000
365 41 103 1000
365 42 124 150
365 15 137 150
365 374 173 1000
365 315 150 150
366 16 150 1000
366 25 121 150
366 0 135 150
366 23 313 300
367 322 169 1000
367 11 143 150
367 20 240 150
367 6 266 150
368 422 247 1000
368 38 73 150
368 121 159 1000
368 471 211 150
368 25 175 1000
368 26 112 150
369 33 91 1000
369 418 78 1000
369 4 250 150
369 297 121 150
369 10 180 150
369 215 123 1000
369 29 154 1000
370 21 103 150
370 30 102 1000
372 16 151 150
372 43 120 150
374 35 132 1000
374 36 133 300
374 39 294 1000
374 8 214 150
374 42 115 1000
374 43 161 150
374 12 220 1000
374 13 243 150
374 15 121 150
374 21 146 1000
374 185 222 150
374 123 162 150
375 33 129 150
375 34 194 150
375 99 144 150
375 4 180 150
375 330 291 150
375 13 258 150
375 175 152 1000
375 17 170 150
376 11 178 1000
377 449 135 150
377 35 184 150
377 36 113 1000
377 43 211 150
377 14 158 1000
377 147 152 300
377 89 185 150
377 29 194 1000
378 235 227 150
378 5 163 1000
378 166 150 1000
378 43 138 1000
378 306 124 1000
378 408 155 300
378 6 146 150
379 34 100 1000
379 475 85 1000
379 40 61 1000
379 42 121 150
379 14 270 150
379 27 106 150
382 16 143 150
382 514 149 1000
382 20 75 150
383 34 152 1000
385 32 145 150
385 144 161 150
385 112 134 150
386 9 140 150
386 10 196 1000
386 11 184 150
386 28 204 150
387 35 330 150
387 29 104 150
387 14 129 150
387 15 125 300
388 306 127 150
388 36 152 150
388 37 158 150
388 389 80 150
389 27 118 150
389 43 173 300
389 11 131 150
389 398 110 150
390 129 179 300
390 34 210 150
390 108 97 150
390 26 163 150
390 29 261 1000
390 31 78 300
391 40 172 150
391 37 248 150
391 39 110 150
392 2 210 150
392 9 134 1000
392 10 167 1000
392 14 106 1000
392 432 143 300
392 21 158 150
392 24 160 150
393 353 148 300
393 38 125 150
393 328 143 150
393 11 221 300
393 12 117 1000
393 488 139 1000
393 25 292 150
393 442 140 1000
393 475 185 150
393 445 288 150
394 34 120 150
394 8 217 150
394 13 179 150
394 462 145 1000
394 17 99 150
394 24 138 1000
396 40 152 1000
396 37 183 150
396 270 136 150
397 33 118 1000
397 35 153 1000
397 14 206 150
397 210 102 150
397 23 222 150
397 25 156 1000
397 29 141 1000
398 10 121 1000
398 11 112 1000
398 37 149 150
401 32 170 150
401 337 229 150
401 19 207 1000
401 17 104 300
404 3 214 150
404 202 81 150
404 35 139 1000
404 492 101 150
404 21 190 1000
405 0 191 1000
405 35 86 150
405 41 217 1000
405 141 139 150
405 279 199 150
405 376 224 300
405 26 130 150
406 0 175 1000
406 7 102 1000
406 8 254 1000
406 522 206 150
406 527 75 1000
406 25 258 150
406 10 86 1000
408 7 107 150
408 39 133 1000
408 13 138 150
408 22 214 300
408 29 93 150
408 31 75 1000
409 32 136 150
409 4 99 150
409 138 220 1000
409 12 128 1000
409 13 73 150
409 22 79 1000
409 383 145 150
411 1 97 1000
411 4 174 1000
411 41 117 1000
411 11 112 300
411 332 184 1000
411 15 209 150
411 24 218 150
412 32 92 1000
412 38 116 150
412 41 123 150
412 43 149 150
412 20 94 150
412 216 91 150
413 256 103 150
413 481 135 150
413 12 103 150
413 13 122 1000
413 14 88 1000
413 17 114 150
413 405 77 1000
413 24 153 1000
413 190 97 150
414 33 95 1000
414 227 114 1000
414 40 114 1000
414 9 80 1000
414 10 169 150
414 12 103 1000
414 15 98 1000
414 240 170 1000
414 28 152 1000
414 445 230 150
414 447 175 150
415 275 139 1000
415 42 99 300
415 26 145 1000
415 37 130 150
416 32 82 150
416 33 205 150
416 6 162 150
416 303 112 1000
416 149 134 1000
416 31 170 150
417 41 88 150
417 26 206 1000
417 294 179 300
417 38 163 1000
418 0 244 150
418 1 209 150
418 34 163 150
418 8 167 1000
418 10 94 150
418 141 197 1000
418 18 83 1000
418 27 100 150
419 417 185 1000
419 34 259 150
419 6 107 1000
419 268 156 300
419 2 211 1000
419 17 83 1000
420 32 239 150
420 17 178 150
420 114 102 150
420 5 195 150
420 199 167 150
421 25 176 150
421 18 113 150
422 1 264 300
422 2 171 150
422 359 225 150
422 175 84 150
422 22 163 1000
422 27 163 1000
423 2 210 1000
423 35 142 150
423 39 114 1000
423 9 176 150
423 12 121 1000
423 18 96 1000
423 21 249 1000
423 24 151 1000
424 18 186 150
424 14 211 150
424 30 93 300
426 34 113 300
426 35 215 1000
426 199 159 150
426 42 156 150
426 463 190 1000
426 21 139 150
426 24 87 1000
426 31 122 300
427 1 126 150
427 35 150 150
427 388 199 150
427 7 160 1000
427 11 110 1000
427 16 227 150
427 248 124 1000
427 18 178 1000
427 24 150 150
427 30 129 300
428 36 101 150
428 37 136 150
428 467 108 150
428 209 235 150
428 339 130 150
428 22 182 150
428 440 125 1000
429 8 135 1000
429 25 168 1000
429 498 126 150
429 275 112 1000
429 12 124 1000
430 8 189 150
430 13 126 150
430 14 172 1000
430 20 341 150
430 22 162 1000
430 30 140 1000
430 127 89 150
432 10 173 150
432 19 243 150
432 398 74 150
433 25 239 1000
433 295 178 1000
433 20 98 1000
433 446 90 150
433 39 238 150
434 8 264 1000
434 41 312 150
434 12 99 1000
434 366 196 1000
434 19 188 150
434 284 114 1000
434 28 157 1000
435 22 274 1000
435 291 165 300
435 14 298 150
435 30 170 1000
436 8 153 150
436 177 112 1000
436 10 134 150
436 12 203 1000
437 16 121 1000
437 33 254 300
437 36 330 150
437 265 150 150
437 32 140 150
438 11 194 300
438 325 216 150
438 30 125 300
438 5 166 150
439 35 189 150
439 4 135 300
439 5 103 150
439 11 104 150
439 332 266 300
439 14 135 150
439 150 120 1000
439 30 166 300
440 32 91 150
440 2 300 150
440 37 166 150
440 12 175 150
440 34 163 1000
440 21 129 1000
441 218 151 150
441 19 244 1000
441 6 163 150
442 0 147 1000
442 32 137 1000
442 43 178 150
442 14 120 150
442 16 212 1000
442 19 119 150
442 22 215 150
442 24 239 1000
442 383 231 150
445 24 94 300
445 43 175 150
445 19 153 150
445 275 189 150
445 39 119 150
446 41 105 150
446 338 162 1000
446 19 94 150
446 501 214 1000
447 32 164 1000
447 41 134 150
447 42 130 1000
447 23 194 1000
447 25 220 1000
447 30 136 150
448 34 135 150
448 43 144 1000
448 28 113 1000
448 189 170 300
449 275 262 300
449 291 167 300
449 27 213 1000
449 21 230 150
449 7 281 1000
451 32 290 150
451 226 238 150
451 9 123 150
451 2 111 150
451 13 128 1000
451 20 154 150
451 41 221 1000
452 7 181 150
452 489 110 150
452 43 229 150
452 22 132 1000
452 23 93 150
452 25 87 1000
452 27 94 300
454 5 156 150
454 462 201 150
454 15 149 1000
454 17 143 150
454 498 93 150
454 19 155 1000
454 174 124 150
454 23 142 1000
454 95 118 1000
456 161 84 150
456 26 134 150
456 31 169 300
457 5 86 150
457 40 133 1000
457 42 277 150
457 11 83 1000
457 173 205 150
457 14 112 150
457 28 101 150
458 35 129 150
458 6 202 150
458 41 192 150
458 428 110 150
458 278 154 150
458 23 218 150
458 27 132 150
460 32 181 150
460 489 154 1000
460 35 152 300
460 4 212 1000
460 5 157 150
461 8 133 1000
461 9 188 150
461 43 121 300
461 15 177 300
461 18 104 1000
461 23 148 150
461 25 124 1000
461 26 120 150
462 9 133 150
462 18 89 150
462 38 86 1000
462 33 109 150
463 25 128 1000
463 20 69 150
463 33 128 150
463 39 236 150
465 27 190 150
465 43 98 150
467 2 105 300
467 43 76 1000
467 36 85 150
467 26 190 150
467 285 179 300
469 32 107 150
469 418 122 1000
469 4 121 150
469 5 119 1000
469 40 179 300
469 9 165 150
469 13 99 1000
469 17 147 150
470 35 184 1000
470 37 88 1000
470 201 146 150
470 17 110 150
470 28 151 150
470 221 113 1000
471 416 159 150
471 16 222 1000
471 447 148 300
471 29 126 300
471 15 154 1000
472 40 136 300
472 19 169 1000
472 29 229 1000
475 8 220 1000
475 5 145 1000
475 6 199 150
475 15 116 150
476 32 203 300
476 2 135 1000
476 4 99 150
476 7 104 150
476 199 161 150
476 18 202 150
476 39 183 150
476 30 158 150
477 32 145 1000
477 1 137 1000
477 12 92 150
477 365 124 300
477 14 173 1000
477 23 280 1000
478 489 271 1000
478 10 141 150
478 4 100 150
478 212 127 150
478 38 98 1000
479 3 146 1000
479 37 221 150
479 39 188 150
479 40 105 1000
479 29 194 300
479 35 174 150
479 21 139 150
479 285 158 150
479 30 141 300
480 16 132 1000
480 386 156 150
480 37 156 150
480 429 234 1000
480 303 188 1000
481 34 172 150
481 12 145 300
481 20 152 300
481 23 120 300
481 24 259 150
481 29 199 300
481 31 76 150
482 19 116 150
482 20 64 1000
482 21 212 150
482 23 127 150
484 181 114 1000
484 23 107 150
485 251 219 150
485 348 178 1000
485 13 100 1000
485 38 119 1000
485 271 159 300
486 10 165 150
486 298 179 150
486 189 129 150
486 30 133 150
486 343 126 150
487 29 179 150
487 6 224 150
488 0 136 150
488 35 74 150
488 325 137 150
488 43 96 1000
488 16 238 1000
488 19 65 1000
488 31 154 150
489 32 223 150
489 10 82 300
489 494 123 1000
489 18 145 150
489 366 240 150
489 251 194 150
490 40 160 300
490 12 126 150
490 36 128 1000
490 29 155 300
491 0 123 150
491 36 164 1000
491 5 159 150
491 15 81 1000
491 16 263 150
491 18 135 300
491 121 154 150
491 284 109 150
492 34 121 1000
492 39 184 1000
492 40 82 1000
492 8 148 150
492 469 141 150
492 25 211 1000
494 4 137 1000
494 262 134 1000
494 332 132 150
494 12 133 150
494 13 163 1000
494 470 204 300
496 0 158 150
496 33 242 300
496 35 160 150
496 297 246 150
496 307 96 150
496 22 106 300
496 26 167 150
498 394 186 150
498 34 171 1000
498 253 167 150
499 264 151 150
499 8 114 1000
499 4 133 150
499 37 150 150
499 445 147 150
500 289 179 1000
500 5 107 150
500 43 175 150
500 15 160 1000
500 25 110 1000
500 29 133 1000
500 31 75 150
501 136 103 150
501 8 152 1000
501 26 138 1000
501 6 120 150
507 0 108 150
507 22 125 300
507 31 241 150
508 33 256 1000
508 4 160 1000
508 275 225 1000
508 404 116 150
508 181 92 150
508 88 200 150
508 20 243 1000
509 261 133 1000
509 38 84 1000
509 11 174 150
509 19 300 150
509 24 120 1000
509 5 165 1000
510 0 219 150
510 41 115 1000
510 3 257 150
510 28 139 150
511 0 146 150
511 2 124 1000
511 5 240 1000
513 1 129 150
513 388 140 1000
513 5 215 1000
513 40 245 150
513 209 88 150
513 351 147 1000
514 9 175 1000
514 234 197 1000
514 37 122 300
514 22 162 150
514 31 207 150
515 33 130 150
515 34 232 1000
515 10 271 150
515 14 185 300
515 7 279 300
516 0 166 1000
516 35 155 150
516 324 143 150
516 10 251 1000
516 29 80 150
516 17 86 150
516 344 159 1000
516 42 111 1000
517 37 83 150
517 8 123 150
517 12 211 150
517 18 183 150
517 23 281 1000
517 28 185 1000
518 2 181 1000
518 164 203 1000
519 288 152 150
519 35 173 150
519 14 147 150
519 23 136 150
520 29 136 150
521 99 231 1000
521 36 86 150
521 40 123 150
521 9 164 300
521 43 130 150
521 8 124 1000
521 434 171 1000
521 31 125 1000
521 351 126 150
522 40 98 1000
522 17 93 1000
522 42 107 1000
522 451 93 1000
522 4 226 150
523 32 116 150
523 0 152 1000
523 348 126 1000
523 20 170 150
523 223 101 150
525 33 161 150
525 34 78 1000
525 7 266 1000
525 12 142 1000
525 428 172 1000
525 16 183 150
525 145 127 1000
525 29 116 300
525 31 95 150
527 43 76 150
527 11 146 300
527 204 123 150
527 230 118 150
527 430 80 300
