512 33 119 1000
512 4 112 1000
512 5 193 150
512 456 123 1000
512 41 125 1000
512 401 97 150
512 28 109 150
512 29 196 150
513 33 117 1000
513 34 162 300
513 518 97 1000
513 296 122 300
513 41 118 300
513 107 121 150
513 213 227 150
513 24 90 1000
513 29 113 1000
514 34 118 150
514 3 83 1000
514 39 103 1000
514 41 125 150
514 42 148 1000
514 395 103 1000
514 15 200 1000
514 407 233 150
515 2 117 1000
515 15 180 150
515 29 127 1000
515 493 110 150
515 39 124 150
516 1 94 150
516 163 126 150
516 38 114 150
516 7 145 1000
516 8 148 150
516 12 133 150
516 21 216 1000
516 23 131 150
516 27 175 300
516 252 218 1000
517 32 128 1000
517 43 91 1000
517 37 112 150
517 11 204 150
517 15 141 150
517 19 222 150
517 22 128 300
517 509 96 150
518 34 201 150
518 39 112 1000
518 2 142 150
518 13 109 150
518 7 111 1000
518 478 172 1000
519 33 130 150
519 6 126 1000
519 231 188 1000
519 392 147 1000
519 29 189 150
519 30 126 1000
520 0 117 1000
520 483 140 150
520 6 91 1000
520 16 124 1000
520 178 130 1000
520 29 147 1000
521 388 132 150
521 27 84 150
521 36 136 1000
521 22 96 1000
522 1 117 150
522 5 235 300
522 30 124 150
524 0 115 1000
524 8 105 150
524 10 143 300
524 22 103 150
524 25 232 1000
524 253 102 300
525 5 96 1000
525 456 124 1000
525 43 149 1000
525 14 155 1000
525 17 119 1000
525 504 193 150
525 152 220 150
526 97 96 150
526 386 116 1000
526 3 154 1000
526 38 115 150
526 11 139 1000
526 17 100 150
526 35 208 150
526 437 120 150
526 251 125 150
526 27 108 300
526 156 128 1000
88 196 121 1000
88 426 98 1000
88 43 158 1000
88 21 169 1000
88 282 134 1000
88 28 105 1000
91 33 136 150
91 97 97 1000
91 40 123 1000
91 41 110 150
91 10 112 1000
91 20 129 150
91 120 135 1000
92 33 120 150
92 34 116 150
92 35 114 1000
92 198 190 150
92 1 116 1000
92 280 195 150
92 29 110 1000
93 35 159 150
93 38 120 150
93 12 123 150
93 14 211 150
93 15 108 150
93 25 123 150
93 187 199 300
93 30 229 1000
96 280 107 150
96 8 119 1000
96 102 100 150
97 9 178 300
97 36 118 150
97 453 119 150
100 33 205 1000
100 2 126 150
100 20 104 150
102 32 188 1000
102 5 146 150
102 6 79 150
102 10 152 300
102 23 124 300
102 28 90 150
102 31 199 150
103 515 175 150
103 37 136 300
103 6 197 300
103 39 112 150
103 444 186 1000
103 497 123 1000
103 27 128 150
103 28 136 1000
104 92 113 150
104 30 165 1000
105 488 194 150
105 33 140 1000
105 34 110 1000
105 3 99 150
105 308 141 150
106 5 113 300
106 8 129 150
106 10 107 150
106 40 121 300
106 179 198 1000
106 23 107 150
107 35 94 1000
107 15 165 150
108 36 120 1000
108 491 179 150
108 12 114 1000
108 5 122 150
110 0 114 1000
110 1 110 1000
110 4 85 150
110 453 142 150
110 6 124 1000
110 39 142 300
110 10 142 1000
110 143 110 150
110 209 127 1000
110 21 91 1000
110 23 208 1000
110 29 217 1000
110 30 133 150
111 18 119 150
111 483 125 1000
111 454 121 1000
111 279 223 1000
112 11 129 150
112 1 137 1000
112 35 209 300
112 28 203 150
112 38 141 150
113 225 136 1000
113 171 102 1000
113 10 169 150
113 11 112 1000
113 15 148 1000
113 180 194 1000
113 28 120 150
113 30 135 1000
114 0 140 300
114 24 157 150
114 458 183 150
114 26 98 150
116 32 102 1000
116 272 123 150
116 3 143 150
116 7 120 150
116 400 145 150
116 19 119 150
116 436 154 1000
116 27 123 300
116 30 130 1000
117 168 120 1000
117 10 118 300
118 3 106 1000
118 168 243 150
118 14 188 1000
118 15 136 150
118 16 113 150
118 150 125 150
118 29 118 150
118 30 217 150
119 18 137 150
119 404 149 150
119 170 195 300
119 38 130 150
120 23 128 150
120 19 142 1000
120 14 191 1000
120 7 94 150
121 513 111 1000
121 35 125 1000
121 234 108 1000
121 14 122 1000
121 497 152 150
121 19 126 1000
121 149 140 1000
121 217 151 300
121 31 115 150
122 1 176 150
122 19 186 300
122 484 122 150
124 322 161 1000
124 3 132 150
124 42 140 300
124 13 112 150
124 18 153 150
124 22 138 300
124 25 109 150
124 27 122 1000
124 10 105 300
125 32 150 150
125 38 215 1000
125 7 225 150
125 8 138 1000
125 9 116 1000
125 10 133 150
125 40 118 300
125 22 154 1000
126 17 113 1000
126 292 115 1000
126 5 150 150
126 7 142 1000
127 194 228 150
127 9 147 1000
127 10 113 150
127 19 108 1000
127 28 116 150
127 29 193 150
128 34 184 150
128 35 128 1000
128 40 128 150
128 9 130 1000
128 42 147 1000
128 18 208 150
128 25 113 1000
130 40 126 150
130 15 118 150
130 19 183 150
130 20 101 150
130 149 195 1000
130 25 113 1000
130 26 169 150
130 251 117 1000
130 31 131 1000
131 33 144 1000
131 2 97 150
131 36 133 150
131 7 105 150
131 43 106 1000
131 19 153 150
131 26 220 300
131 156 102 150
132 41 115 300
132 267 195 150
132 20 106 150
135 25 182 150
135 2 120 150
135 12 116 300
135 6 114 1000
137 4 122 1000
137 40 106 1000
137 41 102 300
137 267 112 150
137 16 104 150
137 24 113 300
139 33 129 150
139 38 122 1000
139 296 109 300
139 394 129 150
139 14 133 150
139 22 102 150
139 349 119 1000
140 4 168 1000
140 38 115 1000
140 40 113 300
140 42 116 150
140 13 138 1000
140 16 175 1000
140 17 109 1000
140 19 92 150
140 36 128 300
140 477 192 150
141 282 188 1000
141 12 214 1000
143 0 147 150
143 33 125 1000
143 3 127 1000
143 292 122 300
143 7 138 150
143 137 137 300
143 14 128 150
143 29 78 150
144 1 122 150
144 163 106 1000
144 4 115 150
144 39 90 150
144 43 128 150
144 346 132 1000
147 43 112 150
147 364 225 1000
147 389 159 300
147 31 143 1000
148 33 123 1000
148 39 124 150
148 12 193 150
148 14 110 1000
148 21 212 150
148 25 123 150
148 249 190 1000
149 40 112 150
149 29 129 1000
149 14 182 150
150 0 102 1000
150 39 101 150
150 8 119 150
150 9 178 150
150 463 124 1000
150 209 129 150
150 41 83 1000
150 25 109 150
150 477 100 150
150 31 116 150
152 421 124 1000
152 39 113 1000
152 42 116 1000
152 16 131 150
152 18 124 150
152 23 129 1000
152 251 115 150
156 160 120 150
156 4 105 1000
156 38 121 150
156 41 169 1000
156 19 126 150
156 23 212 150
156 122 176 150
156 29 107 150
157 9 130 150
157 26 178 150
157 5 126 150
157 38 135 150
157 111 130 150
158 37 127 150
158 426 118 150
158 13 108 150
158 525 216 300
158 19 136 300
158 20 131 150
158 22 127 1000
158 28 131 150
158 445 124 1000
160 30 136 300
160 6 207 150
162 1 207 150
162 2 118 150
162 457 129 300
162 19 102 150
162 21 154 300
162 27 113 150
163 34 197 1000
163 5 133 1000
163 368 92 1000
163 22 226 150
163 29 92 150
163 158 129 150
165 17 215 1000
165 27 134 1000
165 524 138 150
165 382 144 150
165 478 126 150
167 35 120 150
167 41 123 150
167 43 87 300
167 398 191 150
167 17 115 150
167 29 179 150
168 20 152 1000
168 2 112 1000
168 323 119 1000
168 100 110 1000
169 514 109 150
169 292 204 1000
169 38 109 1000
169 42 119 1000
169 34 112 150
169 15 131 150
169 20 192 150
169 23 139 300
169 27 126 1000
169 415 129 1000
170 1 122 300
170 39 190 1000
170 43 195 300
170 364 144 150
170 117 155 150
170 27 139 150
171 28 129 1000
172 0 147 1000
172 4 108 150
172 39 112 150
172 8 131 1000
172 17 156 150
172 276 120 1000
172 22 163 150
172 28 135 150
173 0 144 1000
173 353 209 150
173 42 112 150
173 13 129 1000
173 15 141 150
173 17 123 150
173 20 197 1000
173 406 119 1000
175 1 116 1000
175 43 143 1000
175 5 112 150
175 39 130 1000
175 8 119 300
175 11 114 1000
175 12 203 1000
175 22 128 1000
175 30 127 150
176 16 201 150
176 18 204 150
177 0 208 1000
177 4 136 150
177 14 107 1000
177 17 116 300
177 19 153 300
177 214 158 150
177 25 116 150
177 349 120 150
178 388 128 1000
178 457 104 150
178 15 121 1000
178 17 128 150
178 119 117 1000
178 26 109 150
178 348 93 300
179 34 97 1000
179 493 115 1000
179 42 109 1000
179 29 96 300
180 390 146 300
180 8 121 1000
180 13 127 150
180 211 113 150
180 469 206 150
180 25 135 150
180 21 181 150
180 31 132 300
181 291 134 150
182 42 122 150
182 186 140 150
182 18 145 1000
182 13 124 150
183 100 101 1000
183 514 127 150
183 28 108 150
183 9 204 1000
184 8 103 150
184 34 88 1000
184 19 123 150
184 28 143 1000
185 0 81 1000
185 34 182 150
185 42 118 300
185 15 192 1000
185 26 134 1000
185 413 173 150
186 32 119 300
186 43 100 150
186 36 118 1000
186 6 124 1000
186 200 106 1000
186 10 128 150
186 11 112 150
186 12 117 150
186 141 131 1000
186 40 115 1000
186 18 124 150
186 500 114 150
186 30 213 150
186 246 133 150
186 414 182 1000
187 4 120 1000
187 363 104 150
187 526 126 150
187 401 124 1000
187 18 146 150
187 25 129 1000
188 8 139 150
188 25 110 300
188 298 96 150
188 31 144 1000
191 476 121 1000
191 468 118 1000
192 38 122 300
192 39 106 1000
192 9 122 1000
192 20 77 150
192 24 137 1000
192 441 110 1000
192 27 141 1000
192 124 138 150
193 34 173 1000
193 6 121 150
193 10 128 150
193 19 112 1000
193 27 133 1000
193 30 126 150
193 31 120 150
194 457 197 150
194 243 130 1000
195 33 108 150
195 35 100 150
195 198 125 150
195 7 135 1000
195 39 199 150
195 300 196 1000
195 43 214 150
195 19 194 1000
196 8 122 1000
196 5 100 150
196 21 214 1000
196 221 134 150
198 387 127 1000
198 4 127 300
198 37 111 300
198 9 102 1000
198 17 175 150
198 21 120 150
198 23 205 1000
200 16 115 1000
200 25 146 1000
200 42 127 1000
200 218 91 1000
200 15 117 1000
201 0 109 150
201 35 213 150
201 38 222 150
201 107 114 300
201 11 127 150
201 3 135 1000
201 186 171 1000
201 28 147 300
202 24 145 150
202 3 139 1000
202 29 92 150
203 192 120 1000
203 137 145 150
203 485 110 150
203 38 144 300
203 24 166 1000
204 8 126 150
204 43 196 1000
204 13 107 150
204 319 136 1000
204 27 105 1000
204 31 122 1000
205 392 124 150
205 10 106 1000
205 13 137 150
205 14 111 150
205 19 127 150
205 21 112 1000
205 26 139 1000
205 28 131 150
207 11 108 150
207 27 116 1000
207 29 102 150
208 1 220 1000
208 34 131 1000
208 515 137 1000
208 37 114 150
208 490 134 1000
208 15 114 1000
208 17 111 150
208 3 152 150
208 20 145 1000
208 28 98 300
209 39 241 150
209 104 212 1000
209 140 147 1000
209 15 154 150
209 441 157 150
209 26 145 150
209 27 130 1000
210 2 122 150
210 39 113 150
210 8 164 1000
210 41 131 150
210 13 143 300
210 15 201 1000
210 16 128 1000
210 19 159 1000
210 28 215 150
210 414 216 1000
211 33 170 300
211 39 184 150
211 7 141 150
211 20 132 150
211 22 120 150
211 29 88 150
211 30 112 150
212 8 121 150
212 26 138 1000
212 11 148 1000
212 116 167 150
212 22 146 300
213 32 146 1000
213 453 88 150
213 40 108 150
213 456 138 150
213 22 141 150
213 23 147 150
213 280 155 1000
214 305 138 150
214 26 140 300
214 338 117 1000
214 10 149 150
216 8 194 150
216 1 149 150
216 10 135 150
216 28 133 150
216 181 205 1000
217 35 125 1000
217 7 224 1000
217 457 131 150
217 171 143 150
217 16 111 150
217 21 125 150
217 23 138 150
217 24 130 150
217 25 139 150
217 442 141 1000
217 31 119 150
218 33 136 1000
218 41 197 150
218 42 134 1000
218 13 125 1000
218 21 148 150
218 117 128 150
219 25 126 150
219 2 194 300
219 12 206 1000
219 137 121 1000
220 8 153 150
220 41 135 150
220 16 204 300
220 17 122 300
220 20 139 150
220 341 125 300
220 27 135 1000
221 16 183 150
221 33 199 150
221 210 198 1000
221 345 121 150
221 25 110 1000
225 0 197 1000
225 481 212 1000
225 35 231 1000
225 1 126 150
225 6 140 150
225 193 214 150
225 8 137 150
225 10 104 150
225 13 141 150
225 14 147 150
225 17 154 1000
226 192 146 150
226 35 134 300
226 266 189 150
226 301 135 150
226 408 125 1000
226 184 121 150
226 27 128 150
230 1 126 150
230 18 153 1000
230 2 202 1000
230 6 107 1000
230 23 129 150
231 35 193 1000
231 9 114 1000
231 203 152 1000
231 114 115 150
231 18 141 1000
231 20 125 150
232 33 133 1000
232 37 106 150
232 38 220 1000
232 15 146 150
232 20 148 150
232 182 130 1000
233 408 137 150
233 32 204 150
233 10 217 300
233 28 129 1000
233 13 115 1000
234 40 194 1000
234 33 189 150
234 13 103 1000
234 287 141 1000
235 376 126 1000
235 394 202 150
235 26 131 150
236 43 114 150
236 9 176 150
236 11 125 1000
236 467 120 150
236 20 185 150
236 22 103 150
237 16 109 1000
237 345 153 1000
237 26 118 150
239 11 211 150
239 39 210 1000
239 26 107 1000
239 19 133 1000
239 511 130 1000
241 34 136 1000
241 14 136 150
241 322 229 150
241 30 144 150
241 39 114 150
242 1 108 150
242 4 125 150
242 33 150 1000
242 43 190 150
242 239 132 300
242 27 144 150
242 28 122 1000
243 36 119 1000
243 42 121 1000
243 428 116 300
243 254 186 1000
243 207 131 150
244 1 117 1000
244 3 114 1000
244 12 268 150
244 10 130 300
244 235 129 1000
244 300 120 300
244 173 210 150
244 16 116 150
244 27 129 1000
246 10 218 150
246 322 189 150
246 7 121 150
246 21 151 1000
246 23 138 1000
247 8 127 300
247 10 154 300
247 12 136 300
247 20 124 150
247 377 121 1000
247 27 138 1000
249 0 182 150
249 41 111 1000
249 29 167 1000
249 38 122 1000
249 391 148 150
251 299 216 150
251 36 148 1000
251 9 120 150
251 10 131 150
251 43 166 150
251 16 131 150
251 511 140 1000
252 450 140 1000
252 36 111 1000
252 38 93 1000
252 41 121 150
252 42 116 150
252 11 116 150
252 14 129 150
252 22 99 150
252 152 155 1000
253 40 116 1000
253 388 140 1000
253 29 195 1000
253 6 112 300
253 31 149 1000
254 27 132 150
254 42 139 150
254 19 133 1000
254 246 104 1000
255 43 144 300
255 434 107 150
255 27 115 150
255 484 128 150
256 19 144 1000
256 23 106 1000
256 39 107 1000
257 0 196 150
257 4 131 150
257 422 121 150
257 41 108 1000
257 463 156 150
257 21 133 150
257 9 182 1000
259 418 90 1000
259 3 145 1000
259 140 144 1000
259 15 120 1000
259 504 107 1000
259 29 105 150
260 40 132 150
260 9 119 150
260 42 97 1000
260 3 128 1000
260 117 96 150
261 465 125 1000
261 15 187 1000
261 501 193 1000
261 13 125 1000
263 39 177 1000
263 41 138 150
263 10 117 300
263 11 127 1000
263 18 115 150
263 20 227 150
263 439 126 1000
263 316 104 1000
263 191 184 150
265 33 129 1000
265 2 107 150
265 11 120 1000
265 5 109 1000
265 7 97 150
265 299 123 150
265 15 136 1000
265 18 129 150
265 35 101 1000
265 441 149 150
265 29 96 1000
266 0 173 150
266 4 169 150
266 10 183 300
266 15 147 150
266 16 117 1000
266 266 137 1000
267 24 125 150
267 32 132 1000
267 403 229 150
267 20 125 150
268 9 111 150
268 11 134 150
268 15 128 150
268 16 141 150
268 219 130 150
268 29 124 150
268 30 137 1000
270 35 99 1000
270 14 108 300
270 16 142 150
270 275 177 300
270 21 114 150
270 26 122 150
270 28 187 1000
271 16 137 150
271 9 99 150
271 18 218 1000
271 4 142 150
272 355 211 1000
272 36 138 150
272 11 133 150
272 237 126 150
272 274 136 150
272 3 154 1000
272 23 215 150
273 316 201 300
273 34 133 1000
273 20 129 300
273 37 219 150
273 13 123 1000
274 421 116 1000
274 6 154 300
274 10 106 1000
274 43 109 300
274 120 145 150
274 38 126 150
275 1 151 150
275 34 109 150
275 6 126 150
275 10 149 150
275 364 140 150
275 13 243 150
275 26 141 150
276 2 241 1000
276 196 107 1000
276 37 122 1000
276 6 106 1000
276 11 131 150
276 13 141 1000
276 340 133 300
277 34 137 150
277 8 170 150
277 42 149 150
277 110 123 1000
277 16 112 150
277 24 140 1000
277 283 138 1000
277 10 138 1000
278 10 106 150
278 107 110 1000
278 12 124 150
278 14 110 1000
278 400 207 300
278 21 136 150
278 22 126 1000
278 25 184 150
278 426 126 150
279 3 164 150
279 39 146 150
279 13 93 1000
279 20 111 1000
279 21 97 150
279 476 110 1000
279 31 160 1000
280 8 216 1000
280 34 218 1000
280 11 145 1000
280 30 133 1000
281 14 102 150
281 19 139 1000
281 20 123 1000
281 21 124 300
281 30 185 1000
281 31 122 150
282 32 118 150
282 343 111 1000
282 38 115 150
282 7 127 150
282 39 144 150
282 13 115 150
282 23 193 150
282 30 187 150
283 17 144 1000
283 10 129 150
283 27 115 1000
283 9 112 300
283 33 127 150
285 8 204 1000
285 9 130 150
285 10 180 150
285 16 200 150
285 21 129 1000
285 28 129 150
286 34 114 150
286 39 131 150
286 19 113 1000
286 149 119 150
286 221 195 150
286 30 125 1000
286 31 198 150
287 8 115 150
287 203 141 1000
288 1 103 1000
288 11 131 1000
288 4 172 1000
288 125 129 150
288 29 129 150
289 18 125 150
289 221 128 150
289 127 127 150
290 0 112 300
290 470 112 1000
290 39 117 150
290 29 205 150
290 15 124 300
290 401 105 1000
290 18 172 150
290 22 125 1000
290 218 99 150
290 31 194 150
290 381 128 150
290 382 199 1000
290 351 106 1000
291 289 138 300
291 2 194 150
291 35 133 150
291 36 110 150
291 38 114 300
291 42 111 1000
291 34 169 150
291 334 114 150
291 18 202 300
291 14 151 300
291 24 118 150
291 4 119 1000
292 0 185 1000
292 36 113 150
292 300 116 150
292 14 118 1000
292 24 174 1000
292 25 178 1000
292 26 98 150
292 4 122 1000
293 0 106 150
293 17 142 300
293 18 131 1000
293 25 118 300
293 1 186 150
294 36 103 1000
294 5 104 150
294 6 174 150
294 457 105 150
294 408 184 1000
294 28 129 150
294 37 124 150
295 37 137 1000
295 7 129 1000
295 12 159 1000
295 18 220 1000
295 22 121 150
295 31 123 150
296 19 208 1000
296 33 115 1000
296 43 118 1000
296 31 111 1000
297 427 116 150
297 37 105 150
297 21 190 300
298 0 107 1000
298 35 143 150
298 299 105 1000
298 337 122 300
298 3 174 1000
298 28 112 150
299 24 213 150
299 2 122 1000
300 37 100 150
300 38 113 300
300 391 119 1000
300 40 132 1000
300 13 105 1000
300 424 130 150
301 33 123 150
301 4 138 150
301 1 181 1000
301 365 118 150
301 24 124 150
301 506 107 150
301 30 121 150
303 36 102 1000
303 230 130 150
303 43 109 1000
303 209 149 150
303 19 191 1000
303 20 119 150
303 31 125 1000
305 35 102 150
305 4 111 1000
305 8 124 1000
305 43 109 150
305 12 111 1000
305 15 189 150
305 139 151 1000
305 31 112 1000
307 34 100 1000
307 15 198 150
308 0 108 150
308 32 125 1000
308 451 106 1000
308 37 204 150
308 11 116 150
308 15 199 1000
308 17 191 150
308 338 81 1000
310 520 114 1000
310 32 127 300
310 363 114 1000
310 0 99 300
310 17 109 1000
312 32 118 150
312 0 110 150
312 6 144 1000
312 363 119 1000
312 16 188 1000
312 19 99 1000
312 26 111 150
313 517 103 1000
313 23 130 150
316 24 216 150
316 29 177 150
316 38 117 150
316 167 107 1000
317 2 160 150
317 35 147 1000
317 37 109 1000
317 6 130 150
317 41 170 300
317 524 146 150
317 13 103 150
317 113 128 150
317 342 107 150
319 24 161 1000
319 32 174 1000
319 26 104 150
320 307 109 150
320 14 116 150
321 233 138 150
321 34 201 150
321 35 182 150
321 42 118 150
322 16 208 1000
322 201 147 150
322 4 123 150
322 22 111 1000
322 6 193 150
323 180 124 1000
323 2 148 300
323 451 122 150
323 28 123 1000
323 12 201 150
327 235 119 1000
327 6 127 150
329 37 134 150
329 40 224 150
329 266 151 150
329 43 200 150
329 464 145 1000
329 382 124 150
330 2 120 150
330 102 99 150
330 41 136 1000
330 17 156 1000
330 466 137 150
330 25 200 150
330 251 130 150
330 31 126 300
332 35 114 1000
332 305 152 1000
332 18 248 150
332 20 125 300
332 24 122 1000
332 31 105 1000
333 0 178 150
333 41 169 1000
333 35 131 150
333 24 155 300
333 217 136 150
334 3 199 300
334 32 184 150
334 11 215 1000
334 43 131 300
334 12 133 150
334 19 220 1000
337 0 196 1000
337 35 124 1000
337 37 149 1000
337 39 160 1000
337 11 139 150
337 14 156 1000
337 465 130 150
338 0 172 1000
338 34 124 1000
338 452 200 1000
338 7 92 150
338 137 111 150
338 18 118 150
338 191 93 300
339 4 106 300
339 6 130 1000
339 8 127 300
339 10 118 150
339 43 171 150
339 15 231 1000
339 18 209 300
339 22 140 150
340 32 177 150
340 27 114 150
341 19 137 150
341 37 217 1000
341 6 197 300
341 7 123 300
341 18 118 1000
341 147 105 150
341 23 135 150
341 29 103 150
342 8 134 300
342 11 209 150
342 317 98 150
342 14 217 150
343 205 122 1000
343 37 142 150
343 6 176 1000
343 127 121 1000
344 19 195 150
344 286 134 1000
345 3 123 1000
345 260 114 1000
345 263 113 150
345 40 140 300
345 394 173 1000
345 13 105 150
345 382 179 150
345 31 210 150
346 32 159 1000
346 1 99 150
346 423 194 150
346 7 113 1000
346 12 128 1000
346 13 169 150
346 370 134 150
346 29 137 1000
347 33 113 1000
347 42 129 1000
347 11 134 150
347 19 140 1000
347 20 112 150
347 22 125 150
348 0 95 1000
348 2 145 1000
348 20 125 1000
348 391 130 1000
349 1 120 150
349 165 125 150
349 28 127 150
349 13 137 150
349 316 122 150
349 476 183 1000
350 257 117 150
350 12 128 150
350 15 213 1000
350 24 120 150
350 88 112 1000
350 27 116 150
351 18 157 150
351 34 111 150
351 19 124 150
351 93 122 150
351 39 124 150
353 8 141 1000
353 20 133 150
353 21 129 150
353 7 193 150
354 9 129 150
354 217 135 150
354 29 125 150
354 23 114 1000
355 496 114 1000
355 21 111 150
355 30 214 150
355 517 102 300
356 280 161 150
356 32 132 150
356 42 117 1000
356 12 241 150
356 5 103 300
357 36 112 150
357 2 97 150
357 4 105 150
357 22 115 1000
357 14 101 150
358 38 91 1000
358 11 193 150
358 12 142 1000
358 239 115 150
358 472 142 1000
358 27 108 150
358 28 93 150
358 381 141 150
361 10 202 150
361 219 126 1000
361 28 143 150
361 30 184 1000
363 7 114 1000
363 270 127 1000
363 18 182 150
363 211 102 150
363 280 159 300
363 27 130 150
364 33 132 300
364 5 96 150
364 38 131 1000
364 41 98 150
364 20 146 150
364 9 184 1000
364 24 103 150
364 31 183 1000
365 35 123 1000
365 39 106 150
365 40 134 150
365 16 152 1000
365 27 117 1000
365 30 125 150
367 32 123 300
367 7 109 300
367 348 114 150
367 21 135 1000
367 5 123 1000
368 273 141 1000
368 35 127 150
368 30 193 1000
368 6 80 150
368 41 94 150
370 33 188 1000
370 149 116 150
370 37 200 150
371 41 225 1000
371 2 120 150
371 6 177 1000
376 191 128 150
376 36 183 1000
376 243 115 300
376 15 105 1000
377 8 168 150
377 11 124 1000
377 16 175 150
377 338 210 1000
377 147 158 150
377 25 129 150
377 30 127 1000
378 0 132 150
378 520 125 300
378 201 145 150
378 11 134 1000
378 12 132 150
378 26 100 150
379 332 136 1000
379 38 81 150
380 0 193 150
380 18 184 1000
380 10 120 300
380 26 120 150
380 15 130 1000
381 3 113 1000
381 37 110 150
381 40 111 150
381 15 159 1000
381 16 104 150
381 35 99 1000
381 21 124 150
381 24 120 150
381 26 91 1000
381 29 108 1000
382 40 131 1000
382 20 96 150
382 299 135 1000
382 348 108 150
382 7 96 150
384 32 113 300
384 33 124 150
384 3 116 1000
384 478 98 150
384 40 91 150
385 40 130 150
385 188 144 150
385 43 122 1000
385 20 129 1000
385 6 125 1000
386 16 177 150
386 201 149 150
386 428 120 1000
387 24 192 1000
387 20 95 150
387 13 128 1000
387 398 192 150
387 15 209 150
388 42 144 150
388 35 183 1000
388 28 152 150
388 6 129 1000
389 33 162 150
389 428 119 300
389 18 155 150
389 279 127 150
389 29 125 1000
389 30 193 1000
390 268 198 150
390 39 142 150
390 12 198 1000
390 36 134 1000
390 15 136 150
391 24 110 150
391 11 94 150
391 3 145 150
391 21 202 1000
391 19 196 150
392 0 110 150
392 3 152 1000
392 316 123 150
393 1 129 1000
393 412 136 150
393 38 131 300
394 41 200 150
394 26 217 150
394 42 143 150
394 38 111 300
395 17 146 150
395 347 124 150
395 37 127 150
395 167 221 1000
398 32 138 150
398 193 158 150
398 13 175 150
398 29 152 150
398 350 120 300
398 31 153 1000
400 0 120 1000
400 194 146 300
400 35 201 1000
400 38 129 150
400 265 139 150
400 522 190 1000
400 119 211 1000
400 440 147 1000
401 6 183 150
401 10 105 150
401 203 142 150
401 140 117 1000
401 16 146 150
401 18 135 150
402 32 113 150
402 457 109 1000
402 4 142 150
402 37 135 150
402 14 204 150
403 36 128 150
403 10 147 1000
403 276 129 1000
403 21 135 150
403 28 125 150
403 149 137 1000
404 92 198 1000
404 28 122 150
404 37 115 150
404 23 149 1000
405 4 118 1000
405 168 155 1000
405 452 179 1000
405 19 129 1000
405 22 120 150
405 25 147 150
405 476 211 1000
406 32 136 150
406 33 117 300
406 261 125 150
406 38 133 150
406 14 101 150
406 16 142 150
406 29 223 150
407 167 136 1000
407 293 122 150
407 31 143 150
408 9 133 150
408 12 132 150
408 18 127 150
408 25 111 1000
408 27 147 1000
408 30 138 1000
409 36 111 1000
409 14 132 150
412 34 129 150
412 5 107 150
412 427 136 150
412 13 155 1000
412 239 223 150
412 18 136 150
412 501 124 1000
412 23 131 150
413 41 98 150
414 24 173 150
414 40 142 150
414 194 224 150
414 384 111 1000
415 11 126 150
415 27 216 1000
416 0 136 150
416 11 229 1000
416 12 233 1000
416 15 197 1000
416 20 179 1000
416 187 103 1000
417 8 134 150
417 41 116 150
417 11 132 1000
417 37 164 150
418 256 125 150
418 12 114 150
418 253 126 150
419 34 136 150
419 303 150 1000
419 343 163 150
421 32 141 150
421 514 129 150
421 5 134 150
421 8 123 1000
421 12 108 150
421 268 115 150
421 418 112 150
421 241 113 150
421 338 123 150
421 19 199 1000
421 127 136 1000
422 8 112 150
422 42 92 150
422 127 128 150
423 1 137 300
423 27 134 1000
423 300 137 150
423 9 180 150
424 3 97 1000
424 292 132 1000
424 37 119 150
424 39 108 1000
424 9 124 1000
424 12 141 150
424 365 111 1000
424 20 133 150
424 25 114 1000
425 0 117 150
425 97 93 150
425 2 148 150
425 5 114 1000
425 41 144 1000
425 16 168 300
425 23 228 1000
425 28 125 1000
426 132 130 300
426 37 195 1000
426 8 148 150
426 137 100 1000
426 40 152 300
426 22 146 150
427 18 147 300
427 196 210 150
427 34 136 1000
427 231 115 150
428 34 95 150
428 35 129 1000
428 39 127 1000
428 8 138 1000
428 18 195 1000
428 22 97 150
428 125 104 1000
428 351 162 1000
431 3 202 1000
431 361 126 1000
431 42 179 1000
431 13 175 300
431 15 132 1000
431 468 123 150
431 21 126 150
431 22 116 300
433 41 88 150
433 18 155 300
433 428 212 150
434 17 131 150
434 10 216 150
434 35 142 150
434 139 204 150
434 31 135 1000
436 104 148 150
436 296 136 1000
436 338 106 1000
436 42 175 150
436 247 92 150
437 32 141 1000
437 33 96 150
437 10 116 150
437 29 102 1000
437 15 126 150
438 33 126 1000
438 42 142 150
438 13 88 150
438 198 140 1000
438 39 137 150
439 36 117 150
439 13 112 150
439 273 215 150
439 19 117 150
439 23 195 150
439 26 122 150
439 29 121 150
440 425 113 1000
440 42 108 1000
440 28 81 1000
440 33 202 1000
441 27 106 150
441 37 90 1000
441 11 154 150
441 21 202 150
441 29 133 150
442 0 126 1000
442 10 124 1000
442 380 145 1000
442 458 118 1000
442 39 98 150
444 26 126 1000
444 36 102 150
444 22 112 1000
445 32 133 1000
445 33 115 300
445 6 94 1000
445 22 97 150
445 184 134 150
445 27 134 1000
445 29 105 150
447 41 116 150
447 18 110 150
447 9 109 150
447 20 123 1000
447 31 118 150
448 35 78 1000
448 36 108 150
448 10 127 150
448 15 106 1000
448 406 121 150
448 30 125 150
449 104 132 1000
449 408 128 150
449 332 134 300
449 182 188 150
449 231 117 1000
450 128 127 1000
450 35 116 150
450 4 141 1000
450 37 124 150
450 38 86 150
450 7 194 1000
450 12 118 150
450 23 174 150
450 27 117 1000
450 29 84 1000
451 33 103 1000
451 30 137 300
452 0 123 1000
452 36 96 1000
452 9 118 150
452 11 116 1000
452 365 78 150
452 18 155 150
452 404 121 1000
452 24 109 150
452 26 100 150
452 29 183 1000
453 16 139 150
453 226 191 1000
453 11 108 1000
453 158 124 150
453 175 151 1000
454 0 117 300
454 18 224 150
454 39 98 1000
454 37 189 1000
454 13 135 150
456 32 190 1000
456 100 199 1000
456 9 131 150
456 10 105 150
456 495 136 150
456 22 87 300
456 31 105 1000
457 18 114 150
457 11 127 150
457 36 114 150
457 519 106 150
458 40 127 150
458 35 119 150
458 6 96 150
459 20 124 1000
459 18 159 1000
459 180 117 1000
459 391 127 150
460 16 99 150
460 1 121 150
460 10 127 1000
460 6 191 1000
460 39 122 150
462 386 215 150
462 3 174 1000
462 28 124 1000
462 14 103 150
463 7 133 150
463 10 125 1000
463 401 120 1000
463 23 123 150
463 252 123 300
463 29 185 150
463 478 158 150
464 8 115 150
464 4 91 1000
464 102 136 150
464 15 126 1000
465 33 127 300
465 30 122 150
465 1 116 150
466 0 96 150
466 33 119 150
466 35 120 150
466 8 184 150
466 522 193 150
466 11 179 150
466 12 110 1000
466 14 178 150
466 400 210 300
466 29 123 150
467 1 104 300
467 8 108 300
467 13 129 1000
467 40 109 300
467 18 139 1000
467 28 197 150
467 30 113 1000
468 417 134 150
468 451 89 300
468 36 122 150
468 42 176 300
468 24 121 300
468 414 109 150
469 32 154 1000
469 465 108 300
469 18 206 150
470 0 164 150
470 33 126 150
470 196 135 150
470 38 105 150
470 1 107 150
470 10 204 1000
470 7 190 150
470 320 97 150
472 16 170 1000
472 10 159 1000
472 3 199 1000
472 20 186 150
472 437 110 1000
474 4 129 150
474 294 110 150
474 12 143 150
474 14 100 150
474 210 103 1000
474 19 117 150
474 470 108 150
474 29 131 300
474 31 129 150
476 24 101 150
476 353 110 1000
476 43 180 1000
476 28 208 1000
477 22 212 150
477 477 133 150
477 21 132 1000
477 30 117 1000
477 15 131 1000
478 32 123 150
478 33 121 150
478 35 190 150
478 38 97 150
478 9 199 150
478 14 205 1000
478 20 148 1000
478 25 106 1000
478 30 144 1000
481 24 186 1000
481 1 116 150
481 19 121 1000
481 37 140 150
481 39 101 300
483 19 97 150
483 21 139 1000
483 214 103 300
483 24 119 1000
483 442 125 1000
483 27 118 1000
483 156 162 150
484 32 111 150
484 0 102 1000
484 36 171 300
484 10 138 150
484 349 226 150
484 30 166 1000
485 2 149 150
485 40 104 1000
485 42 118 1000
485 16 138 300
485 19 122 150
485 438 115 150
485 25 108 150
488 14 142 150
488 23 115 150
489 97 208 1000
489 8 137 1000
489 202 137 300
489 14 127 150
489 15 136 1000
489 144 126 150
489 23 113 150
489 25 173 150
490 32 107 150
490 198 126 150
490 15 132 150
490 16 124 1000
490 19 112 150
490 29 101 1000
491 384 123 1000
491 33 130 1000
491 3 143 1000
491 1 78 1000
491 39 121 1000
491 10 154 150
491 43 126 150
491 172 151 150
491 14 200 300
491 308 98 150
491 22 103 1000
491 25 136 150
491 26 116 1000
491 28 118 150
493 496 143 150
493 17 110 150
493 442 178 150
493 22 140 150
493 33 208 1000
495 4 138 1000
495 7 130 1000
495 17 130 150
495 21 141 1000
495 24 132 1000
495 25 189 150
495 28 170 150
496 1 137 1000
496 34 214 1000
496 124 200 1000
496 270 151 150
496 255 155 150
497 11 136 1000
497 35 142 300
497 22 134 1000
500 0 99 1000
500 1 132 1000
500 5 119 1000
500 8 197 300
500 11 195 150
500 186 114 150
500 474 89 1000
500 382 96 1000
500 31 197 1000
501 40 139 150
501 21 144 1000
502 40 166 1000
502 4 120 150
502 14 135 150
504 1 86 150
504 36 87 300
504 5 105 150
504 40 128 300
504 204 202 1000
504 23 122 1000
504 29 124 150
505 33 127 150
505 4 110 1000
505 12 99 150
505 114 126 1000
505 121 149 1000
505 25 96 150
506 344 119 1000
506 185 88 1000
506 11 121 1000
506 22 190 300
506 230 126 1000
507 17 139 1000
507 3 105 150
507 13 122 150
507 9 209 150
509 1 150 1000
509 5 132 1000
509 333 117 300
509 18 137 300
509 181 122 1000
509 350 123 1000
511 3 86 150
511 4 107 150
511 41 125 1000
511 18 205 150
511 27 112 150
511 28 170 150
511 415 149 1000
