321 1178 195
322 1317 215
323 430 225
328 1056 225
330 1129 205
334 415 215
351 808 235
369 633 225
381 407 195
412 1312 225
414 1303 215
438 1162 225
449 722 205
453 930 235
461 1122 225
466 563 215
469 1292 195
476 923 225
479 352 225
481 1102 235
485 1071 205
492 398 215
499 1075 225
505 382 225
506 883 195
509 633 215
534 418 235
538 919 235
546 895 195
551 703 225
553 1204 215
563 356 225
563 1334 205
570 724 225
587 675 235
593 1123 215
596 431 195
599 666 225
602 540 225
608 1026 225
617 1169 205
628 803 225
634 1310 225
649 426 215
653 703 195
659 984 205
667 411 215
670 1175 235
677 563 205
699 862 215
700 1070 205
707 888 225
722 488 195
740 1075 225
751 912 235
754 428 225
772 458 195
779 873 225
789 1002 225
796 329 225
801 1052 205
801 655 215
802 1019 235
804 1147 225
810 417 195
824 483 215
827 746 225
827 727 225
834 404 205
853 1305 235
861 903 215
862 475 225
871 923 195
872 360 225
887 1054 225
888 877 225
888 1085 205
891 534 225
901 1334 225
903 1106 225
910 658 195
918 1006 215
919 453 235
930 891 235
934 638 195
947 721 215
948 687 225
958 1118 225
960 1048 205
962 743 225
968 329 225
974 960 225
975 1046 195
994 930 225
1005 659 225
1006 1079 215
1011 1176 205
1015 529 235
1029 398 225
1035 808 225
1047 661 195
1066 358 215
1067 1297 225
1067 341 235
1070 691 205
1079 540 215
1082 843 225
1087 981 225
1112 632 195
1118 1028 225
1128 508 225
1128 981 235
1133 1319 195
1134 1151 225
1142 399 225
1142 431 215
1146 1202 205
1156 1141 225
1169 1140 235
1180 1145 225
1186 684 195
1186 702 215
1191 1092 225
1192 1186 225
1192 1033 205
1195 536 225
1198 1296 225
1282 1341 225
1284 1040 195
1290 662 225
1303 1043 215
1309 591 235
1310 916 205
1315 903 225
1328 1315 225
1332 415 215
1334 756 195
1337 711 225
378 1220 225
649 1221 225
672 1259 185
793 1270 195
801 1229 215
839 1224 215
971 1234 195
1234 800 215
1235 603 225
1235 573 225
1236 420 185
1242 519 225
1249 462 215
1254 405 225
1266 575 215
1268 971 225
1268 796 225
1279 500 205
1342 1223 185
323 53 210
325 60 210
326 30 210
328 36 190
340 26 190
342 50 210
359 51 210
360 29 190
366 60 200
368 46 210
369 26 220
377 56 180
380 1 210
382 41 200
382 7 210
384 49 190
386 20 210
388 7 220
394 46 200
400 17 180
404 7 210
405 44 210
410 9 210
411 47 190
412 33 210
430 23 210
434 56 210
437 8 180
437 24 200
442 24 210
455 62 220
464 24 190
472 40 210
473 59 200
478 59 210
479 13 180
484 34 210
486 17 220
490 40 210
493 5 180
494 57 210
500 44 210
501 8 210
506 11 190
512 13 200
519 34 220
527 14 210
532 31 180
533 60 200
540 14 210
547 55 210
548 40 190
551 52 220
553 40 200
555 51 210
561 26 180
566 27 210
566 20 210
570 11 210
573 38 190
575 62 210
577 59 210
609 27 210
612 49 180
613 25 200
620 43 220
629 7 220
636 32 180
664 31 190
667 61 200
669 28 200
670 57 190
676 52 200
678 26 210
688 21 200
694 52 180
694 62 200
698 11 200
700 60 190
703 25 190
707 2 220
710 5 210
717 50 210
728 43 180
734 26 200
741 25 210
741 27 220
742 43 190
757 19 200
762 44 210
762 31 210
768 63 180
772 26 210
775 6 210
779 18 220
782 33 180
789 24 210
797 48 210
797 52 200
798 31 190
803 0 210
804 0 220
808 2 210
810 4 180
822 30 200
827 18 210
842 8 210
844 24 190
844 59 210
845 53 210
856 25 210
862 57 180
862 35 210
867 22 200
874 42 220
876 42 190
876 30 210
879 49 210
879 42 200
882 49 180
882 55 210
883 4 220
883 27 220
884 28 180
884 7 200
886 31 210
898 49 210
914 3 190
914 12 200
918 12 220
921 9 210
927 20 180
930 54 210
934 3 200
938 12 210
944 21 190
947 8 220
949 6 210
956 52 200
960 15 180
961 58 210
964 31 210
967 50 220
967 4 190
968 9 200
968 47 210
978 47 210
981 42 180
981 19 200
982 31 220
983 63 220
992 23 180
1002 34 210
1005 41 200
1006 50 210
1008 58 190
1015 11 210
1016 35 220
1023 5 200
1028 36 180
1028 59 210
1028 7 210
1034 1 210
1035 8 190
1057 5 210
1063 43 210
1079 6 210
1083 40 180
1085 9 200
1085 11 210
1096 33 220
1097 39 190
1097 54 210
1104 27 200
1106 38 210
1108 52 180
1112 54 210
1114 12 220
1119 49 210
1121 61 180
1136 25 210
1142 27 210
1145 62 210
1152 53 190
1156 10 200
1169 13 220
1180 2 210
1186 58 180
1191 14 200
1194 2 210
1196 9 210
1198 60 190
1202 27 220
1207 57 200
1215 14 210
1290 0 180
1292 11 210
1297 27 210
1300 53 210
1303 7 190
1308 48 210
1309 1 210
1312 15 210
1313 61 180
1314 8 200
1321 12 220
1322 16 220
1323 13 180
1327 34 200
1327 23 210
1330 3 210
1336 15 190
1340 55 210
1342 51 210
1342 3 210
326 395 140
329 360 140
330 641 150
363 353 140
383 938 150
385 926 150
388 653 140
399 437 150
407 940 140
412 520 140
412 1092 150
413 445 150
427 722 150
431 411 140
442 537 140
444 470 150
455 640 150
458 977 150
462 984 140
469 549 150
469 1285 140
478 1025 150
480 689 150
483 534 140
484 791 140
485 798 150
496 1115 150
499 1067 150
506 1072 140
508 485 140
513 467 150
520 914 150
529 382 150
538 413 140
546 1072 140
554 1087 150
568 1310 150
578 1113 150
579 720 140
579 546 140
585 1210 150
587 458 150
588 939 150
596 690 140
596 514 140
597 462 150
602 883 150
605 1015 160
607 907 140
612 581 140
614 613 150
617 776 150
618 719 150
630 912 140
637 1199 150
638 993 140
653 368 140
654 726 140
664 607 140
664 687 140
666 1159 140
678 603 140
701 490 140
702 993 140
706 428 140
728 1175 140
733 445 150
734 641 150
734 520 140
734 862 140
736 1327 150
736 831 150
739 710 150
743 620 140
744 463 140
745 716 150
754 921 150
757 1181 150
760 1307 140
771 832 140
773 803 150
778 455 150
782 599 160
789 700 140
793 864 140
794 533 150
813 982 150
821 771 150
837 321 140
837 442 150
846 629 140
848 1335 150
863 859 150
873 401 140
879 1015 140
881 412 150
883 1144 150
885 1192 150
906 1337 140
906 1026 140
907 494 150
911 528 150
914 848 150
921 1293 140
953 984 140
957 778 150
958 1070 150
968 519 150
980 748 140
981 579 140
983 718 150
984 981 150
985 1207 150
992 629 140
1002 534 140
1019 463 150
1021 1322 150
1035 1151 160
1039 971 140
1041 886 140
1043 528 150
1043 828 150
1055 733 150
1067 840 140
1069 923 150
1074 1297 140
1083 584 150
1083 948 150
1087 1106 140
1088 871 140
1102 983 150
1108 977 150
1114 747 150
1122 1123 140
1122 803 140
1133 1124 150
1134 365 150
1143 638 150
1169 458 140
1179 1106 140
1180 877 150
1181 907 150
1189 660 150
1190 379 140
1193 797 140
1196 798 150
1199 741 150
1202 801 150
1202 868 140
1211 1034 140
1216 951 195
1220 574 225
1296 1010 150
1296 1119 140
1297 964 140
1306 814 150
1307 549 150
1314 363 150
1316 1080 140
1342 476 150
641 26 190
642 38 190
647 51 180
680 26 180
684 45 190
687 10 220
687 60 190
1224 29 210
1235 30 200
1240 44 210
1243 22 170
1247 62 210
1250 43 210
1251 44 200
1255 29 170
1256 2 210
1256 3 210
1257 38 210
1258 15 190
1268 34 210
1273 49 210
1276 10 180
1276 35 170
321 1070 155
323 397 140
327 417 135
330 1179 155
332 1162 135
340 762 135
342 724 135
342 725 150
343 514 150
346 413 135
348 555 155
351 1291 145
354 1314 135
354 557 135
358 640 125
359 1256 140
363 427 145
365 1097 155
366 1147 160
368 826 155
368 716 135
377 397 135
378 516 155
378 410 155
378 565 125
380 471 145
384 1013 135
388 984 140
388 577 135
389 742 125
392 1296 145
399 392 155
399 498 150
400 1300 135
401 820 125
416 588 150
417 483 140
417 1033 145
418 1118 145
420 1199 145
421 1309 155
428 1281 160
433 1123 140
434 344 135
434 1263 130
435 1089 150
435 1300 160
437 1190 135
437 585 160
437 1269 130
444 617 135
447 691 155
449 762 145
452 578 140
453 934 155
456 464 140
459 605 135
460 722 150
462 561 150
468 479 155
469 1178 150
471 1123 135
471 1230 130
472 622 135
472 367 150
473 1338 155
476 618 150
476 1292 135
486 1027 135
486 444 135
487 1333 155
487 542 160
488 566 140
490 1301 150
493 1139 145
493 1083 150
496 389 160
500 551 135
501 537 155
501 427 160
501 1135 135
506 1215 150
512 812 135
513 1322 135
513 1116 135
514 1010 150
514 359 155
518 768 155
518 925 155
518 677 135
521 367 150
536 512 160
537 494 160
538 443 140
539 992 135
539 521 125
540 485 140
541 1063 150
543 867 155
543 1270 130
546 632 150
551 984 135
551 537 140
555 1327 135
556 482 135
556 1162 135
563 1165 150
576 528 150
579 557 155
579 1198 160
580 739 160
581 1143 135
582 864 135
582 1291 135
583 480 140
587 1058 145
593 633 150
595 1312 155
599 1328 135
601 768 135
602 1149 135
606 414 145
609 787 150
609 839 135
612 722 160
612 690 135
616 1089 160
616 1070 135
622 888 140
622 1278 130
629 575 145
632 762 125
632 468 135
638 1181 155
638 759 150
643 397 130
646 1318 135
648 763 125
652 1104 135
654 1313 135
658 489 135
658 582 125
659 1039 145
661 958 135
663 528 165
663 843 125
664 775 135
667 1280 145
672 463 135
674 1107 125
675 663 135
675 703 135
677 414 145
681 904 135
681 1149 140
684 526 140
684 478 140
687 738 140
687 1309 165
688 642 135
689 417 145
691 688 145
695 532 135
697 588 145
700 780 135
702 853 145
704 426 150
704 882 155
706 1088 135
712 506 160
713 1136 135
713 631 140
714 525 160
717 743 155
718 630 135
719 514 140
719 1183 135
731 1191 150
732 1112 155
732 894 155
738 553 135
738 1322 155
740 595 160
742 1300 135
743 1341 155
743 1070 145
747 1309 140
751 458 150
751 397 150
756 689 135
757 325 135
759 710 125
759 840 145
759 824 160
760 905 155
760 711 160
760 375 135
762 859 155
771 1211 140
771 484 135
773 722 135
774 677 135
774 812 125
774 793 135
775 601 150
775 588 145
779 1202 150
780 465 145
782 688 135
782 772 155
783 762 155
783 363 160
789 971 145
791 1080 160
791 914 150
791 919 155
792 434 135
792 574 135
796 584 155
800 415 155
802 806 135
810 1276 140
812 1320 150
818 548 135
818 606 160
823 666 135
826 614 125
827 1051 145
828 1176 155
828 601 160
831 537 140
831 709 140
832 1107 150
832 566 155
837 614 145
841 822 160
843 856 135
843 480 155
843 726 155
844 725 135
844 974 155
846 401 135
846 1276 140
851 538 140
851 351 155
851 775 135
856 363 155
863 1046 150
867 1203 135
867 471 165
868 1191 140
869 1055 125
870 820 135
873 586 150
873 465 145
873 797 160
877 582 155
879 1017 135
882 1178 140
886 1330 155
888 1015 150
894 676 135
903 1055 135
907 1217 140
910 1046 135
911 748 160
912 433 135
912 430 155
914 1128 160
916 1016 145
918 886 135
918 1334 155
920 822 135
924 470 155
926 382 155
927 874 140
928 734 135
928 487 160
934 1332 135
934 476 155
935 537 140
948 1313 125
949 1075 155
956 358 150
957 1204 155
957 415 135
958 467 135
962 1063 135
964 613 145
964 774 160
967 1023 155
977 802 135
977 1085 140
978 540 135
980 1146 135
981 1289 135
981 599 135
984 851 155
988 1169 150
988 441 150
992 1338 135
996 332 135
996 975 125
1000 924 160
1000 1334 145
1010 995 145
1014 606 155
1018 461 125
1020 1330 135
1027 385 160
1032 1006 135
1035 549 155
1035 473 140
1036 964 125
1038 423 135
1040 562 155
1048 1008 135
1048 704 155
1048 1162 155
1056 1191 155
1057 1031 135
1062 782 150
1066 558 125
1068 1040 150
1068 1210 135
1071 480 155
1080 1342 155
1085 506 125
1094 763 135
1096 808 135
1097 1316 155
1097 746 135
1097 722 155
1106 1316 160
1106 822 155
1111 322 135
1111 940 160
1112 1120 125
1114 647 155
1115 611 135
1122 457 155
1122 1013 155
1123 854 140
1124 790 140
1128 798 135
1129 597 155
1130 553 155
1131 688 165
1141 1064 135
1143 742 135
1143 433 140
1143 338 150
1146 612 150
1147 607 145
1149 561 135
1157 1140 140
1157 1294 135
1159 478 135
1159 326 135
1163 964 135
1163 494 155
1169 724 150
1175 1033 155
1179 1144 135
1180 1047 150
1183 1276 130
1184 823 160
1186 325 125
1193 640 145
1195 1212 155
1196 808 135
1196 1213 125
1198 961 135
1198 703 155
1202 951 140
1207 476 145
1210 560 125
1215 867 150
1215 903 135
1215 394 155
1225 1116 130
1231 646 150
1237 381 150
1254 794 130
1258 373 130
1270 968 150
1271 967 150
1282 342 155
1283 465 155
1284 952 150
1285 570 140
1287 876 150
1292 911 155
1292 758 140
1294 533 155
1295 854 160
1295 1135 135
1297 368 125
1297 428 155
1301 1003 135
1306 947 155
1310 353 160
1310 968 125
1310 876 140
1310 461 135
1310 434 135
1312 1332 135
1315 581 135
1317 948 150
1318 526 145
1319 576 145
1320 870 135
1320 659 125
1320 949 135
1321 652 145
1328 793 155
1330 384 135
1330 754 150
1332 441 135
1334 449 160
1334 790 140
1335 521 135
1335 1106 145
1338 418 135
322 23 135
328 46 125
330 17 125
341 19 135
359 48 135
368 20 125
373 20 135
373 23 135
381 18 125
381 6 135
392 0 125
395 63 125
404 58 135
410 40 135
411 34 135
414 7 125
416 51 125
423 28 135
431 18 135
444 1 135
455 4 125
456 61 135
457 58 125
459 60 135
459 6 135
466 33 125
467 0 125
467 48 135
468 41 135
482 35 135
482 55 125
492 19 125
505 20 135
506 51 135
511 7 135
528 18 125
530 29 125
534 17 135
534 7 135
536 36 135
539 47 125
542 13 125
547 32 135
554 37 135
554 13 135
557 2 125
561 4 125
563 23 135
578 9 135
579 20 145
582 16 125
587 16 125
600 19 135
601 53 135
606 12 135
611 10 125
618 20 135
621 12 125
621 33 135
626 15 135
629 12 125
632 58 125
633 26 135
637 43 135
648 1 125
657 11 125
660 59 125
663 16 125
678 25 125
695 17 125
695 57 125
697 28 125
702 59 125
712 2 125
719 46 135
724 35 125
724 49 125
728 54 135
730 31 135
732 60 135
733 3 125
736 48 125
738 29 135
740 37 135
741 61 145
746 14 125
748 33 125
757 11 135
759 31 135
760 24 135
764 22 125
772 58 135
774 3 125
774 4 135
779 54 135
787 48 125
787 0 125
787 5 135
790 34 135
790 29 135
793 9 125
808 60 125
822 28 135
832 62 135
832 21 135
836 40 125
836 2 125
839 56 135
839 46 135
841 50 135
845 44 125
852 18 125
856 0 135
864 60 135
868 5 135
869 26 125
873 27 125
873 31 135
883 24 135
894 15 145
895 53 125
898 47 125
898 15 135
910 26 135
914 36 135
918 15 125
919 6 135
924 35 125
925 9 135
930 52 135
954 13 125
960 36 125
966 39 135
977 44 135
988 25 135
988 2 125
988 15 125
995 35 135
1000 58 135
1004 3 135
1013 49 125
1019 3 125
1026 32 135
1027 9 135
1031 11 135
1035 60 125
1038 59 125
1039 38 135
1053 0 135
1062 10 135
1067 5 125
1068 5 125
1069 16 135
1071 34 135
1075 6 145
1084 27 125
1087 5 125
1094 44 135
1098 36 135
1100 25 135
1111 30 125
1113 40 135
1113 59 125
1116 13 135
1122 15 135
1128 37 125
1129 36 125
1130 45 135
1134 37 135
1134 53 135
1135 47 125
1143 41 125
1146 43 135
1155 18 135
1155 52 135
1165 51 125
1169 59 125
1175 29 135
1184 10 135
1189 13 135
1190 32 125
1192 8 125
1192 48 135
1192 49 135
1193 62 135
1195 55 125
1199 37 125
1203 44 135
1210 37 135
1215 41 145
1221 26 190
1223 43 210
1281 18 125
1284 56 135
1288 39 135
1293 45 135
1294 5 135
1301 17 125
1305 39 125
1307 56 135
1307 17 125
1314 24 135
1318 28 135
1338 46 135
352 680 160
353 691 130
358 1253 130
397 1230 145
406 1256 150
430 1265 135
437 1235 130
477 686 140
493 665 130
499 1278 125
502 1231 145
524 1219 130
527 658 140
575 1221 160
640 1181 125
641 1250 120
642 717 125
643 971 135
647 728 135
658 1235 135
658 925 140
667 1191 130
671 321 140
676 1246 140
681 1100 125
696 585 140
696 747 130
698 1191 160
746 1239 130
759 640 140
792 647 140
798 1265 145
802 1235 145
810 1259 115
820 1235 145
821 662 130
828 668 140
885 1216 125
903 1235 145
925 697 140
962 1232 125
974 1279 150
983 1257 150
1010 643 130
1015 1224 115
1023 1251 150
1040 663 140
1072 1223 150
1085 665 170
1089 654 130
1104 662 140
1108 1221 145
1139 1230 125
1140 1278 145
1220 1193 130
1226 616 150
1229 1080 125
1229 842 160
1229 1053 125
1230 578 145
1230 676 155
1232 538 155
1235 1195 155
1235 334 155
1235 721 155
1237 743 155
1240 1089 125
1242 1171 155
1247 401 155
1249 1184 155
1249 869 125
1250 492 125
1251 789 125
1255 516 140
1256 832 155
1261 516 145
1261 775 150
1261 520 155
1262 1335 150
1263 453 130
1264 1128 160
1266 986 155
1267 871 140
1267 375 150
1268 512 115
1269 964 125
1270 584 125
1270 435 145
1273 1313 150
1273 956 155
1274 650 155
1274 491 125
1278 486 150
1279 785 130
1279 1149 140
1281 1268 135
1315 1268 125
1341 1255 150
321 48 120
321 47 120
325 15 120
326 11 120
329 49 140
329 63 135
332 18 130
332 15 120
333 6 110
338 63 120
340 17 130
340 52 130
341 42 140
342 4 140
343 37 140
344 17 145
352 40 145
352 26 125
352 7 125
353 21 150
359 6 150
360 16 120
366 57 120
368 16 120
371 34 140
373 36 140
375 58 130
377 10 140
378 31 110
380 31 120
385 15 135
388 19 135
392 56 145
398 30 125
400 3 135
401 56 120
404 32 120
406 13 140
407 50 135
410 56 125
410 44 130
411 31 140
415 26 120
417 59 110
417 39 140
418 60 120
418 36 135
420 44 125
421 43 140
423 0 135
428 28 110
428 14 135
428 38 120
428 63 120
431 26 130
432 47 145
434 10 145
435 3 110
437 10 120
438 12 125
438 28 140
439 42 120
439 6 135
440 51 125
441 55 135
442 63 145
442 17 110
442 39 130
443 47 140
445 25 130
445 27 110
445 23 125
449 15 140
452 0 120
452 30 120
453 61 135
453 13 135
456 50 110
457 17 140
458 3 120
460 23 120
465 16 140
465 42 130
466 22 130
466 14 140
468 24 110
471 11 140
472 58 120
472 12 145
475 24 120
475 19 120
477 62 120
479 20 120
480 44 145
480 54 140
482 23 125
483 57 120
483 31 140
486 48 120
487 42 120
490 42 110
492 37 135
493 34 130
493 36 130
493 10 140
496 56 135
500 63 110
501 47 120
502 27 140
505 41 145
506 15 120
511 51 145
511 14 110
514 62 125
519 6 120
524 45 140
524 62 120
525 9 135
525 62 140
526 48 120
527 59 140
527 54 140
527 7 120
528 20 140
529 49 140
529 43 150
529 21 125
532 49 140
532 26 135
533 42 140
539 4 135
540 32 125
542 62 150
547 29 135
547 21 125
548 54 120
551 5 110
551 8 140
554 49 130
554 36 140
555 39 140
557 45 125
558 50 135
558 28 125
558 23 120
560 32 135
562 2 135
563 47 140
566 33 140
566 10 135
566 6 120
568 1 140
570 8 120
570 18 155
573 10 140
573 60 110
576 8 120
576 12 125
576 33 125
577 45 140
577 62 130
577 63 135
578 10 125
578 5 140
580 28 135
581 42 140
581 20 135
581 45 135
583 37 140
583 39 120
587 34 135
588 46 110
588 14 120
590 19 140
600 36 140
603 11 140
606 33 140
606 61 125
608 29 120
612 24 120
613 49 120
613 31 130
614 18 140
616 29 135
618 36 120
620 19 140
620 37 125
621 32 125
621 60 120
621 15 120
622 57 120
625 62 140
626 18 140
630 44 125
630 22 135
632 22 140
634 25 120
634 51 135
636 58 125
636 14 120
648 9 130
649 37 120
652 47 120
654 11 130
655 58 120
655 3 120
655 37 130
659 6 130
661 43 130
664 25 130
665 33 120
666 15 130
672 5 130
677 8 130
680 28 125
681 63 125
686 31 120
687 40 120
687 44 120
689 2 120
690 41 120
691 25 110
691 31 120
694 19 150
696 12 120
697 25 120
697 37 120
697 17 130
698 17 120
698 22 130
702 37 130
704 59 125
705 2 140
705 58 140
707 6 110
709 38 120
711 18 140
713 18 135
714 56 125
714 40 120
714 63 110
717 40 120
717 39 135
719 19 140
720 11 140
721 9 110
722 33 140
724 17 140
724 2 125
728 45 120
732 16 120
733 19 135
733 28 120
734 4 120
734 41 145
736 16 140
738 33 120
738 61 125
739 27 135
739 39 135
740 48 125
746 0 145
746 26 140
748 4 120
751 8 140
751 60 110
754 26 120
754 30 125
756 45 135
756 13 135
757 32 135
757 62 145
762 25 150
764 36 140
769 0 120
771 18 140
773 45 125
773 47 135
774 10 135
776 9 150
776 37 140
779 26 140
780 26 120
782 38 120
787 30 140
789 4 110
789 49 135
790 7 120
800 48 120
800 55 145
801 46 120
803 53 125
806 16 140
808 59 135
808 53 120
808 6 125
810 42 120
810 24 135
810 61 140
814 50 145
814 7 140
819 42 125
820 59 120
821 3 135
823 28 120
823 50 135
824 19 120
826 34 120
826 36 145
826 18 145
827 9 140
827 20 120
829 10 120
834 8 120
834 23 140
839 45 120
840 46 125
845 46 140
847 26 120
848 39 140
851 48 135
853 45 145
859 16 125
859 45 140
859 62 145
861 5 120
862 37 140
864 26 125
864 46 135
869 63 135
869 52 140
872 19 120
872 46 120
876 58 135
877 3 145
880 60 110
881 6 140
882 57 120
883 9 120
883 42 125
888 6 125
888 56 135
888 25 135
892 47 120
892 55 140
894 47 140
895 30 140
899 15 130
904 22 140
905 39 150
905 48 145
905 14 120
905 59 125
905 31 135
906 0 135
908 18 135
911 44 150
912 29 140
916 42 120
916 4 145
916 54 125
918 52 120
918 21 110
921 50 140
923 1 140
924 52 120
924 45 110
927 38 120
930 22 140
939 31 140
940 19 135
940 23 110
944 63 135
947 32 120
947 24 145
947 15 140
949 56 145
950 33 130
953 25 140
957 43 140
960 32 125
960 26 120
961 37 120
962 53 125
964 25 140
971 46 135
978 52 120
981 52 135
982 34 120
982 60 120
983 6 120
984 18 130
984 12 145
985 18 125
986 37 135
986 31 120
987 23 140
992 20 110
992 5 145
993 17 120
994 32 120
994 42 120
994 12 120
994 31 140
995 57 140
996 48 130
996 55 110
996 21 120
1002 1 140
1003 8 120
1003 49 140
1006 6 145
1007 27 130
1010 27 120
1010 7 120
1012 58 125
1012 2 140
1012 38 140
1014 57 125
1014 18 130
1017 40 120
1017 1 140
1017 51 135
1018 16 135
1019 6 130
1020 36 140
1020 42 120
1021 53 110
1025 36 120
1028 60 120
1029 47 145
1032 29 130
1032 23 140
1034 58 140
1034 47 120
1035 14 140
1038 37 140
1038 13 145
1039 52 120
1041 62 125
1048 36 125
1051 2 135
1051 15 120
1052 49 140
1053 62 110
1054 56 120
1056 56 135
1057 17 130
1057 23 120
1059 25 145
1059 19 125
1066 24 125
1067 62 135
1070 56 135
1070 4 150
1079 3 120
1079 60 120
1079 35 120
1082 36 140
1085 4 130
1085 22 130
1092 50 130
1092 44 145
1092 62 140
1094 0 120
1094 63 120
1097 5 125
1098 35 135
1103 33 150
1103 60 120
1106 8 140
1107 3 140
1110 14 135
1114 42 135
1115 9 120
1118 10 120
1119 50 145
1120 0 120
1120 25 125
1121 17 140
1122 4 125
1122 5 135
1123 33 120
1124 42 140
1124 23 120
1130 9 140
1131 24 120
1131 51 120
1133 54 130
1134 6 135
1135 50 140
1136 1 145
1136 44 120
1136 13 140
1139 30 120
1140 25 120
1143 36 130
1144 53 110
1145 48 140
1145 51 140
1146 2 125
1146 21 125
1147 49 140
1147 19 150
1149 5 125
1152 32 120
1152 28 120
1152 54 140
1156 20 140
1157 44 130
1157 37 130
1164 5 120
1164 6 110
1165 54 135
1167 12 120
1167 61 140
1169 37 135
1171 59 140
1171 44 125
1175 17 120
1175 27 120
1181 17 140
1181 5 120
1184 0 120
1184 46 130
1189 50 135
1189 2 120
1189 19 135
1190 13 120
1192 23 140
1193 50 120
1193 5 140
1194 25 120
1199 39 140
1200 30 120
1202 10 120
1203 33 140
1204 42 145
1204 35 145
1207 28 110
1210 8 120
1212 52 125
1212 30 135
1215 63 120
1231 0 135
1235 55 135
1236 28 115
1243 59 115
1247 28 115
1247 47 135
1253 4 135
1261 38 135
1265 39 135
1269 25 115
1270 34 115
1282 53 120
1283 48 140
1283 18 130
1283 51 140
1284 1 130
1284 51 110
1284 57 120
1285 10 140
1285 42 140
1288 60 135
1291 12 135
1291 22 140
1292 53 140
1292 55 125
1293 58 125
1294 40 135
1295 17 120
1297 55 135
1301 24 150
1301 0 125
1303 59 140
1303 38 125
1305 48 135
1305 18 130
1307 43 120
1308 47 140
1309 53 110
1311 3 140
1311 61 135
1316 39 120
1318 49 145
1319 48 145
1320 38 120
1321 0 125
1322 31 125
1323 42 135
1323 30 140
1326 56 135
1326 24 120
1328 49 135
1328 9 140
1332 23 125
1334 46 140
1336 51 120
1337 32 135
1337 43 145
1337 13 150
1341 62 120
1342 58 145
1343 56 140
1343 16 145
437 677 120
520 672 150
597 1229 150
640 1015 130
640 533 140
641 608 130
641 1295 140
642 771 160
682 971 140
759 1242 105
771 1261 135
885 1246 125
905 1230 140
1021 1258 145
1216 490 120
1216 1264 120
1216 733 140
1220 553 145
1261 1276 150
1263 1247 130
646 19 110
647 57 110
648 54 115
649 41 125
652 33 125
661 52 125
669 45 135
670 48 115
672 40 125
672 43 125
676 29 135
676 23 135
684 61 110
700 46 115
701 13 125
702 10 125
1216 18 115
1217 12 135
1224 61 140
1224 5 110
1225 23 110
1232 40 140
1232 1 140
1232 3 125
1234 51 140
1243 2 135
1243 28 110
1250 29 135
1251 8 110
1251 10 145
1251 31 140
1253 43 140
1254 37 110
1257 20 110
1258 33 145
1259 3 120
1259 62 140
1261 56 140
1264 0 125
1264 54 110
1265 50 140
1265 44 110
1267 51 130
1267 28 130
1268 17 135
1268 58 120
1271 55 110
1273 53 105
1273 41 125
1274 32 135
1276 27 140
1277 49 140
1277 4 135
1277 9 115
1278 49 125
1278 28 135
1279 3 115
1279 11 125
1279 45 135
640 57 115
646 23 125
647 9 125
647 37 115
681 10 115
682 61 125
684 57 145
686 61 155
1216 27 90
1216 30 110
1217 60 110
1217 59 125
1217 1 135
1219 40 130
1220 36 120
1220 55 100
1221 14 110
1276 45 100
1279 18 120
1220 1242 145
