321 1178 225
322 1317 235
323 430 245
328 1056 245
330 1129 245
334 415 225
351 808 245
369 633 235
378 1220 245
381 407 255
412 1312 235
414 1303 235
438 1162 225
449 722 255
453 930 245
461 1122 225
466 563 225
469 1292 235
476 923 245
481 1102 245
485 1071 225
492 398 235
499 1075 245
506 883 245
509 633 245
534 418 225
538 919 235
546 895 245
551 703 245
553 1204 245
563 1334 225
570 724 235
587 675 225
593 1123 255
596 431 245
599 666 225
602 540 235
608 1026 235
617 1169 245
628 803 245
634 1310 225
707 888 235
722 488 235
740 1075 245
751 912 245
754 428 225
772 458 235
779 873 235
789 1002 245
793 1270 245
801 1052 225
801 1229 235
801 655 225
802 1019 245
804 1147 245
810 417 225
824 483 225
827 746 235
827 727 245
834 404 255
839 1224 225
853 1305 235
861 903 245
862 475 245
871 923 255
887 1054 225
888 877 235
888 1085 235
891 534 255
901 1334 245
903 1106 225
910 658 235
918 1006 225
919 453 245
930 891 245
934 638 225
947 721 235
948 687 245
958 1118 255
960 1048 245
962 743 225
971 1234 235
974 960 235
975 1046 245
994 930 245
1005 659 225
1006 1079 235
1011 1176 245
1015 529 245
1029 398 255
1035 808 235
1047 661 245
1067 1297 235
1070 691 245
1079 540 245
1082 843 225
1087 981 225
1112 632 235
1118 1028 245
1128 508 255
1128 981 225
1133 1319 235
1134 1151 245
1142 399 255
1142 431 255
1146 1202 235
1156 1141 245
1169 1140 245
1180 1145 255
1186 684 245
1186 702 235
1191 1092 235
1192 1186 225
1192 1033 245
1195 536 245
1198 1296 225
1216 951 225
1220 574 235
1234 800 235
1235 603 235
1235 573 225
1236 420 235
1242 519 235
1249 462 235
1254 405 245
1266 575 225
1268 971 235
1268 796 245
1282 1341 225
1284 1040 245
1290 662 225
1303 1043 235
1309 591 225
1310 916 255
1315 903 245
1328 1315 225
1332 415 225
1334 756 235
1337 711 245
1342 1223 255
479 352 225
505 382 225
563 356 225
649 426 245
649 1221 245
653 703 215
659 984 235
667 411 225
670 1175 245
672 1259 245
677 563 215
699 862 235
700 1070 215
872 360 235
1066 358 235
1067 341 215
1279 500 225
323 53 220
325 60 220
326 30 230
328 36 210
340 26 230
342 50 220
359 51 230
360 29 230
366 60 210
368 46 220
369 26 220
377 56 230
380 1 230
382 41 210
382 7 230
384 49 220
386 20 230
388 7 230
394 46 210
400 17 210
404 7 220
405 44 230
410 9 230
411 47 210
412 33 230
430 23 230
434 56 240
437 8 230
437 24 210
442 24 220
455 62 220
464 24 230
472 40 230
473 59 210
478 59 230
479 13 210
484 34 230
486 17 240
490 40 210
493 5 210
494 57 220
500 44 230
501 8 230
506 11 220
512 13 220
519 34 220
527 14 230
532 31 240
533 60 210
540 14 220
547 55 230
548 40 230
551 52 230
553 40 210
555 51 220
561 26 210
566 27 230
566 20 230
570 11 210
573 38 210
575 62 220
577 59 240
609 27 230
612 49 210
613 25 220
620 43 230
629 7 230
636 32 230
707 2 210
710 5 220
717 50 230
728 43 230
734 26 230
741 25 210
741 27 220
742 43 210
757 19 230
762 44 230
762 31 210
768 63 210
772 26 230
775 6 230
779 18 230
782 33 210
789 24 220
797 48 220
797 52 230
798 31 230
803 0 220
804 0 220
808 2 220
810 4 230
822 30 240
827 18 220
842 8 220
844 24 210
844 59 240
845 53 230
856 25 210
862 57 210
862 35 220
867 22 230
874 42 240
876 42 210
876 30 220
879 49 220
879 42 230
882 49 230
882 55 210
883 4 220
883 27 220
884 28 240
884 7 230
886 31 220
898 49 220
914 3 210
914 12 230
918 12 230
921 9 210
927 20 220
930 54 220
934 3 230
938 12 230
944 21 210
947 8 230
949 6 220
956 52 240
960 15 230
961 58 220
964 31 230
967 50 220
967 4 230
968 9 230
968 47 220
978 47 220
981 42 210
981 19 240
982 31 230
983 63 220
992 23 210
1002 34 220
1005 41 230
1006 50 230
1008 58 220
1015 11 230
1016 35 220
1023 5 230
1028 36 230
1028 59 210
1028 7 230
1034 1 220
1035 8 230
1057 5 230
1063 43 210
1079 6 220
1083 40 220
1085 9 230
1085 11 230
1096 33 220
1097 39 210
1097 54 230
1104 27 240
1106 38 240
1108 52 210
1112 54 220
1114 12 220
1119 49 230
1121 61 240
1136 25 220
1142 27 220
1145 62 230
1152 53 230
1156 10 230
1169 13 210
1180 2 220
1186 58 210
1191 14 230
1194 2 230
1196 9 220
1198 60 210
1202 27 230
1207 57 230
1215 14 230
1221 26 210
1223 43 220
1224 29 220
1235 30 220
1240 44 230
1243 22 210
1247 62 230
1250 43 220
1251 44 210
1255 29 220
1256 2 220
1256 3 220
1257 38 220
1258 15 230
1268 34 220
1290 0 210
1292 11 210
1297 27 230
1300 53 240
1303 7 230
1308 48 220
1309 1 220
1312 15 220
1313 61 230
1314 8 240
1321 12 210
1322 16 220
1323 13 230
1327 34 230
1327 23 230
1330 3 210
1336 15 220
1340 55 220
1342 51 230
1342 3 230
796 329 205
968 329 205
664 31 210
667 61 230
669 28 230
670 57 200
676 52 220
678 26 210
688 21 230
694 52 230
694 62 200
698 11 210
700 60 210
703 25 230
1273 49 210
1276 10 200
1276 35 220
641 26 190
642 38 220
647 51 210
680 26 190
684 45 200
687 10 210
687 60 230
327 417 145
332 1162 145
340 762 155
346 413 155
351 1291 165
354 557 155
358 640 145
363 427 155
377 397 155
378 565 165
380 471 165
384 1013 155
389 742 145
392 1296 155
400 1300 165
401 820 155
417 1033 155
418 1118 145
420 1199 155
437 1190 155
449 762 165
459 605 145
471 1123 145
472 622 155
476 1292 155
486 1027 155
499 1278 145
501 1135 155
513 1322 155
513 1116 155
518 677 165
539 992 155
539 521 145
551 984 165
555 1327 155
556 1162 165
581 1143 155
582 1291 155
587 1058 155
601 768 155
602 1149 165
606 414 145
609 839 145
612 690 155
629 575 155
632 762 155
632 468 145
648 763 155
652 1104 145
654 1313 145
658 489 145
658 582 145
661 958 155
663 843 145
664 775 145
672 463 145
674 1107 145
675 663 155
695 532 145
700 780 155
706 1088 155
718 630 145
719 1183 145
742 1300 155
756 689 155
759 710 155
759 840 155
759 1242 145
771 484 155
773 722 155
774 812 155
774 793 145
775 588 145
780 465 155
792 434 155
802 806 155
810 1259 145
823 666 145
826 614 155
827 1051 165
843 856 155
846 401 145
867 1203 145
869 1055 155
870 820 165
873 465 155
885 1216 155
885 1246 145
894 676 155
903 1055 155
912 433 155
918 886 145
920 822 155
934 1332 155
948 1313 165
957 415 155
962 1232 145
962 1063 145
964 613 155
977 802 155
980 1146 155
981 1289 145
981 599 155
992 1338 155
996 975 155
1000 1334 155
1010 995 145
1015 1224 145
1018 461 155
1020 1330 165
1032 1006 155
1036 964 155
1038 423 145
1048 1008 165
1057 1031 165
1066 558 155
1068 1210 145
1085 506 155
1094 763 155
1096 808 155
1097 746 155
1112 1120 145
1128 798 145
1139 1230 155
1141 1064 155
1143 742 155
1147 607 145
1149 561 155
1157 1294 155
1159 478 155
1163 964 155
1193 640 155
1196 808 145
1196 1213 155
1207 476 155
1210 560 155
1281 1268 145
1295 1135 145
1310 968 165
1310 461 165
1310 434 165
1312 1332 145
1315 1268 145
1315 581 155
1318 526 165
1319 576 155
1320 870 145
1320 659 145
1320 949 165
1321 652 155
1330 384 165
1332 441 145
1335 521 145
1335 1106 155
1338 418 155
321 1070 155
326 395 140
329 360 150
330 641 150
330 1179 145
342 724 155
348 555 165
354 1314 155
363 353 140
365 1097 145
368 826 175
368 716 155
378 516 155
378 410 145
383 938 160
385 926 160
388 577 165
388 653 140
397 1230 155
399 392 155
399 437 140
407 940 160
412 520 150
412 1092 150
413 445 150
421 1309 165
427 722 140
430 1265 155
431 411 150
442 537 160
444 617 165
444 470 150
447 691 155
453 934 145
455 640 140
458 977 140
462 984 150
468 479 155
469 549 150
469 1285 160
473 1338 175
478 1025 140
480 689 150
483 534 150
484 791 150
485 798 150
486 444 155
487 1333 145
493 1139 165
496 1115 140
499 1067 140
500 551 165
501 537 155
502 1231 155
506 1072 160
508 485 160
512 812 155
513 467 150
518 768 155
518 925 175
520 914 140
529 382 140
538 413 160
543 867 145
546 1072 150
554 1087 160
556 482 155
568 1310 150
578 1113 140
579 720 150
579 546 150
579 557 155
582 864 165
585 1210 150
587 458 140
588 939 140
595 1312 145
596 690 150
596 514 150
597 462 160
599 1328 165
602 883 140
605 1015 140
607 907 150
612 581 150
614 613 150
616 1070 155
617 776 140
618 719 140
630 912 150
637 1199 150
638 993 150
638 1181 155
640 1181 145
642 717 145
643 971 145
647 728 135
653 368 150
654 726 140
664 607 150
664 687 140
666 1159 140
678 603 140
681 1100 145
701 490 140
702 993 140
704 882 155
706 428 150
713 1136 155
717 743 155
728 1175 160
732 1112 155
732 894 145
733 445 140
734 641 140
734 520 150
734 862 150
736 1327 150
736 831 150
738 553 155
738 1322 165
739 710 150
743 620 150
743 1341 155
743 1070 145
744 463 160
745 716 150
754 921 140
757 1181 140
760 905 155
760 1307 150
760 375 135
762 859 165
771 832 150
771 1261 155
773 803 160
774 677 155
778 455 140
782 688 155
782 772 165
782 599 150
783 762 155
789 971 145
789 700 150
791 919 165
792 574 165
793 864 150
794 533 150
796 584 165
798 1265 175
800 415 165
802 1235 155
813 982 150
818 548 165
820 1235 145
821 771 140
828 1176 155
832 566 165
837 321 160
837 442 170
837 614 175
843 480 155
843 726 155
844 725 165
844 974 165
846 629 160
848 1335 140
851 775 145
863 859 140
867 471 165
873 401 150
877 582 155
879 1015 150
879 1017 165
881 412 160
883 1144 140
885 1192 150
886 1330 145
903 1235 155
906 1337 150
906 1026 160
907 494 150
910 1046 165
911 528 140
912 430 155
914 848 140
916 1016 145
918 1334 155
921 1293 150
924 470 165
928 734 165
934 476 145
949 1075 165
953 984 160
957 778 160
957 1204 175
958 467 155
958 1070 140
967 1023 155
968 519 150
978 540 155
980 748 150
981 579 150
983 718 160
984 851 165
984 981 140
985 1207 140
992 629 150
1002 534 150
1014 606 165
1019 463 160
1021 1258 155
1021 1322 140
1035 549 155
1035 1151 140
1039 971 150
1040 562 155
1041 886 150
1043 528 150
1043 828 140
1048 704 175
1048 1162 155
1055 733 150
1056 1191 155
1067 840 160
1069 923 160
1071 480 155
1074 1297 160
1080 1342 165
1083 584 140
1083 948 140
1087 1106 160
1088 871 160
1097 1316 145
1097 722 165
1102 983 160
1106 822 155
1108 977 140
1108 1221 165
1114 747 140
1114 647 155
1115 611 155
1122 1123 160
1122 457 155
1122 803 160
1122 1013 165
1129 597 145
1130 553 155
1131 688 165
1133 1124 160
1134 365 140
1140 1278 165
1143 638 140
1163 494 145
1169 458 150
1175 1033 175
1179 1144 155
1179 1106 150
1180 877 150
1181 907 140
1189 660 140
1190 379 150
1193 797 150
1195 1212 165
1196 798 170
1198 961 165
1198 703 155
1199 741 140
1202 801 140
1202 868 150
1211 1034 150
1215 903 155
1215 394 165
1220 553 145
1220 1242 155
1229 1080 165
1229 1053 135
1230 578 145
1230 676 155
1232 538 145
1235 1195 155
1235 721 155
1237 743 155
1240 1089 155
1242 1171 145
1247 401 165
1249 1184 155
1249 869 135
1250 492 155
1251 789 165
1256 832 155
1261 516 135
1261 520 145
1266 986 155
1268 512 165
1269 964 155
1270 584 155
1270 435 135
1273 956 155
1274 650 145
1274 491 155
1283 465 165
1292 911 155
1294 533 145
1296 1010 160
1296 1119 140
1297 368 135
1297 428 165
1297 964 140
1301 1003 155
1306 947 155
1306 814 150
1307 549 150
1314 363 150
1316 1080 140
1328 793 165
1342 476 140
321 48 130
325 15 140
326 11 140
332 18 140
332 15 130
333 6 130
338 63 140
340 17 150
340 52 140
360 16 140
366 57 130
375 58 140
378 31 150
401 56 140
404 32 130
410 44 130
415 26 150
417 59 150
418 60 140
428 28 140
428 38 140
428 63 140
431 26 140
435 3 150
437 10 130
439 42 130
442 17 140
445 25 140
445 27 140
452 30 130
456 50 130
460 23 150
465 42 150
466 22 140
468 24 130
475 24 130
475 19 140
477 62 140
479 20 140
486 48 130
487 42 130
490 42 140
493 34 140
493 36 140
500 63 130
501 47 140
511 14 150
519 6 150
524 62 140
526 48 130
548 54 130
551 5 140
554 49 140
558 23 140
570 8 130
573 60 130
576 8 140
577 62 140
583 39 140
588 46 130
588 14 130
608 29 140
612 24 140
613 49 150
613 31 130
618 36 130
621 60 140
621 15 150
622 57 140
634 25 140
649 37 130
652 47 140
655 3 130
665 33 130
689 2 140
690 41 140
691 25 140
691 31 130
696 12 140
697 37 140
698 17 130
707 6 140
709 38 150
714 40 150
714 63 130
721 9 130
728 45 150
732 16 140
733 28 140
734 4 130
748 4 140
751 60 140
780 26 140
789 4 150
790 7 130
800 48 130
808 53 150
810 42 140
820 59 140
823 28 140
826 34 140
827 20 140
829 10 140
839 45 140
861 5 140
872 19 130
880 60 140
882 57 140
883 9 150
916 42 130
918 21 130
924 52 140
924 45 140
927 38 150
940 23 130
960 26 130
961 37 140
978 52 140
982 60 140
983 6 140
984 18 130
992 20 140
993 17 150
994 32 140
994 42 130
994 12 140
996 48 140
996 55 140
996 21 150
1003 8 130
1007 27 140
1010 27 140
1010 7 140
1014 18 150
1020 42 130
1021 53 130
1025 36 150
1028 60 140
1032 29 140
1034 47 130
1039 52 140
1051 15 140
1053 62 140
1057 17 140
1057 23 130
1079 60 130
1079 35 140
1085 4 150
1085 22 140
1092 50 130
1094 63 130
1115 9 140
1118 10 140
1120 0 150
1123 33 140
1124 23 130
1131 24 140
1133 54 140
1139 30 150
1140 25 140
1143 36 130
1144 53 140
1152 32 140
1152 28 140
1157 44 130
1157 37 130
1164 5 140
1164 6 140
1175 27 140
1181 5 130
1184 0 130
1184 46 140
1190 13 140
1193 50 150
1200 30 130
1202 10 130
1207 28 140
1210 8 140
1215 63 140
1282 53 130
1283 18 130
1284 1 140
1284 51 140
1284 57 140
1295 17 130
1307 43 130
1309 53 140
1320 38 140
1326 24 140
323 397 140
342 725 150
343 514 150
358 1253 150
359 1256 140
366 1147 140
388 984 160
399 498 170
406 1256 150
416 588 160
417 483 150
428 1281 160
433 1123 150
434 344 155
434 1263 130
435 1089 140
435 1300 150
437 585 140
437 1269 130
452 578 160
456 464 150
460 722 150
462 561 150
469 1178 170
472 367 150
476 618 150
487 542 140
488 566 160
490 1301 170
493 1083 160
496 389 140
501 427 150
506 1215 170
514 1010 170
514 359 155
521 367 140
536 512 150
537 494 150
538 443 170
540 485 180
541 1063 150
543 1270 140
546 632 150
551 537 150
563 1165 170
576 528 150
579 1198 150
580 739 150
583 480 180
593 633 170
597 1229 140
609 787 140
612 722 150
616 1089 170
622 888 170
622 1278 140
638 759 150
643 397 140
658 1235 145
659 1039 165
663 528 155
667 1280 135
675 703 145
677 414 165
681 904 165
681 1149 130
684 526 130
684 478 140
687 738 140
687 1309 165
688 642 155
689 417 155
691 688 145
697 588 165
702 853 165
704 426 160
712 506 150
713 631 150
714 525 150
719 514 160
731 1191 150
740 595 150
747 1309 170
751 458 150
751 397 160
757 325 125
759 824 140
760 711 160
771 1211 160
775 601 150
779 1202 150
783 363 160
791 1080 160
791 914 170
810 1276 130
812 1320 140
818 606 150
828 601 150
831 537 180
831 709 150
832 1107 140
841 822 150
846 1276 130
851 538 160
851 351 165
856 363 145
863 1046 140
868 1191 150
873 586 160
873 797 170
882 1178 160
888 1015 140
905 1230 150
907 1217 130
911 748 160
914 1128 160
926 382 145
927 874 140
928 487 160
935 537 160
956 358 160
964 774 150
974 1279 140
977 1085 160
983 1257 160
988 1169 160
988 441 160
1000 924 150
1023 1251 160
1027 385 160
1035 473 160
1062 782 170
1068 1040 140
1106 1316 170
1111 322 125
1111 940 150
1123 854 160
1124 790 170
1143 433 150
1143 338 160
1146 612 150
1157 1140 160
1169 724 160
1180 1047 160
1183 1276 130
1184 823 150
1186 325 135
1202 951 160
1215 867 150
1216 490 140
1216 733 150
1220 1193 130
1225 1116 160
1226 616 160
1229 842 140
1231 646 130
1237 381 130
1254 794 150
1255 516 150
1258 373 150
1261 775 150
1261 1276 150
1262 1335 160
1263 453 160
1264 1128 140
1267 871 150
1267 375 140
1270 968 130
1271 967 150
1282 342 145
1284 952 140
1285 570 160
1287 876 150
1292 758 170
1295 854 180
1310 353 140
1310 876 140
1317 948 160
1330 754 170
1334 449 170
1334 790 140
1341 1255 160
321 47 140
322 23 125
328 46 135
329 49 140
330 17 135
341 42 140
341 19 125
342 4 150
343 37 140
353 21 140
359 48 135
359 6 130
368 16 160
368 20 135
371 34 150
373 36 150
373 20 145
373 23 145
377 10 130
380 31 140
381 18 125
381 6 125
392 0 135
395 63 135
404 58 145
406 13 140
410 40 125
411 34 125
411 31 140
414 7 135
416 51 135
417 39 150
421 43 160
423 28 145
431 18 125
438 28 150
442 39 140
443 47 160
444 1 125
449 15 140
452 0 140
455 4 145
456 61 155
457 17 150
457 58 135
458 3 140
459 60 125
459 6 125
465 16 140
466 33 135
466 14 140
467 0 155
467 48 145
468 41 135
471 11 140
472 58 130
480 54 150
482 35 125
482 55 135
483 57 140
483 31 150
492 19 155
493 10 150
502 27 140
505 20 135
506 51 125
506 15 150
511 7 125
524 45 140
525 62 130
527 59 140
527 54 150
527 7 150
528 18 135
528 20 130
529 49 140
529 43 150
530 29 145
532 49 140
533 42 130
534 17 135
534 7 135
536 36 125
539 47 135
542 13 135
542 62 140
547 32 145
551 8 160
554 37 135
554 36 140
554 13 125
555 39 140
557 2 135
561 4 145
563 47 150
563 23 145
566 33 160
566 6 150
568 1 130
573 10 140
577 45 150
578 9 125
578 5 150
579 20 125
581 42 130
582 16 135
583 37 140
587 16 155
590 19 140
600 19 135
600 36 150
601 53 135
603 11 160
606 33 140
606 12 135
611 10 135
614 18 140
618 20 145
620 19 140
621 12 135
621 33 135
625 62 130
626 18 150
626 15 125
629 12 135
632 58 135
632 22 150
633 26 145
636 14 150
637 43 125
646 19 120
647 57 130
648 1 135
657 11 125
660 59 135
663 16 125
678 25 125
684 61 130
695 17 125
695 57 135
697 28 135
702 59 125
705 2 130
705 58 150
711 18 140
712 2 125
717 40 140
719 19 150
719 46 125
720 11 140
722 33 140
724 17 140
724 35 145
724 49 135
728 54 135
730 31 135
732 60 125
733 3 135
736 16 130
736 48 135
738 33 140
738 29 155
740 37 135
741 61 135
746 26 140
746 14 135
748 33 145
751 8 150
754 26 130
757 11 135
759 31 125
760 24 125
762 25 140
764 36 140
764 22 145
769 0 140
771 18 160
772 58 145
774 3 135
774 4 125
776 9 140
776 37 150
779 26 160
779 54 135
782 38 130
787 48 145
787 0 135
787 5 145
787 30 150
790 34 125
790 29 125
793 9 135
801 46 140
806 16 140
808 60 135
810 61 130
814 7 160
822 28 155
824 19 140
827 9 140
832 62 135
832 21 125
834 8 130
834 23 140
836 40 145
836 2 135
839 56 145
839 46 125
841 50 135
845 44 135
845 46 140
847 26 140
848 39 160
852 18 135
856 0 135
859 45 150
862 37 150
864 60 125
868 5 125
869 26 135
869 52 140
872 46 130
873 27 155
873 31 135
881 6 140
883 24 125
892 47 140
892 55 150
894 47 130
894 15 125
895 53 135
895 30 150
898 47 145
898 15 145
899 15 140
904 22 150
905 39 160
905 14 150
910 26 125
911 44 150
912 29 140
914 36 125
918 15 135
918 52 130
919 6 145
921 50 140
923 1 150
924 35 145
925 9 125
930 52 135
930 22 150
939 31 130
947 32 140
947 15 140
950 33 140
953 25 130
954 13 145
957 43 160
960 36 135
964 25 140
966 39 135
977 44 125
982 34 150
986 31 130
987 23 150
988 25 135
988 2 145
988 15 145
994 31 140
995 57 140
995 35 135
1000 58 125
1002 1 150
1003 49 140
1004 3 125
1012 2 150
1012 38 140
1013 49 145
1017 40 130
1017 1 140
1019 3 135
1019 6 150
1020 36 150
1026 32 145
1027 9 135
1031 11 125
1032 23 140
1034 58 140
1035 14 140
1035 60 135
1038 37 150
1038 59 145
1039 38 155
1052 49 130
1053 0 125
1054 56 150
1062 10 125
1067 5 135
1068 5 135
1069 16 135
1070 4 150
1071 34 125
1075 6 125
1079 3 150
1082 36 130
1084 27 155
1087 5 145
1092 62 150
1094 0 140
1094 44 135
1098 36 125
1100 25 135
1103 33 150
1103 60 140
1106 8 140
1107 3 150
1111 30 155
1113 40 155
1113 59 135
1116 13 125
1121 17 140
1122 15 135
1124 42 130
1128 37 135
1129 36 145
1130 9 150
1130 45 145
1131 51 150
1134 37 125
1134 53 135
1135 50 140
1135 47 145
1136 44 140
1136 13 140
1143 41 135
1145 48 140
1145 51 150
1146 43 145
1147 49 130
1147 19 150
1152 54 140
1155 18 125
1155 52 125
1156 20 140
1165 51 145
1167 12 130
1167 61 150
1169 59 145
1171 59 140
1175 17 150
1175 29 135
1181 17 160
1184 10 125
1189 2 140
1189 13 125
1190 32 135
1192 8 135
1192 48 125
1192 49 135
1192 23 140
1193 5 150
1193 62 135
1194 25 150
1195 55 145
1199 39 140
1199 37 135
1203 33 150
1203 44 145
1210 37 125
1215 41 125
1216 27 140
1216 30 150
1217 60 150
1219 40 120
1220 36 120
1220 55 140
1221 14 140
1224 61 150
1224 5 120
1225 23 120
1232 40 130
1232 1 140
1234 51 140
1243 28 130
1251 8 150
1251 31 130
1253 43 150
1254 37 150
1257 20 140
1259 3 130
1259 62 140
1261 56 130
1264 54 140
1265 50 150
1265 44 120
1267 51 140
1267 28 140
1268 58 140
1271 55 150
1276 27 130
1277 49 140
1281 18 135
1283 48 140
1283 51 140
1284 56 135
1285 10 130
1285 42 150
1288 39 155
1291 22 140
1292 53 140
1293 45 125
1294 5 125
1301 24 140
1301 17 135
1303 59 140
1305 18 140
1305 39 155
1307 56 145
1307 17 135
1308 47 150
1311 3 130
1314 24 145
1316 39 150
1318 28 125
1323 30 140
1328 9 140
1334 46 130
1336 51 160
1337 13 140
1338 46 135
1341 62 150
1343 56 150
352 680 150
437 1235 120
471 1230 130
477 686 130
493 665 140
524 1219 140
527 658 130
575 1221 140
641 1250 120
646 1318 165
658 925 170
667 1191 160
671 321 130
676 1246 140
696 585 170
696 747 170
698 1191 150
746 1239 120
759 640 130
792 647 130
821 662 160
828 668 160
925 697 130
996 332 125
1010 643 160
1040 663 150
1072 1223 150
1085 665 150
1089 654 140
1104 662 160
1159 326 155
1216 1264 120
1235 334 125
1263 1247 120
1273 1313 160
1278 486 140
1279 785 120
1279 1149 140
329 63 135
344 17 135
352 40 125
352 26 135
352 7 145
385 15 135
388 19 155
392 56 135
398 30 145
400 3 125
407 50 145
410 56 155
418 36 135
420 44 135
423 0 135
428 14 155
432 47 165
434 10 135
438 12 125
439 6 135
440 51 145
441 55 165
442 63 135
445 23 135
453 61 145
453 13 135
472 12 155
480 44 135
482 23 145
492 37 125
496 56 145
505 41 155
511 51 145
514 62 125
525 9 145
529 21 145
532 26 155
539 4 135
540 32 125
547 29 135
547 21 145
557 45 155
558 50 135
558 28 135
560 32 145
562 2 135
566 10 155
570 18 135
576 12 135
576 33 125
577 63 145
578 10 155
580 28 135
581 20 145
581 45 135
587 34 145
606 61 165
616 29 135
620 37 125
621 32 145
630 44 145
630 22 155
634 51 135
636 58 135
648 9 140
654 11 120
655 58 150
655 37 120
659 6 140
661 43 130
664 25 150
666 15 150
672 5 150
677 8 130
680 28 125
681 63 115
686 31 150
687 40 150
687 44 130
694 19 150
697 25 140
697 17 130
698 22 150
702 37 130
704 59 155
713 18 125
714 56 145
717 39 145
724 2 145
733 19 145
734 41 125
738 61 145
739 27 145
739 39 155
740 48 145
746 0 125
754 30 155
756 45 145
756 13 145
757 32 135
757 62 135
773 45 145
773 47 145
774 10 135
789 49 155
800 55 125
803 53 145
808 59 145
808 6 155
810 24 145
814 50 135
819 42 145
821 3 145
823 50 155
826 36 155
826 18 135
840 46 125
851 48 145
853 45 155
859 16 155
859 62 125
864 26 145
864 46 145
869 63 135
876 58 145
877 3 125
883 42 145
888 6 145
888 56 155
888 25 145
905 48 125
905 59 145
905 31 135
906 0 135
908 18 145
916 4 155
916 54 145
940 19 155
944 63 155
947 24 135
949 56 125
960 32 155
962 53 145
971 46 135
981 52 145
984 12 125
985 18 125
986 37 155
992 5 135
1006 6 155
1012 58 145
1014 57 135
1017 51 165
1018 16 145
1029 47 145
1038 13 125
1041 62 145
1048 36 155
1051 2 145
1056 56 145
1059 25 125
1059 19 155
1066 24 145
1067 62 135
1070 56 155
1092 44 135
1097 5 135
1098 35 145
1110 14 155
1114 42 145
1119 50 135
1120 25 145
1122 4 145
1122 5 155
1134 6 145
1136 1 135
1146 2 145
1146 21 125
1149 5 135
1165 54 145
1169 37 155
1171 44 145
1189 50 155
1189 19 135
1204 42 145
1204 35 125
1212 52 145
1212 30 135
1216 18 115
1217 59 135
1217 12 115
1217 1 135
1231 0 125
1232 3 135
1235 55 145
1236 28 145
1243 2 135
1243 59 135
1247 28 115
1247 47 115
1250 29 125
1251 10 135
1253 4 135
1258 33 155
1261 38 115
1264 0 125
1265 39 135
1268 17 125
1269 25 115
1270 34 135
1276 45 110
1279 18 140
1288 60 125
1291 12 135
1292 55 135
1293 58 145
1294 40 155
1297 55 145
1301 0 135
1303 38 145
1305 48 155
1311 61 155
1318 49 145
1319 48 125
1321 0 135
1322 31 145
1323 42 135
1326 56 145
1328 49 135
1332 23 145
1337 32 155
1337 43 155
1342 58 135
1343 16 135
353 691 120
437 677 170
520 672 170
640 1015 120
640 533 150
641 608 140
641 1295 170
642 771 170
682 971 150
648 54 115
649 41 125
652 33 135
661 52 165
669 45 135
670 48 135
672 40 125
672 43 135
676 29 155
676 23 135
700 46 125
701 13 115
702 10 135
1273 53 105
1273 41 115
1274 32 105
1277 4 115
1277 9 135
1278 49 125
1278 28 125
1279 3 105
1279 11 125
1279 45 135
640 57 135
646 23 105
647 9 115
647 37 125
681 10 125
682 61 155
684 57 145
686 61 115
