321 1178 220
322 1317 240
323 430 250
328 1056 225
330 1129 215
334 415 215
351 808 240
369 633 240
381 407 235
412 1312 270
414 1303 250
438 1162 255
449 722 215
453 930 235
461 1122 240
466 563 230
469 1292 225
476 923 215
479 352 245
481 1102 265
485 1071 255
492 398 205
499 1075 245
505 382 250
506 883 255
509 633 255
534 418 225
538 919 250
546 895 255
551 703 215
553 1204 225
563 356 215
563 1334 250
570 724 215
587 675 240
593 1123 245
596 431 225
599 666 250
602 540 215
608 1026 205
617 1169 240
628 803 250
634 1310 240
707 888 215
722 488 260
740 1075 220
751 912 235
754 428 225
772 458 230
779 873 255
789 1002 260
796 329 240
801 1052 275
801 655 240
802 1019 215
804 1147 240
810 417 280
824 483 215
827 746 225
827 727 240
834 404 240
853 1305 260
861 903 240
862 475 215
871 923 250
872 360 280
887 1054 225
888 877 240
888 1085 225
891 534 220
901 1334 260
903 1106 250
910 658 215
918 1006 230
919 453 230
930 891 230
934 638 250
947 721 230
948 687 220
958 1118 240
960 1048 230
962 743 205
968 329 215
974 960 225
975 1046 205
994 930 280
1005 659 230
1006 1079 215
1011 1176 250
1015 529 215
1029 398 205
1035 808 265
1047 661 225
1066 358 230
1067 1297 250
1067 341 225
1070 691 205
1079 540 250
1082 843 235
1087 981 230
1112 632 250
1118 1028 225
1128 508 230
1128 981 260
1133 1319 265
1134 1151 230
1142 399 225
1142 431 265
1146 1202 205
1156 1141 240
1169 1140 240
1180 1145 230
1186 684 225
1186 702 245
1191 1092 205
1192 1186 255
1192 1033 255
1195 536 240
1198 1296 260
1282 1341 240
1284 1040 230
1290 662 250
1303 1043 235
1309 591 215
1310 916 240
1315 903 275
1328 1315 215
1332 415 245
1334 756 215
1337 711 215
378 1220 225
649 426 215
653 703 205
659 984 250
667 411 250
670 1175 240
677 563 225
699 862 240
700 1070 245
793 1270 245
801 1229 230
839 1224 220
971 1234 220
1216 951 215
1220 574 205
1234 800 230
1235 603 240
1235 573 210
1236 420 215
1242 519 250
1249 462 240
1254 405 215
1266 575 250
1268 971 205
1268 796 215
1342 1223 240
323 53 215
325 60 250
326 30 210
328 36 200
340 26 250
342 50 210
359 51 215
360 29 220
366 60 235
368 46 190
369 26 235
377 56 235
380 1 205
382 41 225
382 7 220
384 49 240
386 20 215
388 7 255
394 46 215
400 17 225
404 7 245
405 44 230
410 9 225
411 47 210
412 33 215
430 23 225
434 56 225
437 8 230
437 24 240
442 24 265
455 62 225
464 24 215
472 40 210
473 59 190
478 59 210
479 13 215
484 34 200
486 17 250
490 40 200
493 5 200
494 57 235
500 44 225
501 8 190
506 11 225
512 13 200
519 34 200
527 14 240
532 31 250
533 60 190
540 14 260
547 55 235
548 40 225
551 52 250
553 40 210
555 51 215
561 26 225
566 27 235
566 20 215
570 11 200
573 38 200
575 62 200
577 59 245
609 27 215
612 49 210
613 25 250
620 43 210
629 7 215
636 32 215
707 2 210
710 5 200
717 50 235
728 43 260
734 26 230
741 25 235
741 27 245
742 43 225
757 19 210
762 44 215
762 31 215
768 63 250
772 26 225
775 6 200
779 18 220
782 33 210
789 24 190
797 48 215
797 52 215
798 31 200
803 0 230
804 0 200
808 2 190
810 4 225
822 30 210
827 18 190
842 8 215
844 24 200
844 59 205
845 53 210
856 25 220
862 57 205
862 35 200
867 22 200
874 42 205
876 42 215
876 30 200
879 49 200
879 42 250
882 49 200
882 55 190
883 4 220
883 27 245
884 28 235
884 7 210
886 31 200
898 49 220
914 3 210
914 12 225
918 12 200
921 9 210
927 20 210
930 54 215
934 3 240
938 12 225
944 21 225
947 8 225
949 6 240
956 52 240
960 15 225
961 58 225
964 31 255
967 50 220
967 4 270
968 9 200
968 47 240
978 47 200
981 42 190
981 19 240
982 31 210
983 63 230
992 23 210
1002 34 210
1005 41 235
1006 50 250
1008 58 220
1015 11 200
1016 35 210
1023 5 210
1028 36 210
1028 59 240
1028 7 235
1034 1 235
1035 8 225
1057 5 225
1063 43 215
1079 6 250
1083 40 235
1085 9 215
1085 11 240
1096 33 225
1097 39 190
1097 54 235
1104 27 225
1106 38 200
1108 52 210
1112 54 250
1114 12 190
1119 49 225
1121 61 240
1136 25 230
1142 27 235
1145 62 250
1152 53 225
1156 10 225
1169 13 250
1180 2 190
1186 58 210
1191 14 200
1194 2 215
1196 9 200
1198 60 225
1202 27 215
1207 57 200
1215 14 225
1290 0 225
1292 11 245
1297 27 215
1300 53 240
1303 7 210
1308 48 200
1309 1 210
1312 15 235
1313 61 210
1314 8 215
1321 12 240
1322 16 210
1323 13 215
1327 34 225
1327 23 235
1330 3 225
1336 15 225
1340 55 210
1342 51 210
1342 3 210
649 1221 230
672 1259 215
1279 500 255
641 26 235
642 38 190
647 51 200
664 31 210
667 61 190
669 28 235
670 57 215
676 52 230
678 26 200
688 21 225
694 52 225
694 62 210
698 11 200
700 60 195
703 25 235
1221 26 225
1223 43 195
1224 29 190
1235 30 255
1240 44 190
1243 22 210
1247 62 230
1250 43 190
1251 44 190
1255 29 235
1256 2 195
1256 3 200
1257 38 220
1258 15 215
1268 34 190
321 1070 190
323 397 150
330 1179 145
342 724 170
342 725 150
343 514 175
348 555 155
352 680 170
353 691 185
354 1314 165
365 1097 165
366 1147 160
368 826 155
368 716 155
378 516 145
378 410 165
388 984 160
388 577 190
399 392 145
399 498 200
416 588 150
417 483 165
421 1309 170
428 1281 175
433 1123 190
434 344 145
435 1089 175
435 1300 150
437 677 160
437 585 175
444 617 155
447 691 155
452 578 185
453 934 155
456 464 170
460 722 160
462 561 200
468 479 180
469 1178 160
472 367 190
473 1338 145
476 618 200
477 686 160
486 444 155
487 1333 145
487 542 175
488 566 150
490 1301 150
493 1139 165
493 665 160
493 1083 160
496 389 175
500 551 165
501 537 165
501 427 165
506 1215 160
512 812 175
514 1010 150
514 359 145
518 768 175
518 925 155
520 672 165
521 367 200
527 658 200
536 512 150
537 494 160
538 443 175
540 485 160
541 1063 200
543 867 145
546 632 185
551 537 190
556 482 145
563 1165 170
576 528 150
579 557 170
579 1198 175
580 739 210
582 864 155
583 480 150
593 633 210
595 1312 155
599 1328 170
609 787 160
612 722 150
616 1089 150
616 1070 155
622 888 190
638 1181 155
638 759 160
704 426 160
704 882 180
712 506 175
713 1136 165
713 631 160
714 525 175
717 743 155
719 514 185
731 1191 160
732 1112 155
732 894 180
738 553 145
738 1322 155
740 595 165
743 1341 145
743 1070 155
747 1309 190
751 458 195
751 397 200
759 640 160
759 824 175
760 905 155
760 711 150
762 859 190
771 1211 160
774 677 165
775 601 165
779 1202 150
782 688 165
782 772 145
783 762 155
783 363 175
789 971 155
791 1080 160
791 914 175
791 919 155
792 574 155
792 647 150
796 584 180
800 415 145
812 1320 175
818 548 190
818 606 175
821 662 160
828 1176 180
828 601 160
828 668 150
831 537 150
831 709 175
832 1107 160
832 566 155
837 614 180
841 822 160
843 480 145
843 726 155
844 725 170
844 974 145
851 538 175
851 351 145
851 775 155
856 363 155
863 1046 185
867 471 155
868 1191 150
873 586 165
873 797 185
877 582 170
879 1017 155
882 1178 150
886 1330 155
888 1015 150
910 1046 170
911 748 175
912 430 165
914 1128 170
916 1016 165
918 1334 165
924 470 155
925 697 150
926 382 165
927 874 200
928 734 155
928 487 150
934 476 145
935 537 185
949 1075 170
956 358 150
957 1204 190
958 467 145
964 774 175
967 1023 190
977 1085 170
978 540 145
984 851 180
988 1169 175
988 441 150
996 332 180
1000 924 150
1010 643 160
1014 606 145
1027 385 150
1035 549 145
1035 473 190
1040 562 145
1040 663 200
1048 704 165
1048 1162 180
1056 1191 190
1062 782 175
1068 1040 150
1071 480 165
1080 1342 145
1085 665 160
1089 654 175
1097 1316 155
1097 722 170
1104 662 165
1106 1316 160
1106 822 165
1111 940 175
1114 647 200
1115 611 170
1122 457 190
1122 1013 180
1123 854 160
1124 790 160
1129 597 170
1130 553 155
1131 688 145
1143 433 175
1143 338 150
1146 612 160
1157 1140 150
1159 326 155
1163 494 180
1169 724 165
1175 1033 165
1179 1144 155
1180 1047 185
1184 823 200
1195 1212 145
1198 961 190
1198 703 145
1202 951 190
1215 867 175
1215 903 170
1215 394 145
1282 342 165
1283 465 155
1284 952 160
1285 570 160
1287 876 175
1292 911 155
1292 758 150
1294 533 170
1295 854 170
1297 428 155
1301 1003 145
1306 947 180
1310 353 175
1310 876 200
1317 948 160
1328 793 155
1330 754 210
1334 449 190
1334 790 150
680 26 185
684 45 240
687 10 250
687 60 195
1273 49 170
1276 10 205
1276 35 230
326 395 155
327 417 165
329 360 150
330 641 155
332 1162 165
340 762 135
346 413 160
351 1291 165
354 557 125
358 640 160
358 1253 175
363 353 140
363 427 180
377 397 135
378 565 160
380 471 145
383 938 155
384 1013 145
385 926 150
388 653 155
389 742 160
392 1296 135
397 1230 155
399 437 140
400 1300 145
401 820 145
406 1256 140
407 940 130
412 520 155
412 1092 165
413 445 130
417 1033 135
418 1118 155
420 1199 145
427 722 165
430 1265 145
431 411 140
437 1190 155
442 537 170
444 470 165
449 762 145
455 640 150
458 977 165
459 605 135
462 984 140
469 549 165
469 1285 140
471 1123 135
472 622 145
476 1292 160
478 1025 160
480 689 150
483 534 150
484 791 160
485 798 180
486 1027 170
496 1115 155
499 1067 140
501 1135 155
502 1231 170
506 1072 140
508 485 165
513 1322 155
513 467 165
513 1116 190
518 677 145
520 914 130
524 1219 160
529 382 140
538 413 145
539 992 145
539 521 155
546 1072 150
551 984 145
554 1087 155
555 1327 145
556 1162 180
568 1310 175
575 1221 155
578 1113 155
579 720 140
579 546 150
581 1143 135
582 1291 170
585 1210 155
587 458 150
587 1058 145
588 939 170
596 690 200
596 514 155
597 462 150
601 768 135
602 883 155
602 1149 145
605 1015 160
606 414 145
607 907 150
609 839 160
612 690 145
612 581 165
614 613 140
617 776 165
618 719 140
629 575 170
630 912 140
632 762 135
632 468 155
637 1199 140
638 993 140
640 1015 175
640 533 180
640 1181 150
641 608 150
641 1295 165
642 771 140
642 717 145
643 971 135
643 397 130
646 1318 165
647 728 150
648 763 170
652 1104 155
653 368 140
654 1313 125
654 726 160
658 489 145
658 925 175
658 582 135
659 1039 160
661 958 145
663 528 175
663 843 150
664 607 150
664 775 155
664 687 150
666 1159 165
667 1280 145
667 1191 190
671 321 150
672 463 140
674 1107 145
675 663 155
675 703 155
677 414 145
678 603 140
688 642 165
689 417 180
691 688 145
695 532 160
696 585 185
696 747 175
697 588 135
698 1191 185
700 780 150
701 490 155
702 993 155
702 853 155
706 1088 135
706 428 150
718 630 145
719 1183 145
728 1175 150
733 445 165
734 641 160
734 520 155
734 862 165
736 1327 150
736 831 130
739 710 150
742 1300 155
743 620 140
744 463 165
745 716 165
754 921 130
756 689 135
757 325 155
757 1181 130
759 710 135
759 840 190
760 1307 150
760 375 160
771 832 175
771 484 135
771 1261 135
773 722 150
773 803 155
774 812 135
774 793 155
775 588 145
778 455 140
780 465 160
782 599 150
789 700 140
792 434 160
793 864 165
794 533 180
798 1265 155
802 1235 165
802 806 135
813 982 160
820 1235 145
821 771 130
823 666 145
826 614 145
827 1051 160
837 321 185
837 442 165
843 856 135
846 401 170
846 629 150
848 1335 140
863 859 150
867 1203 155
869 1055 160
870 820 145
873 401 150
873 465 135
879 1015 185
881 412 140
883 1144 145
885 1192 170
894 676 135
903 1235 145
903 1055 155
906 1337 165
906 1026 165
907 494 165
911 528 160
912 433 135
914 848 165
918 886 135
920 822 145
921 1293 150
934 1332 135
948 1313 145
953 984 160
957 778 165
957 415 145
958 1070 160
962 1063 135
964 613 135
968 519 165
974 1279 150
977 802 145
980 1146 145
980 748 175
981 579 140
981 1289 160
981 599 135
983 1257 140
983 718 180
984 981 175
985 1207 130
992 1338 155
992 629 165
996 975 160
1000 1334 155
1002 534 140
1010 995 150
1018 461 155
1019 463 150
1020 1330 135
1021 1258 155
1021 1322 150
1023 1251 175
1032 1006 160
1035 1151 155
1036 964 150
1038 423 155
1039 971 140
1041 886 160
1043 528 160
1043 828 155
1048 1008 145
1055 733 150
1057 1031 155
1066 558 135
1067 840 160
1068 1210 135
1069 923 140
1072 1223 160
1074 1297 165
1083 584 130
1083 948 160
1085 506 145
1087 1106 140
1088 871 190
1094 763 140
1096 808 145
1097 746 165
1102 983 140
1108 977 130
1108 1221 145
1111 322 145
1112 1120 150
1114 747 160
1122 1123 150
1122 803 175
1128 798 145
1133 1124 140
1134 365 140
1140 1278 180
1141 1064 155
1143 742 125
1143 638 165
1147 607 135
1149 561 165
1157 1294 145
1159 478 150
1163 964 150
1169 458 150
1179 1106 130
1180 877 165
1181 907 175
1186 325 140
1189 660 155
1190 379 175
1193 640 145
1193 797 165
1196 808 145
1196 1213 135
1196 798 130
1199 741 200
1202 801 150
1202 868 160
1207 476 170
1210 560 145
1211 1034 140
1216 490 150
1216 733 150
1220 553 145
1226 616 150
1229 1080 145
1229 842 205
1230 676 155
1232 538 165
1235 1195 170
1235 334 135
1235 721 155
1237 743 165
1242 1171 145
1247 401 145
1249 1184 190
1255 516 180
1256 832 145
1261 775 160
1261 520 160
1262 1335 180
1263 453 160
1264 1128 185
1266 986 145
1267 871 185
1267 375 140
1270 584 155
1295 1135 140
1296 1010 150
1296 1119 140
1297 368 145
1297 964 150
1306 814 170
1307 549 165
1310 968 155
1310 461 140
1310 434 145
1312 1332 145
1314 363 150
1315 581 125
1316 1080 140
1318 526 135
1319 576 155
1320 870 145
1320 659 135
1320 949 145
1321 652 150
1330 384 170
1332 441 145
1335 521 160
1335 1106 145
1338 418 170
1341 1255 155
1342 476 130
321 47 130
329 49 150
329 63 160
341 42 130
342 4 140
343 37 130
344 17 135
352 40 135
352 26 135
352 7 135
353 21 150
359 6 130
368 16 150
371 34 130
373 36 140
377 10 155
380 31 175
385 15 135
388 19 145
392 56 150
398 30 145
400 3 160
406 13 160
407 50 150
410 56 170
411 31 140
417 39 140
418 36 145
420 44 160
421 43 165
423 0 180
428 14 145
432 47 170
434 10 170
438 12 185
438 28 130
439 6 160
440 51 160
441 55 145
442 63 170
442 39 140
443 47 130
445 23 170
449 15 155
452 0 140
453 61 145
453 13 135
457 17 130
458 3 165
465 16 130
466 14 140
471 11 150
472 58 130
472 12 150
480 44 185
480 54 175
482 23 160
483 57 140
483 31 130
492 37 150
493 10 130
496 56 170
502 27 150
505 41 135
506 15 130
511 51 170
514 62 150
524 45 130
525 9 180
525 62 130
527 59 140
527 54 175
527 7 140
528 20 130
529 49 140
529 43 150
529 21 170
532 49 130
532 26 160
533 42 130
539 4 180
540 32 135
542 62 150
547 29 135
547 21 145
551 8 140
554 36 165
555 39 150
557 45 135
558 50 170
558 28 145
560 32 160
562 2 135
563 47 165
566 33 130
566 10 145
566 6 140
568 1 140
570 18 135
573 10 165
576 12 170
576 33 160
577 45 165
577 63 160
578 10 145
578 5 165
580 28 170
581 42 150
581 20 135
581 45 150
583 37 140
587 34 145
590 19 130
600 36 140
603 11 155
606 33 140
606 61 170
614 18 130
616 29 145
620 19 130
620 37 170
621 32 135
625 62 150
626 18 130
630 44 145
630 22 160
632 22 160
634 51 160
636 58 160
636 14 155
704 59 135
705 2 130
705 58 150
711 18 140
713 18 145
714 56 145
717 40 140
717 39 145
719 19 130
720 11 165
722 33 140
724 17 130
724 2 175
733 19 170
734 41 150
736 16 140
738 33 140
738 61 145
739 27 145
739 39 170
740 48 170
746 0 160
746 26 155
751 8 130
754 26 130
754 30 150
756 45 150
756 13 135
757 32 170
757 62 135
762 25 140
764 36 140
769 0 130
771 18 140
773 45 145
773 47 145
774 10 160
776 9 165
776 37 130
779 26 130
782 38 140
787 30 165
789 49 145
800 55 170
801 46 140
803 53 170
806 16 150
808 59 135
808 6 160
810 24 135
810 61 165
814 50 135
814 7 130
819 42 135
821 3 135
823 50 145
824 19 165
826 36 180
826 18 150
827 9 155
834 8 130
834 23 130
840 46 135
845 46 140
847 26 130
848 39 165
851 48 155
853 45 145
859 16 145
859 45 140
859 62 145
862 37 130
864 26 145
864 46 170
869 63 150
869 52 140
872 46 130
876 58 160
877 3 135
881 6 165
883 42 145
888 6 135
888 56 135
888 25 135
892 47 140
892 55 150
894 47 160
895 30 140
899 15 140
904 22 130
905 39 165
905 48 145
905 14 140
905 59 170
905 31 150
906 0 170
908 18 170
911 44 140
912 29 130
916 4 145
916 54 135
918 52 130
921 50 165
923 1 150
930 22 140
939 31 150
940 19 135
944 63 145
947 32 130
947 24 135
947 15 130
949 56 160
950 33 130
953 25 150
957 43 140
960 32 160
962 53 135
964 25 175
971 46 170
981 52 145
982 34 130
984 12 135
985 18 145
986 37 135
986 31 140
987 23 140
992 5 170
994 31 130
995 57 150
1002 1 175
1003 49 140
1006 6 170
1012 58 160
1012 2 160
1012 38 140
1014 57 145
1017 40 150
1017 1 140
1017 51 145
1018 16 175
1019 6 165
1020 36 140
1029 47 175
1032 23 130
1034 58 165
1035 14 165
1038 37 140
1038 13 160
1041 62 150
1048 36 150
1051 2 160
1052 49 140
1054 56 150
1056 56 150
1059 25 145
1059 19 135
1066 24 170
1067 62 145
1070 56 145
1070 4 175
1079 3 130
1082 36 150
1092 44 155
1092 62 150
1094 0 130
1097 5 170
1098 35 155
1103 33 185
1103 60 185
1106 8 160
1107 3 175
1110 14 135
1114 42 170
1119 50 160
1120 25 135
1121 17 140
1122 4 170
1122 5 185
1124 42 130
1130 9 140
1131 51 140
1134 6 145
1135 50 175
1136 1 150
1136 44 150
1136 13 130
1145 48 155
1145 51 130
1146 2 135
1146 21 160
1147 49 140
1147 19 165
1149 5 135
1152 54 165
1156 20 165
1165 54 135
1167 12 155
1167 61 175
1169 37 160
1171 59 130
1171 44 155
1175 17 175
1181 17 175
1189 50 160
1189 2 150
1189 19 185
1192 23 140
1193 5 140
1194 25 140
1199 39 140
1203 33 140
1204 42 170
1204 35 150
1212 52 160
1212 30 150
1283 48 130
1283 51 140
1285 10 155
1285 42 150
1288 60 170
1291 12 170
1291 22 140
1292 53 140
1292 55 180
1293 58 145
1294 40 135
1297 55 145
1301 24 130
1301 0 145
1303 59 140
1303 38 135
1305 48 150
1305 18 150
1308 47 130
1311 3 155
1311 61 170
1316 39 140
1318 49 155
1319 48 135
1321 0 145
1322 31 135
1323 42 160
1323 30 150
1326 56 170
1328 49 170
1328 9 140
1332 23 150
1334 46 130
1336 51 165
1337 32 145
1337 43 180
1337 13 140
1341 62 155
1342 58 160
1343 56 130
1343 16 145
359 1256 155
434 1263 145
437 1269 145
471 1230 140
499 1278 145
543 1270 145
597 1229 155
622 1278 150
641 1250 145
658 1235 145
676 1246 155
681 904 165
681 1100 140
681 1149 150
682 971 160
684 526 130
684 478 150
687 738 120
687 1309 180
810 1259 115
810 1276 150
846 1276 135
885 1216 135
905 1230 140
907 1217 140
962 1232 125
1015 1224 140
1139 1230 145
1183 1276 140
1220 1193 185
1225 1116 145
1229 1053 155
1230 578 125
1231 646 145
1237 381 130
1240 1089 125
1249 869 145
1250 492 165
1251 789 155
1254 794 120
1258 373 155
1261 516 155
1261 1276 155
1268 512 135
1269 964 125
1270 968 130
1270 435 155
1271 967 145
1273 956 135
1274 650 135
1274 491 150
1278 486 140
1279 1149 165
1281 1268 150
1315 1268 125
321 48 120
322 23 115
325 15 145
326 11 140
328 46 125
330 17 135
332 18 130
332 15 135
333 6 130
338 63 145
340 17 110
340 52 130
341 19 135
359 48 150
360 16 130
366 57 110
368 20 140
373 20 150
373 23 135
375 58 110
378 31 130
381 18 135
381 6 115
392 0 135
395 63 140
401 56 140
404 32 130
404 58 135
410 44 145
410 40 115
411 34 150
414 7 150
415 26 120
416 51 155
417 59 130
418 60 120
423 28 115
428 28 120
428 38 130
428 63 150
431 26 130
431 18 150
435 3 120
437 10 120
439 42 120
442 17 135
444 1 150
445 25 120
445 27 110
452 30 120
455 4 125
456 50 155
456 61 125
457 58 125
459 60 145
459 6 125
460 23 140
465 42 150
466 33 150
466 22 130
467 0 175
467 48 115
468 24 120
468 41 140
475 24 150
475 19 130
477 62 145
479 20 120
482 35 125
482 55 135
486 48 130
487 42 150
490 42 110
492 19 155
493 34 145
493 36 155
500 63 130
501 47 140
505 20 135
506 51 160
511 14 110
511 7 115
519 6 150
524 62 140
526 48 110
528 18 150
530 29 135
534 17 125
534 7 145
536 36 140
539 47 140
542 13 165
547 32 145
548 54 150
551 5 130
554 49 130
554 37 155
554 13 125
557 2 125
558 23 110
561 4 125
563 23 135
570 8 120
573 60 140
576 8 155
577 62 155
578 9 140
579 20 135
582 16 145
583 39 120
587 16 160
588 46 120
588 14 120
600 19 160
601 53 150
606 12 140
608 29 120
611 10 135
612 24 130
613 49 140
613 31 120
618 36 140
618 20 150
621 60 140
621 12 135
621 33 140
621 15 140
622 57 120
626 15 135
629 12 150
632 58 145
633 26 135
634 25 120
637 43 125
640 57 165
646 19 140
646 23 140
647 9 160
647 37 145
647 57 110
648 9 150
648 54 180
648 1 130
649 41 155
649 37 110
652 33 170
652 47 140
654 11 165
655 58 130
655 3 130
655 37 150
657 11 150
659 6 155
660 59 150
661 43 140
661 52 160
663 16 150
664 25 155
665 33 120
666 15 145
669 45 150
670 48 145
672 40 135
672 43 150
672 5 130
676 29 155
676 23 160
677 8 165
678 25 140
689 2 110
690 41 130
691 25 120
691 31 120
694 19 165
695 17 130
695 57 115
696 12 120
697 28 125
697 25 120
697 37 120
697 17 130
698 17 145
698 22 130
700 46 145
701 13 150
702 10 145
702 59 125
702 37 130
707 6 130
709 38 130
712 2 150
714 40 130
714 63 130
719 46 125
721 9 130
724 35 150
724 49 140
728 45 145
728 54 145
730 31 135
732 16 110
732 60 140
733 3 130
733 28 150
734 4 135
736 48 115
738 29 150
740 37 125
741 61 165
746 14 125
748 33 135
748 4 130
751 60 135
757 11 130
759 31 125
760 24 135
764 22 150
772 58 155
774 3 135
774 4 140
779 54 135
780 26 145
787 48 135
787 0 125
787 5 140
789 4 130
790 34 115
790 29 150
790 7 155
793 9 115
800 48 155
808 60 150
808 53 120
810 42 120
820 59 120
822 28 130
823 28 130
826 34 120
827 20 150
829 10 150
832 62 125
832 21 130
836 40 165
836 2 135
839 56 140
839 45 130
839 46 145
841 50 150
845 44 115
852 18 145
856 0 125
861 5 110
864 60 145
868 5 115
869 26 145
872 19 145
873 27 125
873 31 170
880 60 145
882 57 110
883 9 130
883 24 160
894 15 125
895 53 140
898 47 165
898 15 150
910 26 125
914 36 135
916 42 140
918 15 140
918 21 120
919 6 145
924 35 160
924 52 125
924 45 140
925 9 165
927 38 130
930 52 130
940 23 130
954 13 135
960 26 110
960 36 135
961 37 130
966 39 145
977 44 130
978 52 120
982 60 140
983 6 120
984 18 155
988 25 115
988 2 135
988 15 135
992 20 125
993 17 145
994 32 130
994 42 120
994 12 130
995 35 140
996 48 140
996 55 145
996 21 130
1000 58 160
1003 8 135
1004 3 135
1007 27 155
1010 27 175
1010 7 130
1013 49 115
1014 18 120
1019 3 130
1020 42 120
1021 53 155
1025 36 130
1026 32 125
1027 9 125
1028 60 155
1031 11 160
1032 29 135
1034 47 130
1035 60 135
1038 59 150
1039 52 120
1039 38 140
1051 15 150
1053 0 150
1053 62 120
1057 17 140
1057 23 120
1062 10 150
1067 5 150
1068 5 135
1069 16 135
1071 34 160
1075 6 125
1079 60 130
1079 35 130
1084 27 135
1085 4 110
1085 22 140
1087 5 145
1092 50 130
1094 44 125
1094 63 150
1098 36 125
1100 25 135
1111 30 135
1113 40 115
1113 59 135
1115 9 140
1116 13 135
1118 10 140
1120 0 120
1122 15 140
1123 33 125
1124 23 130
1128 37 125
1129 36 135
1130 45 135
1131 24 130
1133 54 130
1134 37 130
1134 53 125
1135 47 160
1139 30 120
1140 25 140
1143 36 135
1143 41 140
1144 53 120
1146 43 150
1152 32 110
1152 28 120
1155 18 145
1155 52 175
1157 44 140
1157 37 135
1164 5 130
1164 6 145
1165 51 125
1169 59 130
1175 27 140
1175 29 140
1181 5 120
1184 0 155
1184 10 135
1184 46 140
1189 13 125
1190 32 115
1190 13 120
1192 8 130
1192 48 135
1192 49 150
1193 50 165
1193 62 125
1195 55 140
1199 37 130
1200 30 140
1202 10 110
1203 44 155
1207 28 145
1210 8 140
1210 37 145
1215 41 125
1215 63 130
1217 59 145
1217 1 150
1224 61 150
1232 40 120
1232 1 160
1232 3 125
1234 51 150
1243 2 160
1250 29 135
1251 8 130
1251 10 150
1251 31 140
1253 43 120
1257 20 165
1258 33 160
1259 62 140
1261 56 120
1264 0 125
1264 54 130
1265 50 130
1268 17 155
1271 55 140
1281 18 145
1282 53 150
1283 18 140
1284 1 130
1284 56 150
1284 51 140
1284 57 165
1288 39 135
1293 45 115
1294 5 130
1295 17 110
1301 17 130
1305 39 125
1307 56 160
1307 17 160
1307 43 150
1309 53 110
1314 24 135
1318 28 125
1320 38 120
1326 24 130
1338 46 150
437 1235 150
746 1239 120
759 1242 155
885 1246 135
1216 1264 135
1220 1242 160
1263 1247 155
1273 1313 135
1279 785 120
680 28 120
681 10 125
681 63 175
682 61 145
684 57 140
684 61 135
686 61 115
686 31 145
687 40 165
687 44 140
1216 18 130
1216 27 120
1216 30 125
1217 60 120
1217 12 135
1219 40 140
1220 36 120
1220 55 120
1221 14 120
1224 5 110
1225 23 155
1231 0 115
1235 55 125
1236 28 160
1243 59 115
1243 28 130
1247 28 135
1247 47 135
1253 4 135
1254 37 125
1259 3 140
1261 38 105
1265 44 125
1265 39 115
1267 51 150
1267 28 120
1268 58 100
1269 25 115
1270 34 125
1273 41 135
1276 27 150
1277 49 175
1277 9 150
1278 49 125
1278 28 145
1279 11 135
1273 53 105
1274 32 95
1276 45 125
1277 4 135
1279 3 130
1279 45 155
1279 18 115
