321 1178 225
322 1317 235
323 430 235
328 1056 235
330 1129 245
334 415 245
351 808 235
369 633 235
378 1220 225
381 407 235
412 1312 245
414 1303 245
438 1162 225
449 722 235
453 930 245
461 1122 235
466 563 235
469 1292 245
476 923 245
481 1102 235
485 1071 235
492 398 235
499 1075 245
506 883 245
509 633 235
534 418 245
538 919 235
546 895 235
551 703 235
553 1204 245
563 1334 235
570 724 235
587 675 225
593 1123 235
596 431 245
599 666 245
602 540 225
608 1026 235
617 1169 235
628 803 235
634 1310 235
707 888 255
722 488 235
740 1075 235
751 912 235
754 428 235
772 458 255
779 873 245
789 1002 225
793 1270 235
801 1052 235
801 1229 235
801 655 235
802 1019 245
804 1147 235
810 417 235
824 483 225
827 746 235
827 727 245
834 404 245
839 1224 225
853 1305 235
861 903 235
862 475 235
871 923 245
887 1054 245
888 877 235
888 1085 235
891 534 225
901 1334 235
903 1106 245
910 658 245
918 1006 225
919 453 235
930 891 235
934 638 235
947 721 235
948 687 245
958 1118 235
960 1048 235
962 743 225
971 1234 245
974 960 245
975 1046 245
994 930 235
1005 659 235
1006 1079 235
1011 1176 235
1015 529 235
1029 398 245
1035 808 235
1047 661 235
1067 1297 225
1070 691 235
1079 540 245
1082 843 245
1087 981 225
1112 632 235
1118 1028 245
1128 508 245
1128 981 235
1133 1319 245
1134 1151 235
1142 399 235
1142 431 235
1146 1202 235
1156 1141 245
1169 1140 245
1180 1145 225
1186 684 235
1186 702 235
1191 1092 235
1192 1186 235
1192 1033 245
1195 536 235
1198 1296 235
1216 951 225
1220 574 235
1234 800 235
1235 603 235
1235 573 225
1236 420 235
1242 519 245
1249 462 245
1254 405 235
1266 575 235
1268 971 235
1268 796 235
1282 1341 225
1284 1040 235
1290 662 235
1303 1043 245
1309 591 225
1310 916 235
1315 903 235
1328 1315 235
1332 415 235
1334 756 245
1337 711 235
1342 1223 235
479 352 225
505 382 225
563 356 235
649 426 245
649 1221 225
653 703 235
659 984 235
667 411 225
670 1175 235
672 1259 245
677 563 225
699 862 225
700 1070 215
872 360 225
1066 358 235
1067 341 235
1279 500 215
323 53 220
325 60 220
326 30 220
328 36 210
340 26 230
342 50 220
359 51 220
360 29 220
366 60 220
368 46 230
369 26 230
377 56 220
380 1 220
382 41 220
382 7 220
384 49 220
386 20 230
388 7 230
394 46 220
400 17 210
404 7 220
405 44 240
410 9 230
411 47 210
412 33 220
430 23 220
434 56 220
437 8 240
437 24 230
442 24 220
455 62 220
464 24 210
472 40 220
473 59 230
478 59 230
479 13 210
484 34 220
486 17 220
490 40 220
493 5 220
494 57 230
500 44 220
501 8 230
506 11 210
512 13 220
519 34 230
527 14 230
532 31 220
533 60 220
540 14 230
547 55 220
548 40 220
551 52 230
553 40 220
555 51 220
561 26 210
566 27 220
566 20 230
570 11 230
573 38 220
575 62 220
577 59 230
609 27 230
612 49 220
613 25 230
620 43 220
629 7 220
636 32 220
707 2 220
710 5 230
717 50 230
728 43 210
734 26 220
741 25 220
741 27 220
742 43 220
757 19 230
762 44 220
762 31 220
768 63 210
772 26 220
775 6 230
779 18 230
782 33 220
789 24 220
797 48 220
797 52 220
798 31 230
803 0 230
804 0 220
808 2 220
810 4 210
822 30 220
827 18 230
842 8 230
844 24 210
844 59 220
845 53 220
856 25 220
862 57 220
862 35 230
867 22 220
874 42 220
876 42 210
876 30 220
879 49 230
879 42 230
882 49 220
882 55 230
883 4 220
883 27 220
884 28 220
884 7 230
886 31 220
898 49 220
914 3 210
914 12 220
918 12 230
921 9 230
927 20 210
930 54 220
934 3 220
938 12 220
944 21 220
947 8 230
949 6 220
956 52 220
960 15 220
961 58 220
964 31 230
967 50 230
967 4 210
968 9 220
968 47 220
978 47 220
981 42 220
981 19 230
982 31 220
983 63 220
992 23 210
1002 34 220
1005 41 230
1006 50 230
1008 58 210
1015 11 220
1016 35 220
1023 5 220
1028 36 230
1028 59 230
1028 7 220
1034 1 220
1035 8 210
1057 5 220
1063 43 230
1079 6 230
1083 40 210
1085 9 230
1085 11 220
1096 33 220
1097 39 220
1097 54 230
1104 27 220
1106 38 220
1108 52 220
1112 54 220
1114 12 230
1119 49 230
1121 61 220
1136 25 220
1142 27 220
1145 62 220
1152 53 220
1156 10 230
1169 13 220
1180 2 220
1186 58 210
1191 14 220
1194 2 230
1196 9 230
1198 60 210
1202 27 220
1207 57 230
1215 14 220
1221 26 210
1223 43 220
1224 29 220
1235 30 220
1240 44 220
1243 22 220
1247 62 220
1250 43 230
1251 44 210
1255 29 220
1256 2 220
1256 3 220
1257 38 210
1258 15 220
1268 34 220
1290 0 220
1292 11 210
1297 27 220
1300 53 220
1303 7 230
1308 48 210
1309 1 230
1312 15 230
1313 61 220
1314 8 230
1321 12 230
1322 16 220
1323 13 220
1327 34 210
1327 23 220
1330 3 230
1336 15 230
1340 55 210
1342 51 230
1342 3 220
796 329 215
968 329 215
664 31 230
667 61 210
669 28 210
670 57 200
676 52 210
678 26 230
688 21 230
694 52 210
694 62 210
698 11 210
700 60 210
703 25 220
1273 49 210
1276 10 210
1276 35 210
641 26 190
642 38 200
647 51 210
680 26 200
684 45 190
687 10 200
687 60 210
321 1070 155
327 417 145
330 1179 165
332 1162 145
340 762 155
342 724 155
346 413 155
348 555 165
351 1291 155
354 1314 155
354 557 145
358 640 145
363 427 155
365 1097 155
368 826 155
368 716 155
377 397 145
378 516 155
378 410 155
378 565 145
380 471 155
384 1013 145
388 577 155
389 742 145
392 1296 155
397 1230 165
399 392 155
400 1300 145
401 820 145
417 1033 155
418 1118 155
420 1199 155
421 1309 155
430 1265 155
437 1190 155
444 617 155
447 691 155
449 762 155
453 934 155
459 605 145
468 479 155
471 1123 145
472 622 155
473 1338 155
476 1292 155
486 1027 145
486 444 155
487 1333 155
493 1139 155
499 1278 145
500 551 155
501 537 155
501 1135 145
502 1231 155
512 812 155
513 1322 145
513 1116 165
518 768 155
518 925 155
518 677 145
539 992 155
539 521 155
543 867 155
551 984 145
555 1327 155
556 482 155
556 1162 155
579 557 155
581 1143 155
582 864 155
582 1291 145
587 1058 145
595 1312 155
599 1328 155
601 768 155
602 1149 145
606 414 145
609 839 155
612 690 155
616 1070 155
629 575 155
632 762 145
632 468 145
638 1181 155
648 763 155
652 1104 145
654 1313 145
658 489 145
658 582 145
661 958 155
663 843 145
664 775 145
672 463 145
674 1107 145
675 663 145
695 532 145
700 780 155
704 882 155
706 1088 165
713 1136 155
717 743 155
718 630 145
719 1183 145
732 1112 165
732 894 155
738 553 155
738 1322 155
742 1300 145
743 1341 155
743 1070 155
756 689 145
759 710 145
759 840 145
759 1242 165
760 905 155
762 859 155
771 484 155
771 1261 155
773 722 145
774 677 155
774 812 145
774 793 155
775 588 155
780 465 145
782 688 155
782 772 155
783 762 155
789 971 155
791 919 165
792 434 145
792 574 155
796 584 155
798 1265 155
800 415 155
802 1235 165
802 806 145
810 1259 145
818 548 155
820 1235 155
823 666 155
826 614 155
827 1051 145
828 1176 155
832 566 155
837 614 155
843 856 145
843 480 155
843 726 155
844 725 155
844 974 155
846 401 145
851 775 155
867 1203 145
867 471 155
869 1055 145
870 820 145
873 465 155
877 582 155
879 1017 155
885 1216 145
885 1246 145
886 1330 155
894 676 165
903 1235 155
903 1055 155
910 1046 155
912 433 145
912 430 165
916 1016 155
918 886 145
918 1334 155
920 822 145
924 470 155
928 734 155
934 1332 145
934 476 155
948 1313 155
949 1075 155
957 1204 155
957 415 145
958 467 155
962 1232 145
962 1063 155
964 613 145
967 1023 155
977 802 145
978 540 155
980 1146 155
981 1289 155
981 599 155
984 851 165
992 1338 145
996 975 155
1000 1334 155
1010 995 155
1014 606 165
1015 1224 155
1018 461 145
1020 1330 155
1021 1258 155
1032 1006 155
1035 549 155
1036 964 145
1038 423 145
1040 562 155
1048 1008 155
1048 704 155
1048 1162 155
1056 1191 155
1057 1031 145
1066 558 145
1068 1210 165
1071 480 155
1080 1342 165
1085 506 145
1094 763 145
1096 808 155
1097 1316 165
1097 746 155
1097 722 155
1106 822 155
1108 1221 165
1112 1120 145
1114 647 155
1115 611 165
1122 457 155
1122 1013 155
1128 798 145
1129 597 165
1130 553 165
1131 688 165
1139 1230 145
1140 1278 165
1141 1064 145
1143 742 155
1147 607 155
1149 561 155
1157 1294 145
1159 478 155
1163 964 155
1163 494 155
1175 1033 155
1179 1144 155
1193 640 155
1195 1212 155
1196 808 145
1196 1213 155
1198 961 155
1198 703 155
1207 476 145
1210 560 145
1215 903 155
1215 394 165
1220 553 155
1220 1242 155
1229 1080 155
1230 676 155
1232 538 155
1235 1195 155
1235 721 155
1237 743 155
1242 1171 155
1247 401 155
1249 1184 155
1256 832 155
1261 520 165
1266 986 155
1270 584 165
1281 1268 145
1283 465 155
1292 911 155
1294 533 155
1295 1135 155
1297 428 165
1301 1003 155
1306 947 165
1310 968 145
1310 461 145
1310 434 165
1312 1332 155
1315 1268 145
1315 581 155
1318 526 155
1319 576 155
1320 870 155
1320 659 145
1320 949 145
1321 652 155
1328 793 155
1330 384 155
1332 441 155
1335 521 145
1335 1106 145
1338 418 155
323 397 170
342 725 150
343 514 150
358 1253 150
366 1147 160
388 984 160
399 498 150
406 1256 160
416 588 170
417 483 160
428 1281 160
433 1123 150
434 344 145
435 1089 170
435 1300 170
437 585 160
452 578 160
456 464 160
460 722 150
462 561 170
469 1178 170
472 367 160
476 618 160
487 542 150
488 566 160
490 1301 170
493 1083 170
496 389 150
501 427 150
506 1215 160
514 1010 160
514 359 155
521 367 170
536 512 150
537 494 150
538 443 160
540 485 160
541 1063 170
546 632 160
551 537 150
563 1165 160
576 528 160
579 1198 160
580 739 160
583 480 160
593 633 170
609 787 160
612 722 160
616 1089 150
622 888 160
638 759 170
640 1181 135
642 717 135
643 971 145
647 728 145
658 1235 145
659 1039 155
663 528 145
667 1280 155
675 703 155
677 414 145
681 1100 145
688 642 165
689 417 145
691 688 145
697 588 145
702 853 145
704 426 170
712 506 170
713 631 150
714 525 150
719 514 160
731 1191 160
740 595 170
747 1309 160
751 458 150
751 397 160
759 824 160
760 711 160
760 375 135
771 1211 160
775 601 150
779 1202 160
783 363 160
791 1080 160
791 914 160
812 1320 160
818 606 160
828 601 160
831 537 160
831 709 150
832 1107 160
841 822 170
851 538 160
851 351 145
856 363 145
863 1046 170
868 1191 160
873 586 160
873 797 160
882 1178 160
888 1015 160
911 748 150
914 1128 160
926 382 155
927 874 160
928 487 160
935 537 160
956 358 150
964 774 160
974 1279 160
977 1085 160
983 1257 150
988 1169 150
988 441 150
1000 924 170
1023 1251 160
1027 385 160
1035 473 160
1062 782 150
1068 1040 160
1106 1316 170
1111 940 170
1123 854 150
1124 790 150
1143 433 160
1143 338 160
1146 612 180
1157 1140 160
1169 724 150
1180 1047 160
1184 823 160
1202 951 170
1215 867 160
1216 490 150
1216 733 160
1226 616 170
1229 842 160
1229 1053 155
1230 578 155
1240 1089 155
1249 869 135
1250 492 135
1251 789 165
1255 516 160
1261 516 155
1261 775 150
1261 1276 150
1262 1335 160
1263 453 160
1264 1128 160
1267 871 150
1267 375 160
1268 512 135
1269 964 135
1270 435 155
1273 956 155
1274 650 155
1274 491 155
1282 342 145
1284 952 160
1285 570 160
1287 876 150
1292 758 160
1295 854 170
1297 368 135
1310 353 160
1310 876 160
1317 948 150
1330 754 150
1334 449 170
1334 790 170
1341 1255 160
321 48 130
321 47 140
325 15 130
326 11 140
329 49 140
332 18 130
332 15 130
333 6 150
338 63 140
340 17 140
340 52 130
341 42 140
342 4 140
343 37 140
353 21 140
359 6 150
360 16 130
366 57 130
368 16 140
371 34 140
373 36 140
375 58 140
377 10 150
378 31 130
380 31 140
401 56 130
404 32 140
406 13 140
410 44 130
411 31 140
415 26 130
417 59 140
417 39 140
418 60 140
421 43 140
428 28 140
428 38 130
428 63 140
431 26 140
435 3 140
437 10 130
438 28 140
439 42 130
442 17 140
442 39 150
443 47 140
445 25 130
445 27 130
449 15 140
452 0 140
452 30 140
456 50 140
457 17 140
458 3 150
460 23 130
465 16 140
465 42 130
466 22 140
466 14 140
468 24 130
471 11 140
472 58 140
475 24 130
475 19 140
477 62 130
479 20 130
480 54 140
483 57 140
483 31 150
486 48 140
487 42 130
490 42 130
493 34 140
493 36 140
493 10 140
500 63 140
501 47 140
502 27 140
506 15 150
511 14 130
519 6 140
524 45 150
524 62 140
525 62 140
526 48 130
527 59 140
527 54 140
527 7 140
528 20 140
529 49 140
529 43 140
532 49 140
533 42 150
542 62 150
548 54 130
551 5 130
551 8 140
554 49 140
554 36 150
555 39 140
558 23 130
563 47 140
566 33 140
566 6 140
568 1 140
570 8 130
573 10 140
573 60 130
576 8 130
577 45 140
577 62 140
578 5 140
581 42 140
583 37 140
583 39 130
588 46 130
588 14 140
590 19 140
600 36 150
603 11 140
606 33 140
608 29 130
612 24 130
613 49 140
613 31 130
614 18 140
618 36 130
620 19 140
621 60 140
621 15 140
622 57 130
625 62 150
626 18 140
632 22 140
634 25 130
636 14 140
649 37 130
652 47 130
655 3 130
665 33 130
689 2 130
690 41 130
691 25 130
691 31 130
696 12 130
697 37 130
698 17 130
705 2 140
705 58 140
707 6 130
709 38 130
711 18 140
714 40 140
714 63 140
717 40 140
719 19 140
720 11 140
721 9 130
722 33 140
724 17 150
728 45 130
732 16 130
733 28 140
734 4 140
736 16 140
738 33 140
746 26 140
748 4 130
751 8 140
751 60 130
754 26 140
762 25 140
764 36 140
769 0 150
771 18 150
776 9 140
776 37 150
779 26 150
780 26 130
782 38 140
787 30 150
789 4 130
790 7 150
800 48 140
801 46 140
806 16 140
808 53 130
810 42 130
810 61 140
814 7 140
820 59 130
823 28 130
824 19 140
826 34 140
827 9 140
827 20 140
829 10 130
834 8 140
834 23 140
839 45 130
845 46 140
847 26 140
848 39 140
859 45 150
861 5 140
862 37 140
869 52 140
872 19 130
872 46 140
880 60 130
881 6 140
882 57 130
883 9 140
892 47 140
892 55 140
894 47 140
895 30 140
899 15 140
904 22 150
905 39 150
905 14 150
911 44 140
912 29 140
916 42 130
918 52 140
918 21 130
921 50 140
923 1 140
924 52 130
924 45 130
927 38 140
930 22 140
939 31 140
940 23 130
947 32 140
947 15 140
950 33 140
953 25 150
957 43 140
960 26 130
961 37 130
964 25 140
978 52 140
982 34 140
982 60 130
983 6 130
984 18 140
986 31 140
987 23 150
992 20 140
993 17 130
994 32 130
994 42 150
994 12 150
994 31 140
995 57 140
996 48 130
996 55 130
996 21 140
1002 1 140
1003 8 140
1003 49 140
1007 27 140
1010 27 130
1010 7 150
1012 2 140
1012 38 140
1014 18 140
1017 40 140
1017 1 140
1019 6 140
1020 36 140
1020 42 130
1021 53 140
1025 36 130
1028 60 130
1032 29 150
1032 23 140
1034 58 140
1034 47 140
1035 14 140
1038 37 140
1039 52 130
1051 15 130
1052 49 140
1053 62 140
1054 56 140
1057 17 130
1057 23 130
1070 4 140
1079 3 150
1079 60 140
1079 35 130
1082 36 140
1085 4 130
1085 22 140
1092 50 140
1092 62 140
1094 0 140
1094 63 130
1103 33 140
1103 60 140
1106 8 140
1107 3 150
1115 9 130
1118 10 130
1120 0 140
1121 17 140
1123 33 140
1124 42 140
1124 23 130
1130 9 140
1131 24 130
1131 51 140
1133 54 140
1135 50 140
1136 44 140
1136 13 140
1139 30 130
1140 25 130
1143 36 140
1144 53 140
1145 48 140
1145 51 140
1147 49 150
1147 19 140
1152 32 140
1152 28 130
1152 54 140
1156 20 140
1157 44 130
1157 37 130
1164 5 140
1164 6 140
1167 12 150
1167 61 140
1171 59 140
1175 17 140
1175 27 130
1181 17 150
1181 5 130
1184 0 130
1184 46 140
1189 2 140
1190 13 140
1192 23 140
1193 50 130
1193 5 140
1194 25 140
1199 39 140
1200 30 130
1202 10 140
1203 33 140
1207 28 140
1210 8 130
1215 63 140
1224 61 140
1232 40 140
1232 1 140
1234 51 140
1251 8 140
1251 31 140
1253 43 140
1257 20 140
1259 62 140
1261 56 140
1264 54 140
1265 50 140
1271 55 150
1282 53 150
1283 48 140
1283 18 130
1283 51 140
1284 1 140
1284 51 140
1284 57 140
1285 10 140
1285 42 140
1291 22 140
1292 53 140
1295 17 130
1301 24 150
1303 59 140
1305 18 140
1307 43 130
1308 47 140
1309 53 130
1311 3 140
1316 39 140
1320 38 130
1323 30 140
1326 24 130
1328 9 140
1334 46 140
1336 51 140
1337 13 140
1341 62 150
1343 56 140
326 395 130
329 360 140
330 641 140
352 680 140
363 353 150
383 938 130
385 926 150
388 653 160
399 437 150
407 940 140
412 520 150
412 1092 150
413 445 160
427 722 140
431 411 140
437 677 150
442 537 140
444 470 150
455 640 140
458 977 150
462 984 140
469 549 140
469 1285 140
477 686 140
478 1025 150
480 689 150
483 534 140
484 791 130
485 798 150
493 665 160
496 1115 150
499 1067 150
506 1072 130
508 485 140
513 467 150
520 672 140
520 914 150
524 1219 140
527 658 160
529 382 130
538 413 150
546 1072 150
554 1087 150
568 1310 140
575 1221 140
578 1113 140
579 720 140
579 546 150
585 1210 140
587 458 150
588 939 140
596 690 140
596 514 140
597 1229 160
597 462 150
602 883 150
605 1015 140
607 907 130
612 581 150
614 613 150
617 776 150
618 719 140
630 912 140
637 1199 140
638 993 160
646 1318 135
653 368 130
654 726 140
658 925 140
664 607 140
664 687 140
666 1159 130
667 1191 140
671 321 140
676 1246 140
678 603 140
681 904 135
687 1309 145
696 585 140
696 747 160
698 1191 150
701 490 140
702 993 140
706 428 140
728 1175 150
733 445 150
734 641 140
734 520 140
734 862 150
736 1327 150
736 831 150
739 710 140
743 620 140
744 463 140
745 716 150
754 921 140
757 325 145
757 1181 150
759 640 160
760 1307 140
771 832 130
773 803 150
778 455 150
782 599 150
789 700 130
792 647 140
793 864 140
794 533 150
813 982 150
821 771 140
821 662 140
828 668 140
837 321 140
837 442 140
846 629 150
848 1335 140
863 859 140
873 401 140
879 1015 150
881 412 140
883 1144 150
885 1192 150
905 1230 150
906 1337 140
906 1026 130
907 494 150
911 528 150
914 848 150
921 1293 140
925 697 140
953 984 140
957 778 150
958 1070 150
968 519 150
980 748 140
981 579 140
983 718 150
984 981 140
985 1207 150
992 629 150
996 332 135
1002 534 140
1010 643 140
1019 463 130
1021 1322 150
1035 1151 150
1039 971 140
1040 663 140
1041 886 130
1043 528 150
1043 828 150
1055 733 150
1067 840 130
1069 923 150
1072 1223 140
1074 1297 150
1083 584 150
1083 948 140
1085 665 160
1087 1106 140
1088 871 140
1089 654 140
1102 983 150
1104 662 160
1108 977 130
1111 322 125
1114 747 150
1122 1123 150
1122 803 140
1133 1124 150
1134 365 140
1143 638 140
1159 326 135
1169 458 140
1179 1106 150
1180 877 150
1181 907 140
1186 325 135
1189 660 150
1190 379 150
1193 797 150
1196 798 140
1199 741 140
1202 801 140
1202 868 150
1211 1034 140
1235 334 135
1278 486 150
1279 1149 150
1296 1010 140
1296 1119 150
1297 964 160
1306 814 140
1307 549 150
1314 363 140
1316 1080 140
1342 476 140
329 63 135
344 17 135
352 40 135
352 26 145
352 7 155
385 15 145
388 19 145
392 56 145
398 30 145
400 3 145
407 50 145
410 56 145
418 36 135
420 44 145
423 0 155
428 14 145
432 47 155
434 10 145
438 12 135
439 6 155
440 51 155
441 55 145
442 63 135
445 23 135
453 61 145
453 13 165
472 12 155
480 44 135
482 23 145
492 37 145
496 56 145
505 41 155
511 51 155
514 62 135
525 9 145
529 21 145
532 26 145
539 4 145
540 32 145
547 29 145
547 21 145
557 45 145
558 50 135
558 28 145
560 32 155
562 2 145
566 10 145
570 18 135
576 12 135
576 33 155
577 63 155
578 10 145
580 28 145
581 20 135
581 45 155
587 34 155
606 61 155
616 29 135
620 37 135
621 32 145
630 44 155
630 22 155
634 51 145
636 58 135
646 19 120
647 57 120
648 9 140
654 11 150
655 58 150
655 37 130
659 6 130
661 43 130
664 25 130
666 15 150
672 5 150
677 8 130
684 61 120
694 19 130
697 25 130
697 17 150
698 22 150
702 37 130
704 59 155
713 18 145
714 56 145
717 39 155
724 2 145
733 19 145
734 41 145
738 61 145
739 27 135
739 39 155
740 48 155
746 0 145
754 30 145
756 45 135
756 13 135
757 32 155
757 62 155
773 45 145
773 47 135
774 10 135
789 49 145
800 55 155
803 53 155
808 59 135
808 6 135
810 24 145
814 50 145
819 42 155
821 3 145
823 50 135
826 36 145
826 18 155
840 46 145
851 48 145
853 45 145
859 16 145
859 62 155
864 26 145
864 46 135
869 63 145
876 58 165
877 3 145
883 42 145
888 6 135
888 56 135
888 25 155
905 48 155
905 59 145
905 31 135
906 0 135
908 18 145
916 4 155
916 54 155
940 19 135
944 63 135
947 24 145
949 56 145
960 32 155
962 53 155
971 46 135
981 52 145
984 12 145
985 18 145
986 37 145
992 5 145
1006 6 145
1012 58 145
1014 57 145
1017 51 135
1018 16 145
1029 47 155
1038 13 145
1041 62 155
1048 36 145
1051 2 135
1056 56 155
1059 25 155
1059 19 145
1066 24 135
1067 62 135
1070 56 145
1092 44 155
1097 5 155
1098 35 135
1110 14 135
1114 42 145
1119 50 145
1120 25 155
1122 4 145
1122 5 135
1134 6 145
1136 1 155
1146 2 145
1146 21 145
1149 5 145
1165 54 145
1169 37 145
1171 44 145
1189 50 135
1189 19 145
1204 42 155
1204 35 145
1212 52 145
1212 30 135
1216 27 120
1216 30 120
1217 60 140
1217 59 135
1217 1 145
1219 40 140
1220 36 140
1220 55 140
1221 14 150
1224 5 120
1225 23 120
1232 3 145
1243 2 145
1243 28 140
1250 29 135
1251 10 135
1254 37 130
1258 33 145
1259 3 140
1264 0 145
1265 44 150
1267 51 120
1267 28 120
1268 17 145
1268 58 140
1276 27 140
1277 49 140
1288 60 135
1291 12 135
1292 55 145
1293 58 155
1294 40 155
1297 55 145
1301 0 135
1303 38 145
1305 48 145
1311 61 145
1318 49 145
1319 48 145
1321 0 145
1322 31 145
1323 42 145
1326 56 135
1328 49 145
1332 23 155
1337 32 145
1337 43 145
1342 58 135
1343 16 135
353 691 170
359 1256 120
434 1263 130
437 1235 120
437 1269 140
543 1270 130
622 1278 140
640 1015 140
640 533 130
641 608 140
641 1295 150
642 771 150
643 397 140
681 1149 140
682 971 130
684 526 130
684 478 140
687 738 140
746 1239 130
810 1276 130
846 1276 130
907 1217 140
1183 1276 140
1220 1193 120
1225 1116 150
1231 646 150
1237 381 130
1254 794 130
1258 373 160
1270 968 150
1271 967 150
322 23 125
328 46 125
330 17 125
341 19 135
359 48 125
368 20 135
373 20 135
373 23 125
381 18 115
381 6 145
392 0 135
395 63 135
404 58 125
410 40 125
411 34 125
414 7 135
416 51 135
423 28 135
431 18 135
444 1 125
455 4 115
456 61 135
457 58 145
459 60 135
459 6 125
466 33 125
467 0 125
467 48 135
468 41 135
482 35 135
482 55 135
492 19 125
505 20 115
506 51 135
511 7 135
528 18 135
530 29 135
534 17 125
534 7 125
536 36 135
539 47 125
542 13 135
547 32 135
554 37 125
554 13 115
557 2 135
561 4 135
563 23 135
578 9 125
579 20 125
582 16 125
587 16 145
600 19 125
601 53 135
606 12 135
611 10 125
618 20 125
621 12 135
621 33 135
626 15 135
629 12 125
632 58 125
633 26 125
637 43 135
648 54 125
648 1 115
649 41 135
652 33 125
657 11 135
660 59 125
661 52 135
663 16 125
669 45 125
670 48 125
672 40 135
672 43 135
676 29 135
676 23 145
678 25 115
686 31 120
687 40 120
687 44 130
695 17 125
695 57 125
697 28 125
700 46 125
701 13 125
702 10 135
702 59 115
712 2 125
719 46 135
724 35 125
724 49 125
728 54 135
730 31 145
732 60 135
733 3 125
736 48 135
738 29 125
740 37 135
741 61 125
746 14 135
748 33 135
757 11 125
759 31 125
760 24 135
764 22 135
772 58 135
774 3 125
774 4 125
779 54 125
787 48 135
787 0 125
787 5 135
790 34 135
790 29 125
793 9 115
808 60 135
822 28 135
832 62 135
832 21 125
836 40 125
836 2 125
839 56 145
839 46 135
841 50 135
845 44 135
852 18 125
856 0 125
864 60 135
868 5 135
869 26 135
873 27 125
873 31 125
883 24 125
894 15 135
895 53 125
898 47 135
898 15 135
910 26 125
914 36 115
918 15 135
919 6 135
924 35 135
925 9 135
930 52 125
954 13 125
960 36 135
966 39 125
977 44 135
988 25 135
988 2 125
988 15 115
995 35 135
1000 58 135
1004 3 135
1013 49 125
1019 3 125
1026 32 125
1027 9 135
1031 11 125
1035 60 135
1038 59 115
1039 38 125
1053 0 145
1062 10 135
1067 5 135
1068 5 135
1069 16 135
1071 34 125
1075 6 135
1084 27 125
1087 5 125
1094 44 135
1098 36 135
1100 25 125
1111 30 125
1113 40 135
1113 59 125
1116 13 135
1122 15 125
1128 37 125
1129 36 125
1130 45 135
1134 37 135
1134 53 135
1135 47 135
1143 41 125
1146 43 115
1155 18 135
1155 52 135
1165 51 135
1169 59 135
1175 29 135
1184 10 125
1189 13 135
1190 32 135
1192 8 135
1192 48 135
1192 49 125
1193 62 115
1195 55 135
1199 37 135
1203 44 135
1210 37 145
1215 41 125
1273 41 125
1276 45 150
1277 9 135
1278 49 145
1278 28 145
1279 11 125
1279 18 110
1281 18 135
1284 56 135
1288 39 135
1293 45 135
1294 5 115
1301 17 125
1305 39 135
1307 56 135
1307 17 135
1314 24 135
1318 28 125
1338 46 125
471 1230 120
641 1250 120
1216 1264 150
1263 1247 130
1273 1313 120
1279 785 120
640 57 125
646 23 115
647 9 125
647 37 135
680 28 115
681 10 125
681 63 125
682 61 135
684 57 155
686 61 115
1216 18 115
1217 12 125
1231 0 125
1235 55 135
1236 28 125
1243 59 135
1247 28 115
1247 47 115
1253 4 125
1261 38 135
1265 39 145
1269 25 135
1270 34 105
1273 53 115
1274 32 135
1277 4 135
1279 3 125
1279 45 135
