321 1178 230
322 1317 275
323 430 215
328 1056 285
330 1129 255
334 415 230
351 808 275
369 633 225
381 407 275
412 1312 285
414 1303 275
438 1162 250
449 722 275
453 930 265
461 1122 300
466 563 250
469 1292 275
476 923 265
479 352 275
481 1102 275
485 1071 265
492 398 290
499 1075 235
505 382 275
506 883 260
509 633 290
534 418 280
538 919 290
546 895 240
551 703 265
553 1204 240
563 356 240
563 1334 215
570 724 255
587 675 270
593 1123 235
596 431 245
599 666 275
602 540 240
608 1026 285
617 1169 265
628 803 255
634 1310 255
649 426 260
653 703 290
659 984 240
667 411 250
670 1175 270
677 563 250
699 862 245
700 1070 285
707 888 290
722 488 285
740 1075 275
751 912 270
754 428 245
772 458 260
779 873 260
789 1002 290
796 329 290
801 1052 250
801 655 250
802 1019 240
804 1147 255
810 417 265
824 483 250
827 746 255
827 727 290
834 404 265
853 1305 275
861 903 265
862 475 255
871 923 230
872 360 235
887 1054 295
888 877 290
888 1085 280
891 534 240
901 1334 250
903 1106 285
910 658 285
918 1006 260
919 453 245
930 891 290
934 638 280
947 721 240
948 687 240
958 1118 250
960 1048 240
962 743 290
968 329 250
974 960 270
975 1046 260
994 930 240
1005 659 255
1006 1079 300
1011 1176 255
1015 529 255
1029 398 275
1035 808 250
1047 661 270
1066 358 285
1067 1297 255
1067 341 285
1070 691 235
1079 540 280
1082 843 255
1087 981 230
1112 632 245
1118 1028 275
1128 508 265
1128 981 255
1133 1319 230
1134 1151 240
1142 399 255
1142 431 245
1146 1202 235
1156 1141 265
1169 1140 255
1180 1145 280
1186 684 270
1186 702 240
1191 1092 250
1192 1186 290
1192 1033 225
1195 536 290
1198 1296 310
1282 1341 255
1284 1040 230
1290 662 270
1303 1043 240
1309 591 240
1310 916 275
1315 903 225
1328 1315 265
1332 415 255
1334 756 255
1337 711 260
378 1220 220
649 1221 225
672 1259 260
793 1270 230
801 1229 255
839 1224 265
971 1234 205
1216 951 205
1220 574 265
1234 800 225
1235 603 215
1235 573 255
1236 420 245
1242 519 250
1249 462 265
1254 405 230
1266 575 240
1268 971 290
1268 796 250
1342 1223 265
323 53 235
325 60 250
326 30 260
328 36 210
340 26 200
342 50 260
359 51 265
360 29 240
366 60 270
368 46 210
369 26 215
377 56 200
380 1 235
382 41 210
382 7 200
384 49 240
386 20 250
388 7 235
394 46 210
400 17 275
404 7 270
405 44 245
410 9 255
411 47 270
412 33 230
430 23 285
434 56 245
437 8 250
437 24 255
442 24 235
455 62 225
464 24 250
472 40 265
473 59 245
478 59 275
479 13 240
484 34 270
486 17 220
490 40 250
493 5 220
494 57 235
500 44 255
501 8 250
506 11 270
512 13 260
519 34 235
527 14 255
532 31 245
533 60 245
540 14 230
547 55 260
548 40 285
551 52 215
553 40 245
555 51 235
561 26 250
566 27 260
566 20 260
570 11 275
573 38 260
575 62 210
577 59 265
609 27 275
612 49 210
613 25 250
620 43 275
629 7 250
636 32 245
641 26 235
642 38 275
647 51 220
664 31 220
667 61 255
669 28 235
670 57 270
676 52 225
678 26 240
680 26 225
684 45 240
687 10 240
687 60 250
688 21 280
694 52 260
694 62 210
698 11 260
700 60 220
703 25 275
707 2 260
710 5 240
717 50 285
728 43 260
734 26 235
741 25 265
741 27 255
742 43 260
757 19 240
762 44 250
762 31 200
768 63 245
772 26 255
775 6 260
779 18 235
782 33 245
789 24 275
797 48 250
797 52 260
798 31 240
803 0 235
804 0 270
808 2 225
810 4 225
822 30 260
827 18 230
842 8 270
844 24 275
844 59 250
845 53 260
856 25 265
862 57 225
862 35 225
867 22 215
874 42 215
876 42 255
876 30 235
879 49 210
879 42 250
882 49 270
882 55 270
883 4 220
883 27 260
884 28 260
884 7 245
886 31 220
898 49 250
914 3 240
914 12 260
918 12 275
921 9 225
927 20 245
930 54 240
934 3 210
938 12 240
944 21 265
947 8 225
949 6 250
956 52 250
960 15 250
961 58 235
964 31 265
967 50 250
967 4 225
968 9 250
968 47 250
978 47 215
981 42 230
981 19 255
982 31 215
983 63 225
992 23 225
1002 34 270
1005 41 230
1006 50 230
1008 58 225
1015 11 260
1016 35 255
1023 5 245
1028 36 230
1028 59 260
1028 7 270
1034 1 215
1035 8 235
1057 5 265
1063 43 265
1079 6 240
1083 40 240
1085 9 240
1085 11 260
1096 33 255
1097 39 210
1097 54 220
1104 27 225
1106 38 245
1108 52 255
1112 54 220
1114 12 275
1119 49 280
1121 61 235
1136 25 265
1142 27 260
1145 62 270
1152 53 245
1156 10 225
1169 13 255
1180 2 235
1186 58 225
1191 14 235
1194 2 230
1196 9 260
1198 60 270
1202 27 225
1207 57 250
1215 14 270
1290 0 220
1292 11 245
1297 27 255
1300 53 255
1303 7 250
1308 48 255
1309 1 240
1312 15 260
1313 61 265
1314 8 250
1321 12 245
1322 16 260
1323 13 235
1327 34 240
1327 23 255
1330 3 225
1336 15 285
1340 55 240
1342 51 245
1342 3 235
1279 500 285
1221 26 240
1223 43 235
1224 29 240
1235 30 235
1240 44 240
1243 22 250
1247 62 225
1250 43 230
1251 44 230
1255 29 215
1256 2 225
1256 3 225
1257 38 260
1258 15 245
1268 34 230
1273 49 220
1276 10 240
1276 35 200
321 1070 180
323 397 190
326 395 140
327 417 135
329 360 160
330 641 155
330 1179 165
332 1162 145
340 762 170
342 724 200
342 725 210
343 514 150
346 413 160
348 555 165
351 1291 170
352 680 165
353 691 175
354 1314 165
354 557 155
358 640 135
363 353 180
363 427 150
365 1097 165
366 1147 195
368 826 185
368 716 155
377 397 145
378 516 185
378 410 190
378 565 175
380 471 160
383 938 165
384 1013 155
385 926 160
388 984 150
388 577 190
388 653 160
389 742 160
392 1296 160
399 392 190
399 498 190
399 437 155
400 1300 135
401 820 155
407 940 170
412 520 165
412 1092 175
413 445 165
416 588 150
417 483 170
417 1033 170
418 1118 170
420 1199 135
421 1309 190
427 722 155
428 1281 150
431 411 150
433 1123 190
434 344 180
435 1089 195
435 1300 175
437 677 210
437 1190 160
437 585 210
442 537 155
444 617 170
444 470 185
447 691 175
449 762 165
452 578 160
453 934 200
455 640 165
456 464 195
458 977 175
459 605 170
460 722 195
462 984 175
462 561 185
468 479 180
469 1178 170
469 549 180
469 1285 165
471 1123 155
472 622 180
472 367 210
473 1338 175
476 618 160
476 1292 180
477 686 190
478 1025 165
480 689 165
483 534 150
484 791 185
485 798 190
486 1027 155
486 444 190
487 1333 200
487 542 210
488 566 170
490 1301 170
493 1139 200
493 665 190
493 1083 185
496 1115 165
496 389 210
499 1067 165
500 551 175
501 537 190
501 427 165
501 1135 145
506 1072 175
506 1215 185
508 485 165
512 812 155
513 1322 145
513 467 155
513 1116 155
514 1010 185
514 359 165
518 768 200
518 925 165
518 677 170
520 672 175
520 914 170
521 367 200
527 658 170
529 382 175
536 512 195
537 494 185
538 443 175
538 413 165
539 992 135
539 521 150
540 485 195
541 1063 170
543 867 165
546 1072 155
546 632 190
551 984 155
551 537 150
554 1087 185
555 1327 180
556 482 155
556 1162 165
563 1165 175
568 1310 190
576 528 175
578 1113 150
579 720 140
579 546 185
579 557 190
579 1198 175
580 739 175
581 1143 155
582 864 190
582 1291 135
583 480 180
585 1210 165
587 458 180
587 1058 150
588 939 190
593 633 170
595 1312 180
596 690 180
596 514 190
597 462 150
599 1328 155
601 768 160
602 883 190
602 1149 170
605 1015 140
606 414 150
607 907 175
609 787 210
609 839 170
612 722 170
612 690 135
612 581 160
614 613 180
616 1089 185
616 1070 180
617 776 165
618 719 190
622 888 150
629 575 145
630 912 160
632 762 135
632 468 155
637 1199 155
638 993 140
638 1181 165
638 759 175
640 1015 175
640 533 180
640 1181 135
641 608 185
641 1295 180
642 771 210
642 717 160
643 971 145
643 397 150
646 1318 165
647 728 135
648 763 165
652 1104 170
653 368 180
654 1313 170
654 726 140
658 489 150
658 925 185
658 582 170
659 1039 170
661 958 170
663 528 190
663 843 135
664 607 175
664 775 170
664 687 155
666 1159 190
667 1280 200
667 1191 195
671 321 210
672 463 170
674 1107 160
675 663 180
675 703 175
677 414 190
678 603 185
681 904 180
681 1100 155
681 1149 180
682 971 210
684 526 155
684 478 160
687 738 150
687 1309 175
688 642 210
689 417 180
691 688 155
695 532 150
696 585 210
696 747 200
697 588 155
698 1191 185
700 780 145
701 490 180
702 993 155
702 853 190
704 426 185
704 882 165
706 1088 155
706 428 165
712 506 205
713 1136 175
713 631 195
714 525 185
717 743 175
718 630 170
719 514 190
719 1183 160
728 1175 165
731 1191 185
732 1112 185
732 894 200
733 445 190
734 641 175
734 520 165
734 862 140
736 1327 180
736 831 150
738 553 155
738 1322 190
739 710 150
740 595 160
742 1300 160
743 620 155
743 1341 155
743 1070 190
744 463 185
745 716 165
747 1309 170
751 458 180
751 397 220
754 921 175
756 689 165
757 325 135
757 1181 165
759 640 210
759 710 165
759 840 165
759 824 160
760 905 175
760 1307 165
760 711 190
760 375 160
762 859 155
771 832 165
771 1211 175
771 484 155
773 722 160
773 803 155
774 677 170
774 812 160
774 793 155
775 601 170
775 588 160
778 455 165
779 1202 195
780 465 165
782 688 185
782 772 145
782 599 155
783 762 180
783 363 150
789 971 170
789 700 190
791 1080 165
791 914 205
791 919 200
792 434 145
792 574 165
792 647 170
793 864 180
794 533 165
796 584 210
800 415 175
802 806 135
812 1320 190
813 982 170
818 548 210
818 606 210
821 771 170
821 662 210
823 666 155
826 614 165
827 1051 180
828 1176 210
828 601 185
828 668 185
831 537 170
831 709 160
832 1107 180
832 566 190
837 321 175
837 442 165
837 614 180
841 822 195
843 856 160
843 480 145
843 726 170
844 725 165
844 974 190
846 401 155
846 629 150
848 1335 175
851 538 150
851 351 175
851 775 155
856 363 190
863 859 155
863 1046 185
867 1203 135
867 471 180
868 1191 165
869 1055 135
870 820 165
873 401 180
873 586 160
873 465 150
873 797 190
877 582 190
879 1015 175
879 1017 165
881 412 175
882 1178 185
883 1144 165
885 1192 165
886 1330 170
888 1015 165
894 676 170
903 1055 170
906 1337 180
906 1026 185
907 494 170
910 1046 175
911 528 175
911 748 190
912 433 170
912 430 165
914 1128 175
914 848 185
916 1016 145
918 886 145
918 1334 175
920 822 170
921 1293 175
924 470 155
925 697 215
926 382 180
927 874 165
928 734 165
928 487 170
934 1332 150
934 476 165
935 537 185
948 1313 155
949 1075 165
953 984 150
956 358 210
957 778 175
957 1204 155
957 415 160
958 467 175
958 1070 170
962 1063 160
964 613 160
964 774 180
967 1023 200
968 519 170
977 802 145
977 1085 150
978 540 190
980 1146 180
980 748 175
981 579 165
981 1289 170
981 599 145
983 718 175
984 851 200
984 981 165
985 1207 180
988 1169 175
988 441 165
992 1338 145
992 629 155
996 332 175
996 975 160
1000 924 210
1000 1334 180
1002 534 190
1010 643 180
1010 995 135
1014 606 175
1018 461 145
1019 463 150
1020 1330 170
1021 1322 155
1027 385 185
1032 1006 180
1035 549 200
1035 473 185
1035 1151 175
1036 964 165
1038 423 170
1039 971 165
1040 562 190
1040 663 170
1041 886 150
1043 528 160
1043 828 180
1048 1008 150
1048 704 190
1048 1162 200
1055 733 140
1056 1191 155
1057 1031 165
1062 782 185
1066 558 135
1067 840 190
1068 1040 185
1068 1210 150
1069 923 155
1071 480 155
1074 1297 190
1080 1342 185
1083 584 165
1083 948 190
1085 665 185
1085 506 170
1087 1106 155
1088 871 155
1089 654 165
1094 763 155
1096 808 165
1097 1316 165
1097 746 160
1097 722 165
1102 983 165
1104 662 170
1106 1316 175
1106 822 190
1108 977 175
1111 322 155
1111 940 150
1112 1120 165
1114 747 160
1114 647 210
1115 611 190
1122 1123 175
1122 457 210
1122 803 150
1122 1013 180
1123 854 205
1124 790 195
1128 798 150
1129 597 175
1130 553 175
1131 688 200
1133 1124 155
1134 365 180
1141 1064 165
1143 742 165
1143 433 185
1143 338 205
1143 638 190
1146 612 190
1147 607 170
1149 561 155
1157 1140 205
1157 1294 160
1159 478 145
1159 326 200
1163 964 160
1163 494 180
1169 458 180
1169 724 175
1175 1033 180
1179 1144 180
1179 1106 175
1180 877 170
1180 1047 165
1181 907 185
1184 823 170
1186 325 145
1189 660 155
1190 379 155
1193 640 170
1193 797 150
1195 1212 190
1196 808 160
1196 1213 155
1196 798 175
1198 961 170
1198 703 180
1199 741 180
1202 801 150
1202 868 160
1202 951 195
1207 476 180
1210 560 160
1211 1034 180
1215 867 185
1215 903 175
1215 394 180
1282 342 165
1283 465 155
1284 952 195
1285 570 165
1287 876 210
1292 911 200
1292 758 190
1294 533 165
1295 854 200
1295 1135 155
1296 1010 190
1296 1119 165
1297 368 155
1297 428 175
1297 964 175
1301 1003 200
1306 947 165
1306 814 165
1307 549 150
1310 353 185
1310 968 160
1310 876 195
1310 461 170
1310 434 155
1312 1332 170
1314 363 175
1315 581 160
1316 1080 180
1317 948 200
1318 526 180
1319 576 145
1320 870 165
1320 659 170
1320 949 145
1321 652 145
1328 793 175
1330 384 155
1330 754 205
1332 441 160
1334 449 175
1334 790 170
1335 521 145
1335 1106 135
1338 418 170
1342 476 185
358 1253 190
359 1256 155
397 1230 165
406 1256 185
430 1265 155
434 1263 130
437 1269 155
471 1230 160
499 1278 125
502 1231 180
524 1219 190
543 1270 155
575 1221 180
622 1278 130
641 1250 170
658 1235 145
676 1246 160
771 1261 155
798 1265 155
802 1235 190
810 1259 150
810 1276 175
820 1235 170
846 1276 155
885 1216 125
903 1235 155
907 1217 170
962 1232 160
974 1279 190
983 1257 155
1015 1224 170
1021 1258 180
1023 1251 140
1072 1223 155
1108 1221 200
1139 1230 145
1140 1278 145
1183 1276 150
1216 490 155
1216 733 190
1220 553 165
1220 1193 170
1225 1116 180
1226 616 190
1229 1080 175
1229 842 150
1229 1053 125
1230 578 135
1230 676 145
1231 646 170
1232 538 170
1235 1195 160
1235 334 160
1235 721 170
1237 381 180
1237 743 155
1240 1089 155
1242 1171 145
1247 401 190
1249 1184 135
1249 869 135
1250 492 150
1251 789 140
1254 794 145
1255 516 175
1256 832 145
1258 373 155
1261 516 125
1261 775 175
1261 520 160
1262 1335 185
1263 453 165
1264 1128 190
1266 986 190
1267 871 185
1267 375 185
1268 512 125
1269 964 160
1270 584 145
1270 968 165
1270 435 140
1271 967 155
1281 1268 125
1315 1268 145
1341 1255 180
321 48 165
321 47 150
322 23 165
325 15 155
326 11 155
328 46 175
329 49 130
329 63 160
330 17 135
332 18 120
332 15 130
333 6 155
338 63 140
340 17 145
340 52 150
341 42 165
341 19 125
342 4 175
343 37 140
344 17 180
352 40 185
352 26 135
352 7 145
353 21 140
359 48 125
359 6 175
360 16 155
366 57 165
368 16 155
368 20 160
371 34 165
373 36 170
373 20 150
373 23 135
375 58 135
377 10 175
378 31 130
380 31 150
381 18 155
381 6 160
385 15 135
388 19 135
392 56 205
392 0 175
395 63 150
398 30 180
400 3 135
401 56 145
404 32 155
404 58 145
406 13 140
407 50 185
410 56 210
410 44 155
410 40 150
411 34 140
411 31 185
414 7 160
415 26 160
416 51 140
417 59 165
417 39 165
418 60 140
418 36 150
420 44 160
421 43 140
423 0 160
423 28 135
428 28 130
428 14 150
428 38 130
428 63 130
431 26 145
431 18 160
432 47 170
434 10 185
435 3 155
437 10 140
438 12 170
438 28 185
439 42 150
439 6 180
440 51 150
441 55 145
442 63 135
442 17 155
442 39 155
443 47 160
444 1 125
445 25 145
445 27 135
445 23 185
449 15 165
452 0 140
452 30 165
453 61 180
453 13 195
455 4 170
456 50 155
456 61 150
457 17 140
457 58 155
458 3 150
459 60 160
459 6 165
460 23 140
465 16 130
465 42 175
466 33 135
466 22 145
466 14 160
467 0 135
467 48 175
468 24 155
468 41 160
471 11 175
472 58 175
472 12 145
475 24 145
475 19 120
477 62 135
479 20 145
480 44 150
480 54 130
482 23 170
482 35 185
482 55 135
483 57 185
483 31 185
486 48 130
487 42 145
490 42 145
492 19 150
492 37 170
493 34 140
493 36 120
493 10 150
496 56 145
500 63 145
501 47 150
502 27 155
505 41 175
505 20 150
506 51 145
506 15 185
511 51 155
511 14 130
511 7 175
514 62 160
519 6 135
524 45 150
524 62 140
525 9 210
525 62 130
526 48 130
527 59 165
527 54 150
527 7 175
528 18 185
528 20 155
529 49 160
529 43 150
529 21 165
530 29 140
532 49 170
532 26 150
533 42 140
534 17 160
534 7 140
536 36 125
539 4 185
539 47 170
540 32 135
542 13 165
542 62 150
547 32 155
547 29 180
547 21 185
548 54 155
551 5 150
551 8 150
554 49 145
554 37 175
554 36 140
554 13 185
555 39 140
557 2 150
557 45 185
558 50 155
558 28 165
558 23 155
560 32 135
561 4 155
562 2 160
563 47 130
563 23 125
566 33 170
566 10 160
566 6 140
568 1 140
570 8 145
570 18 180
573 10 165
573 60 120
576 8 130
576 12 155
576 33 210
577 45 160
577 62 155
577 63 195
578 9 155
578 10 135
578 5 165
579 20 140
580 28 180
581 42 195
581 20 195
581 45 160
582 16 150
583 37 140
583 39 135
587 16 160
587 34 170
588 46 155
588 14 140
590 19 150
600 19 170
600 36 185
601 53 135
603 11 155
606 33 140
606 12 165
606 61 220
608 29 165
611 10 135
612 24 175
613 49 145
613 31 130
614 18 175
616 29 165
618 36 165
618 20 175
620 19 155
620 37 205
621 32 190
621 60 130
621 12 140
621 33 150
621 15 140
622 57 130
625 62 140
626 18 185
626 15 135
629 12 170
630 44 190
630 22 135
632 58 150
632 22 165
633 26 125
634 25 140
634 51 160
636 58 160
636 14 185
637 43 140
640 57 165
646 19 140
646 23 180
647 9 220
647 37 170
647 57 120
648 9 140
648 54 160
648 1 185
649 41 175
649 37 130
652 33 155
652 47 140
654 11 130
655 58 150
655 3 130
655 37 140
657 11 140
659 6 195
660 59 155
661 43 165
661 52 160
663 16 160
664 25 150
665 33 155
666 15 185
669 45 135
670 48 160
672 40 180
672 43 160
672 5 185
676 29 155
676 23 180
677 8 160
678 25 135
680 28 160
681 10 185
681 63 150
682 61 160
684 57 150
684 61 140
686 61 160
686 31 175
687 40 175
687 44 160
689 2 120
690 41 155
691 25 150
691 31 165
694 19 140
695 17 150
695 57 150
696 12 145
697 28 185
697 25 160
697 37 135
697 17 160
698 17 135
698 22 160
700 46 180
701 13 180
702 10 195
702 59 165
702 37 175
704 59 150
705 2 160
705 58 165
707 6 165
709 38 130
711 18 185
712 2 125
713 18 145
714 56 220
714 40 145
714 63 165
717 40 150
717 39 205
719 19 130
719 46 160
720 11 140
721 9 140
722 33 185
724 17 165
724 2 135
724 35 165
724 49 165
728 45 140
728 54 185
730 31 150
732 16 135
732 60 160
733 19 160
733 3 150
733 28 155
734 4 150
734 41 150
736 16 140
736 48 160
738 33 140
738 29 155
738 61 145
739 27 195
739 39 155
740 48 160
740 37 140
741 61 150
746 0 135
746 26 140
746 14 150
748 33 150
748 4 120
751 8 170
751 60 150
754 26 175
754 30 135
756 45 135
756 13 150
757 32 150
757 11 175
757 62 195
759 31 125
760 24 140
762 25 150
764 36 160
764 22 135
769 0 140
771 18 140
772 58 150
773 45 205
773 47 180
774 3 185
774 4 140
774 10 145
776 9 175
776 37 185
779 26 175
779 54 125
780 26 150
782 38 130
787 48 140
787 0 150
787 5 140
787 30 160
789 4 155
789 49 150
790 34 140
790 29 125
790 7 155
793 9 160
800 48 165
800 55 180
801 46 185
803 53 155
806 16 160
808 59 135
808 60 150
808 53 160
808 6 155
810 42 130
810 24 170
810 61 140
814 50 160
814 7 150
819 42 150
820 59 140
821 3 150
822 28 125
823 28 160
823 50 155
824 19 150
826 34 135
826 36 135
826 18 175
827 9 150
827 20 145
829 10 135
832 62 155
832 21 165
834 8 160
834 23 170
836 40 135
836 2 125
839 56 140
839 45 145
839 46 160
840 46 135
841 50 145
845 44 150
845 46 150
847 26 155
848 39 185
851 48 155
852 18 125
853 45 170
856 0 175
859 16 145
859 45 130
859 62 180
861 5 145
862 37 130
864 26 175
864 60 150
864 46 200
868 5 125
869 26 135
869 63 170
869 52 150
872 19 150
872 46 150
873 27 125
873 31 125
876 58 185
877 3 165
880 60 120
881 6 170
882 57 130
883 9 175
883 42 195
883 24 150
888 6 145
888 56 170
888 25 150
892 47 150
892 55 130
894 47 130
894 15 135
895 53 140
895 30 160
898 47 125
898 15 170
899 15 150
904 22 165
905 39 175
905 48 155
905 14 185
905 59 160
905 31 185
906 0 190
908 18 155
910 26 165
911 44 150
912 29 140
914 36 140
916 42 145
916 4 150
916 54 170
918 15 135
918 52 155
918 21 165
919 6 160
921 50 140
923 1 130
924 35 165
924 52 155
924 45 165
925 9 160
927 38 160
930 52 155
930 22 175
939 31 155
940 19 170
940 23 120
944 63 175
947 32 150
947 24 185
947 15 160
949 56 150
950 33 165
953 25 140
954 13 175
957 43 160
960 32 175
960 26 135
960 36 140
961 37 145
962 53 185
964 25 175
966 39 175
971 46 210
977 44 135
978 52 130
981 52 195
982 34 160
982 60 150
983 6 145
984 18 140
984 12 205
985 18 170
986 37 155
986 31 165
987 23 130
988 25 125
988 2 165
988 15 185
992 20 140
992 5 185
993 17 155
994 32 145
994 42 175
994 12 135
994 31 150
995 57 140
995 35 160
996 48 175
996 55 120
996 21 150
1000 58 140
1002 1 175
1003 8 140
1003 49 195
1004 3 170
1006 6 135
1007 27 145
1010 27 150
1010 7 140
1012 58 170
1012 2 155
1012 38 185
1013 49 145
1014 57 160
1014 18 150
1017 40 160
1017 1 140
1017 51 160
1018 16 175
1019 3 165
1019 6 130
1020 36 160
1020 42 135
1021 53 145
1025 36 120
1026 32 170
1027 9 185
1028 60 165
1029 47 170
1031 11 175
1032 29 130
1032 23 185
1034 58 130
1034 47 165
1035 14 150
1035 60 160
1038 37 140
1038 59 160
1038 13 185
1039 52 155
1039 38 160
1041 62 175
1048 36 150
1051 2 160
1051 15 165
1052 49 140
1053 0 175
1053 62 155
1054 56 155
1056 56 170
1057 17 120
1057 23 140
1059 25 180
1059 19 135
1062 10 140
1066 24 155
1067 5 165
1067 62 170
1068 5 150
1069 16 155
1070 56 160
1070 4 155
1071 34 140
1075 6 155
1079 3 150
1079 60 165
1079 35 135
1082 36 185
1084 27 145
1085 4 150
1085 22 140
1087 5 150
1092 50 130
1092 44 195
1092 62 150
1094 0 130
1094 44 145
1094 63 140
1097 5 155
1098 35 135
1098 36 170
1100 25 160
1103 33 195
1103 60 165
1106 8 195
1107 3 140
1110 14 185
1111 30 145
1113 40 175
1113 59 155
1114 42 145
1115 9 130
1116 13 140
1118 10 120
1119 50 175
1120 0 155
1120 25 150
1121 17 160
1122 4 185
1122 5 170
1122 15 135
1123 33 120
1124 42 175
1124 23 130
1128 37 140
1129 36 135
1130 9 175
1130 45 125
1131 24 130
1131 51 140
1133 54 145
1134 37 140
1134 53 125
1134 6 175
1135 50 165
1135 47 140
1136 1 170
1136 44 185
1136 13 185
1139 30 140
1140 25 150
1143 36 155
1143 41 165
1144 53 145
1145 48 155
1145 51 165
1146 2 170
1146 43 145
1146 21 135
1147 49 175
1147 19 185
1149 5 145
1152 32 165
1152 28 155
1152 54 150
1155 18 160
1155 52 185
1156 20 130
1157 44 155
1157 37 135
1164 5 140
1164 6 145
1165 51 175
1165 54 170
1167 12 155
1167 61 175
1169 37 175
1169 59 140
1171 59 130
1171 44 170
1175 17 170
1175 27 155
1175 29 145
1181 17 160
1181 5 155
1184 0 155
1184 10 155
1184 46 140
1189 50 145
1189 2 140
1189 19 170
1189 13 140
1190 32 175
1190 13 155
1192 8 140
1192 48 155
1192 49 150
1192 23 165
1193 50 165
1193 5 160
1193 62 160
1194 25 130
1195 55 175
1199 39 165
1199 37 125
1200 30 165
1202 10 175
1203 33 175
1203 44 145
1204 42 150
1204 35 180
1207 28 150
1210 8 140
1210 37 145
1212 52 180
1212 30 180
1215 41 160
1215 63 140
1281 18 155
1282 53 130
1283 48 165
1283 18 155
1283 51 150
1284 1 155
1284 56 150
1284 51 155
1284 57 165
1285 10 140
1285 42 130
1288 60 185
1288 39 140
1291 12 155
1291 22 130
1292 53 185
1292 55 170
1293 58 175
1293 45 185
1294 40 185
1294 5 135
1295 17 120
1297 55 160
1301 24 165
1301 17 150
1301 0 160
1303 59 175
1303 38 155
1305 48 180
1305 18 160
1305 39 165
1307 56 155
1307 17 175
1307 43 165
1308 47 150
1309 53 155
1311 3 165
1311 61 160
1314 24 160
1316 39 155
1318 49 195
1318 28 135
1319 48 145
1320 38 155
1321 0 205
1322 31 160
1323 42 150
1323 30 185
1326 56 150
1326 24 150
1328 49 185
1328 9 175
1332 23 170
1334 46 175
1336 51 140
1337 32 145
1337 43 150
1337 13 175
1338 46 140
1341 62 175
1342 58 165
1343 56 160
1343 16 155
437 1235 155
597 1229 155
746 1239 155
759 1242 150
885 1246 150
905 1230 130
1216 1264 130
1261 1276 165
1263 1247 155
1273 1313 155
1273 956 155
1274 650 135
1274 491 180
1278 486 145
1279 785 150
1279 1149 130
1216 18 125
1216 27 130
1216 30 135
1217 60 145
1217 59 165
1217 12 165
1217 1 145
1219 40 145
1220 36 120
1220 55 130
1221 14 110
1224 61 175
1224 5 135
1225 23 155
1231 0 125
1232 40 175
1232 1 165
1232 3 150
1234 51 165
1235 55 145
1236 28 115
1243 2 170
1243 59 160
1243 28 145
1247 28 140
1247 47 155
1250 29 170
1251 8 155
1251 10 150
1251 31 155
1253 43 175
1253 4 125
1254 37 130
1257 20 175
1258 33 160
1259 3 130
1259 62 120
1261 38 130
1261 56 175
1264 0 135
1264 54 130
1265 50 175
1265 44 140
1265 39 150
1267 51 135
1267 28 130
1268 17 160
1268 58 120
1269 25 145
1270 34 125
1271 55 120
1220 1242 135
1273 53 135
1273 41 165
1274 32 135
1276 27 155
1276 45 110
1277 49 145
1277 4 140
1277 9 165
1278 49 140
1278 28 155
1279 3 120
1279 11 160
1279 45 140
1279 18 110
