321 1178 235
322 1317 235
323 430 245
328 1056 245
330 1129 245
334 415 235
351 808 245
369 633 255
378 1220 235
381 407 235
412 1312 255
414 1303 255
438 1162 235
449 722 235
453 930 255
461 1122 255
466 563 245
469 1292 245
476 923 255
481 1102 270
485 1071 235
492 398 235
499 1075 255
506 883 255
509 633 245
534 418 235
538 919 245
546 895 245
551 703 235
553 1204 245
563 1334 255
570 724 255
587 675 235
593 1123 245
596 431 245
599 666 245
602 540 235
608 1026 235
617 1169 255
628 803 245
634 1310 245
707 888 235
722 488 255
740 1075 255
751 912 235
754 428 235
772 458 255
779 873 245
789 1002 235
793 1270 235
801 1052 245
801 1229 245
801 655 235
802 1019 245
804 1147 255
810 417 255
824 483 245
827 746 235
827 727 245
834 404 255
839 1224 235
853 1305 235
861 903 255
862 475 255
871 923 245
887 1054 235
888 877 255
888 1085 245
891 534 245
901 1334 235
903 1106 255
910 658 245
918 1006 245
919 453 245
930 891 245
934 638 245
947 721 245
948 687 235
958 1118 255
960 1048 255
962 743 245
971 1234 245
974 960 255
975 1046 245
994 930 235
1005 659 235
1006 1079 255
1011 1176 245
1015 529 245
1029 398 245
1035 808 255
1047 661 245
1067 1297 245
1070 691 235
1079 540 245
1082 843 255
1087 981 245
1112 632 235
1118 1028 245
1128 508 245
1128 981 235
1133 1319 235
1134 1151 255
1142 399 245
1142 431 245
1146 1202 235
1156 1141 255
1169 1140 245
1180 1145 235
1186 684 235
1186 702 255
1191 1092 245
1192 1186 235
1192 1033 235
1195 536 245
1198 1296 255
1216 951 245
1220 574 235
1234 800 235
1235 603 235
1235 573 235
1236 420 245
1242 519 235
1249 462 235
1254 405 235
1266 575 245
1268 971 245
1268 796 245
1282 1341 235
1284 1040 235
1290 662 245
1303 1043 245
1309 591 245
1310 916 235
1315 903 255
1328 1315 255
1332 415 245
1334 756 245
1337 711 255
1342 1223 255
479 352 235
505 382 235
563 356 235
649 426 245
649 1221 235
653 703 225
659 984 245
667 411 255
670 1175 225
672 1259 225
677 563 245
699 862 245
700 1070 235
872 360 225
1066 358 245
1067 341 235
1279 500 235
323 53 220
325 60 220
326 30 240
328 36 230
340 26 220
342 50 240
359 51 230
360 29 220
366 60 230
368 46 240
369 26 230
377 56 220
380 1 230
382 41 240
382 7 230
384 49 220
386 20 220
388 7 230
394 46 230
400 17 230
404 7 220
405 44 240
410 9 230
411 47 230
412 33 230
430 23 240
434 56 230
437 8 230
437 24 230
442 24 240
455 62 230
464 24 220
472 40 220
473 59 230
478 59 230
479 13 220
484 34 220
486 17 230
490 40 240
493 5 230
494 57 230
500 44 245
501 8 240
506 11 220
512 13 230
519 34 240
527 14 230
532 31 220
533 60 220
540 14 230
547 55 230
548 40 220
551 52 220
553 40 230
555 51 230
561 26 230
566 27 220
566 20 240
570 11 230
573 38 220
575 62 220
577 59 230
609 27 240
612 49 220
613 25 220
620 43 240
629 7 230
636 32 230
707 2 220
710 5 240
717 50 230
728 43 220
734 26 230
741 25 230
741 27 240
742 43 230
757 19 230
762 44 230
762 31 240
768 63 220
772 26 220
775 6 230
779 18 240
782 33 230
789 24 220
797 48 240
797 52 230
798 31 220
803 0 220
804 0 230
808 2 240
810 4 230
822 30 220
827 18 230
842 8 240
844 24 220
844 59 230
845 53 240
856 25 230
862 57 230
862 35 220
867 22 240
874 42 230
876 42 230
876 30 230
879 49 240
879 42 240
882 49 230
882 55 220
883 4 240
883 27 240
884 28 220
884 7 220
886 31 230
898 49 230
914 3 220
914 12 230
918 12 230
921 9 240
927 20 230
930 54 230
934 3 230
938 12 230
944 21 220
947 8 230
949 6 240
956 52 240
960 15 220
961 58 220
964 31 240
967 50 230
967 4 230
968 9 220
968 47 240
978 47 230
981 42 220
981 19 220
982 31 230
983 63 230
992 23 230
1002 34 230
1005 41 230
1006 50 240
1008 58 220
1015 11 220
1016 35 230
1023 5 240
1028 36 230
1028 59 220
1028 7 230
1034 1 230
1035 8 220
1057 5 230
1063 43 230
1079 6 230
1083 40 220
1085 9 220
1085 11 240
1096 33 230
1097 39 220
1097 54 220
1104 27 240
1106 38 240
1108 52 230
1112 54 220
1114 12 230
1119 49 240
1121 61 230
1136 25 220
1142 27 240
1145 62 230
1152 53 230
1156 10 230
1169 13 230
1180 2 230
1186 58 220
1191 14 220
1194 2 240
1196 9 230
1198 60 230
1202 27 230
1207 57 230
1215 14 230
1221 26 230
1223 43 220
1224 29 230
1235 30 230
1240 44 220
1243 22 230
1247 62 220
1250 43 220
1251 44 220
1255 29 220
1256 2 220
1256 3 220
1257 38 220
1258 15 220
1268 34 220
1290 0 220
1292 11 220
1297 27 220
1300 53 240
1303 7 240
1308 48 220
1309 1 230
1312 15 240
1313 61 240
1314 8 220
1321 12 220
1322 16 240
1323 13 240
1327 34 230
1327 23 230
1330 3 230
1336 15 240
1340 55 230
1342 51 230
1342 3 230
796 329 235
968 329 215
641 26 220
642 38 240
647 51 230
664 31 220
667 61 220
669 28 230
670 57 240
676 52 220
678 26 210
688 21 230
694 52 240
694 62 220
698 11 220
700 60 240
703 25 240
1273 49 210
1276 10 210
1276 35 230
680 26 210
684 45 200
687 10 200
687 60 230
321 1070 175
326 395 150
327 417 145
329 360 150
330 641 160
330 1179 155
332 1162 145
340 762 155
342 724 155
346 413 155
348 555 165
351 1291 145
354 1314 155
354 557 145
358 640 145
363 353 150
363 427 155
365 1097 165
368 826 165
368 716 165
377 397 145
378 516 165
378 410 165
378 565 145
380 471 145
383 938 150
384 1013 155
385 926 150
388 577 175
388 653 150
389 742 145
392 1296 145
397 1230 155
399 392 155
399 437 150
400 1300 145
401 820 155
407 940 160
412 520 160
412 1092 160
413 445 160
417 1033 155
418 1118 145
420 1199 155
421 1309 155
427 722 150
430 1265 155
431 411 160
437 1190 145
442 537 160
444 617 155
444 470 160
447 691 175
449 762 155
453 934 165
455 640 160
458 977 170
459 605 145
462 984 160
468 479 165
469 549 160
469 1285 160
471 1123 145
472 622 155
473 1338 155
476 1292 155
478 1025 150
480 689 150
483 534 170
484 791 150
485 798 160
486 1027 145
486 444 175
487 1333 155
493 1139 155
496 1115 170
499 1067 160
499 1278 155
500 551 155
501 537 165
501 1135 155
502 1231 165
506 1072 160
508 485 160
512 812 175
513 1322 155
513 467 160
513 1116 155
518 768 155
518 925 155
518 677 145
520 914 160
529 382 160
538 413 160
539 992 145
539 521 155
543 867 165
546 1072 160
551 984 145
554 1087 150
555 1327 145
556 482 155
556 1162 145
568 1310 150
578 1113 170
579 720 150
579 546 160
579 557 165
581 1143 145
582 864 155
582 1291 145
585 1210 150
587 458 170
587 1058 145
588 939 150
595 1312 155
596 690 170
596 514 160
597 462 150
599 1328 165
601 768 145
602 883 150
602 1149 155
605 1015 160
606 414 155
607 907 160
609 839 145
612 690 145
612 581 150
614 613 150
616 1070 165
617 776 160
618 719 160
629 575 145
630 912 160
632 762 145
632 468 155
637 1199 150
638 993 160
638 1181 165
640 1181 145
642 717 145
643 971 145
647 728 155
648 763 145
652 1104 155
654 1313 145
658 489 155
658 582 155
661 958 145
663 843 145
664 775 155
672 463 145
674 1107 145
675 663 155
695 532 145
700 780 155
704 882 155
706 1088 145
706 428 150
713 1136 165
717 743 155
718 630 145
719 1183 155
728 1175 150
732 1112 155
732 894 165
733 445 170
734 641 160
734 520 150
734 862 150
736 1327 170
736 831 160
738 553 165
738 1322 165
739 710 160
742 1300 155
743 620 160
743 1341 165
743 1070 165
744 463 160
745 716 160
754 921 160
756 689 145
757 1181 160
759 710 155
759 840 145
759 1242 165
760 905 155
760 1307 150
762 859 155
771 832 170
771 484 145
771 1261 165
773 722 155
773 803 150
774 677 165
774 812 145
774 793 145
775 588 165
778 455 150
780 465 155
782 688 155
782 772 165
782 599 170
783 762 165
789 971 155
789 700 160
791 919 165
792 434 145
792 574 155
793 864 160
794 533 170
796 584 155
798 1265 155
800 415 165
802 1235 175
802 806 145
810 1259 145
813 982 160
818 548 155
820 1235 155
821 771 160
823 666 155
826 614 155
827 1051 155
828 1176 155
832 566 155
837 321 160
837 442 150
837 614 155
843 856 145
843 480 165
843 726 165
844 725 165
844 974 175
846 401 145
846 629 160
848 1335 160
851 775 175
863 859 160
867 1203 145
867 471 155
869 1055 155
870 820 165
873 401 150
873 465 155
877 582 165
879 1015 160
879 1017 155
881 412 150
883 1144 160
885 1192 160
885 1216 155
885 1246 155
886 1330 155
894 676 165
903 1235 155
903 1055 155
906 1337 160
906 1026 170
907 494 150
910 1046 155
911 528 170
912 433 145
912 430 155
914 848 160
916 1016 165
918 886 145
918 1334 165
920 822 145
921 1293 150
924 470 175
928 734 155
934 1332 145
934 476 155
948 1313 145
949 1075 165
953 984 160
957 778 170
957 1204 165
957 415 145
958 467 165
958 1070 150
962 1232 155
962 1063 145
964 613 155
967 1023 155
968 519 150
977 802 155
978 540 155
980 1146 145
980 748 150
981 579 150
981 1289 145
981 599 155
983 718 150
984 851 165
984 981 150
985 1207 160
992 1338 155
992 629 150
996 975 155
1000 1334 145
1002 534 150
1010 995 145
1014 606 155
1015 1224 145
1018 461 165
1019 463 150
1020 1330 145
1021 1258 165
1021 1322 160
1032 1006 155
1035 549 155
1035 1151 150
1036 964 145
1038 423 145
1039 971 150
1040 562 155
1041 886 160
1043 528 150
1043 828 160
1048 1008 145
1048 704 165
1048 1162 155
1055 733 150
1056 1191 175
1057 1031 145
1066 558 145
1067 840 150
1068 1210 155
1069 923 160
1071 480 155
1074 1297 160
1080 1342 175
1083 584 170
1083 948 160
1085 506 155
1087 1106 150
1088 871 160
1094 763 155
1096 808 145
1097 1316 165
1097 746 165
1097 722 155
1102 983 150
1106 822 165
1108 977 170
1108 1221 155
1112 1120 145
1114 747 160
1114 647 165
1115 611 155
1122 1123 150
1122 457 165
1122 803 160
1122 1013 165
1128 798 145
1129 597 165
1130 553 165
1131 688 165
1133 1124 150
1134 365 160
1139 1230 145
1140 1278 155
1141 1064 145
1143 742 145
1143 638 160
1147 607 145
1149 561 155
1157 1294 155
1159 478 165
1163 964 155
1163 494 165
1169 458 150
1175 1033 165
1179 1144 165
1179 1106 150
1180 877 170
1181 907 170
1189 660 150
1190 379 150
1193 640 145
1193 797 160
1195 1212 155
1196 808 145
1196 1213 145
1196 798 160
1198 961 155
1198 703 165
1199 741 160
1202 801 160
1202 868 150
1207 476 145
1210 560 145
1211 1034 150
1215 903 155
1215 394 165
1220 553 155
1220 1193 150
1220 1242 155
1225 1116 150
1229 1080 155
1230 676 155
1231 646 160
1232 538 165
1235 1195 155
1235 721 165
1237 381 150
1237 743 165
1242 1171 155
1247 401 155
1249 1184 165
1254 794 150
1256 832 155
1258 373 150
1261 520 155
1266 986 165
1270 584 155
1270 968 150
1271 967 160
1281 1268 155
1283 465 155
1292 911 165
1294 533 165
1295 1135 155
1296 1010 150
1296 1119 170
1297 428 155
1297 964 160
1301 1003 165
1306 947 165
1306 814 160
1307 549 150
1310 968 155
1310 461 155
1310 434 145
1312 1332 145
1314 363 150
1315 1268 155
1315 581 145
1316 1080 150
1318 526 145
1319 576 155
1320 870 155
1320 659 145
1320 949 155
1321 652 155
1328 793 155
1330 384 145
1332 441 145
1335 521 155
1335 1106 145
1338 418 145
1342 476 150
323 397 150
342 725 150
343 514 160
358 1253 160
359 1256 160
366 1147 150
388 984 150
399 498 160
406 1256 170
416 588 150
417 483 160
428 1281 170
433 1123 170
434 344 145
434 1263 140
435 1089 170
435 1300 160
437 585 150
437 1235 140
437 1269 160
452 578 160
456 464 160
460 722 150
462 561 170
469 1178 170
472 367 150
476 618 150
487 542 170
488 566 160
490 1301 160
493 1083 150
496 389 160
501 427 160
506 1215 150
514 1010 150
514 359 155
521 367 160
524 1219 150
536 512 160
537 494 160
538 443 160
540 485 150
541 1063 150
543 1270 150
546 632 160
551 537 150
563 1165 150
575 1221 170
576 528 160
579 1198 150
580 739 150
583 480 160
593 633 160
597 1229 160
609 787 150
612 722 160
616 1089 170
622 888 160
622 1278 140
638 759 160
643 397 160
646 1318 145
653 368 150
654 726 160
658 1235 165
659 1039 145
663 528 155
664 607 170
664 687 170
666 1159 155
667 1280 155
675 703 175
677 414 175
678 603 150
681 1100 135
688 642 165
689 417 175
691 688 145
697 588 155
701 490 160
702 993 170
702 853 145
704 426 150
712 506 170
713 631 160
714 525 160
719 514 160
731 1191 160
740 595 170
746 1239 150
747 1309 150
751 458 160
751 397 170
759 824 160
760 711 150
760 375 135
771 1211 160
775 601 160
779 1202 150
783 363 170
791 1080 160
791 914 160
810 1276 140
812 1320 160
818 606 160
828 601 150
831 537 160
831 709 160
832 1107 160
841 822 150
846 1276 140
851 538 160
851 351 165
856 363 145
863 1046 150
868 1191 160
873 586 160
873 797 160
882 1178 150
888 1015 170
905 1230 170
911 748 150
914 1128 150
926 382 155
927 874 170
928 487 150
935 537 160
956 358 160
964 774 160
974 1279 150
977 1085 150
983 1257 160
988 1169 160
988 441 150
1000 924 160
1023 1251 170
1027 385 160
1035 473 160
1062 782 150
1068 1040 170
1072 1223 170
1106 1316 160
1111 940 150
1123 854 160
1124 790 170
1143 433 160
1143 338 160
1146 612 170
1157 1140 160
1169 724 150
1180 1047 160
1183 1276 150
1184 823 170
1202 951 160
1215 867 150
1216 490 160
1216 1264 140
1216 733 160
1226 616 150
1229 842 160
1229 1053 155
1230 578 145
1240 1089 135
1249 869 165
1250 492 155
1251 789 135
1255 516 150
1261 516 155
1261 775 150
1261 1276 160
1262 1335 150
1263 453 150
1263 1247 140
1264 1128 160
1267 871 160
1267 375 160
1268 512 155
1269 964 145
1270 435 135
1273 1313 150
1273 956 155
1274 650 155
1274 491 155
1279 785 160
1282 342 155
1284 952 160
1285 570 150
1287 876 160
1292 758 160
1295 854 150
1297 368 135
1310 353 160
1310 876 160
1317 948 160
1330 754 150
1334 449 160
1334 790 160
1341 1255 160
321 48 130
321 47 140
322 23 145
325 15 130
326 11 130
328 46 135
329 49 140
330 17 145
332 18 140
332 15 130
333 6 150
338 63 130
340 17 130
340 52 150
341 42 140
341 19 145
342 4 140
343 37 150
353 21 160
359 48 135
359 6 140
360 16 130
366 57 130
368 16 150
368 20 135
371 34 150
373 36 160
373 20 145
373 23 145
375 58 140
377 10 150
378 31 130
380 31 140
381 18 145
381 6 145
392 0 135
395 63 145
401 56 130
404 32 130
404 58 135
406 13 140
410 44 130
410 40 155
411 34 135
411 31 150
414 7 155
415 26 140
416 51 145
417 59 130
417 39 140
418 60 130
421 43 140
423 28 145
428 28 130
428 38 130
428 63 130
431 26 140
431 18 145
435 3 150
437 10 140
438 28 150
439 42 130
442 17 140
442 39 140
443 47 140
444 1 155
445 25 140
445 27 140
449 15 150
452 0 140
452 30 130
455 4 145
456 50 140
456 61 145
457 17 150
457 58 135
458 3 150
459 60 145
459 6 145
460 23 140
465 16 150
465 42 130
466 33 135
466 22 140
466 14 140
467 0 145
467 48 145
468 24 140
468 41 145
471 11 150
472 58 150
475 24 130
475 19 130
477 62 150
479 20 140
480 54 140
482 35 135
482 55 155
483 57 160
483 31 150
486 48 140
487 42 140
490 42 150
492 19 145
493 34 140
493 36 130
493 10 140
500 63 130
501 47 140
502 27 140
505 20 135
506 51 135
506 15 140
511 14 130
511 7 145
519 6 130
524 45 150
524 62 130
525 62 150
526 48 130
527 59 140
527 54 150
527 7 160
528 18 145
528 20 150
529 49 160
529 43 160
530 29 135
532 49 140
533 42 150
534 17 155
534 7 145
536 36 135
539 47 145
542 13 145
542 62 140
547 32 135
548 54 130
551 5 130
551 8 140
554 49 140
554 37 135
554 36 150
554 13 145
555 39 140
557 2 145
558 23 130
561 4 135
563 47 150
563 23 145
566 33 150
566 6 140
568 1 140
570 8 140
573 10 150
573 60 130
576 8 130
577 45 150
577 62 140
578 9 135
578 5 140
579 20 155
581 42 160
582 16 135
583 37 140
583 39 130
587 16 145
588 46 130
588 14 130
590 19 140
600 19 135
600 36 140
601 53 135
603 11 150
606 33 150
606 12 145
608 29 130
611 10 135
612 24 130
613 49 130
613 31 130
614 18 140
618 36 140
618 20 145
620 19 140
621 60 140
621 12 155
621 33 135
621 15 130
622 57 130
625 62 140
626 18 140
626 15 135
629 12 145
632 58 155
632 22 140
633 26 135
634 25 130
636 14 150
637 43 145
646 19 130
647 57 130
649 37 140
652 47 140
655 3 130
665 33 130
689 2 130
690 41 130
691 25 130
691 31 130
696 12 130
697 37 130
698 17 130
705 2 140
705 58 140
707 6 140
709 38 130
711 18 140
712 2 145
714 40 130
714 63 130
717 40 140
719 19 140
719 46 135
720 11 140
721 9 140
722 33 160
724 17 140
724 35 145
724 49 145
728 45 140
728 54 145
730 31 135
732 16 130
732 60 155
733 3 135
733 28 140
734 4 130
736 16 150
736 48 135
738 33 140
738 29 145
740 37 155
741 61 145
746 26 140
746 14 145
748 33 145
748 4 140
751 8 150
751 60 140
754 26 140
757 11 135
759 31 145
760 24 145
762 25 150
764 36 140
764 22 135
769 0 160
771 18 150
772 58 135
774 3 145
774 4 145
776 9 160
776 37 140
779 26 150
779 54 145
780 26 140
782 38 140
787 48 135
787 0 155
787 5 145
787 30 150
789 4 140
790 34 135
790 29 145
790 7 130
793 9 135
800 48 130
801 46 150
806 16 140
808 60 135
808 53 130
810 42 140
810 61 140
814 7 140
820 59 130
822 28 145
823 28 140
824 19 140
826 34 130
827 9 150
827 20 140
829 10 130
832 62 135
832 21 135
834 8 140
834 23 150
836 40 145
836 2 145
839 56 145
839 45 140
839 46 135
841 50 155
845 44 135
845 46 150
847 26 150
848 39 160
852 18 135
856 0 135
859 45 150
861 5 140
862 37 140
864 60 135
868 5 145
869 26 155
869 52 150
872 19 130
872 46 150
873 27 145
873 31 145
880 60 140
881 6 150
882 57 140
883 9 140
883 24 145
892 47 150
892 55 150
894 47 150
894 15 145
895 53 145
895 30 140
898 47 135
898 15 145
899 15 150
904 22 150
905 39 140
905 14 150
910 26 145
911 44 150
912 29 140
914 36 135
916 42 130
918 15 155
918 52 140
918 21 140
919 6 155
921 50 140
923 1 150
924 35 145
924 52 140
924 45 130
925 9 145
927 38 140
930 52 135
930 22 150
939 31 150
940 23 130
947 32 140
947 15 140
950 33 140
953 25 160
954 13 145
957 43 150
960 26 130
960 36 135
961 37 140
964 25 140
966 39 145
977 44 145
978 52 130
982 34 150
982 60 140
983 6 140
984 18 150
986 31 140
987 23 140
988 25 145
988 2 145
988 15 145
992 20 140
993 17 140
994 32 140
994 42 140
994 12 130
994 31 140
995 57 140
995 35 145
996 48 130
996 55 130
996 21 140
1000 58 145
1002 1 140
1003 8 130
1003 49 150
1004 3 155
1007 27 130
1010 27 130
1010 7 140
1012 2 140
1012 38 150
1013 49 135
1014 18 130
1017 40 160
1017 1 150
1019 3 145
1019 6 160
1020 36 150
1020 42 130
1021 53 140
1025 36 130
1026 32 135
1027 9 135
1028 60 130
1031 11 135
1032 29 130
1032 23 140
1034 58 140
1034 47 140
1035 14 160
1035 60 135
1038 37 140
1038 59 145
1039 52 130
1039 38 135
1051 15 130
1052 49 150
1053 0 145
1053 62 130
1054 56 140
1057 17 140
1057 23 140
1062 10 135
1067 5 155
1068 5 135
1069 16 145
1070 4 150
1071 34 135
1075 6 145
1079 3 140
1079 60 130
1079 35 130
1082 36 150
1084 27 135
1085 4 130
1085 22 130
1087 5 145
1092 50 130
1092 62 140
1094 0 140
1094 44 145
1094 63 140
1098 36 145
1100 25 135
1103 33 150
1103 60 160
1106 8 140
1107 3 150
1111 30 145
1113 40 145
1113 59 145
1115 9 130
1116 13 135
1118 10 150
1120 0 140
1121 17 140
1122 15 145
1123 33 140
1124 42 140
1124 23 130
1128 37 145
1129 36 135
1130 9 140
1130 45 135
1131 24 130
1131 51 160
1133 54 130
1134 37 135
1134 53 145
1135 50 140
1135 47 145
1136 44 140
1136 13 150
1139 30 140
1140 25 140
1143 36 130
1143 41 145
1144 53 140
1145 48 150
1145 51 140
1146 43 145
1147 49 150
1147 19 150
1152 32 130
1152 28 140
1152 54 150
1155 18 145
1155 52 135
1156 20 150
1157 44 140
1157 37 140
1164 5 130
1164 6 140
1165 51 135
1167 12 140
1167 61 160
1169 59 135
1171 59 150
1175 17 140
1175 27 130
1175 29 135
1181 17 150
1181 5 140
1184 0 130
1184 10 135
1184 46 140
1189 2 140
1189 13 145
1190 32 145
1190 13 130
1192 8 145
1192 48 155
1192 49 135
1192 23 150
1193 50 140
1193 5 140
1193 62 135
1194 25 160
1195 55 145
1199 39 150
1199 37 135
1200 30 140
1202 10 130
1203 33 140
1203 44 145
1207 28 130
1210 8 140
1210 37 145
1215 41 145
1215 63 140
1216 18 145
1217 12 145
1224 61 150
1231 0 135
1232 40 150
1232 1 140
1234 51 150
1235 55 135
1236 28 145
1243 59 145
1247 28 145
1247 47 135
1251 8 140
1251 31 140
1253 43 150
1253 4 145
1257 20 150
1259 62 140
1261 38 135
1261 56 140
1264 54 150
1265 50 140
1265 39 135
1269 25 145
1270 34 135
1271 55 140
1281 18 135
1282 53 140
1283 48 140
1283 18 130
1283 51 140
1284 1 140
1284 56 135
1284 51 130
1284 57 150
1285 10 150
1285 42 150
1288 39 145
1291 22 140
1292 53 150
1293 45 145
1294 5 135
1295 17 130
1301 24 150
1301 17 135
1303 59 140
1305 18 160
1305 39 145
1307 56 135
1307 17 135
1307 43 130
1308 47 150
1309 53 130
1311 3 140
1314 24 145
1316 39 140
1318 28 145
1320 38 130
1323 30 150
1326 24 140
1328 9 150
1334 46 140
1336 51 150
1337 13 160
1338 46 145
1341 62 140
1343 56 150
352 680 160
471 1230 130
477 686 160
493 665 150
527 658 150
640 1015 140
640 533 150
641 608 160
641 1250 130
641 1295 140
642 771 160
658 925 170
667 1191 150
671 321 140
676 1246 160
681 904 175
681 1149 170
684 526 140
684 478 130
687 738 160
687 1309 165
696 585 150
696 747 140
698 1191 150
757 325 125
759 640 150
792 647 150
821 662 160
828 668 150
907 1217 140
925 697 150
996 332 135
1010 643 160
1040 663 140
1085 665 140
1089 654 150
1104 662 140
1111 322 145
1159 326 145
1186 325 125
1235 334 135
1278 486 155
1279 1149 140
329 63 135
344 17 135
352 40 145
352 26 135
352 7 155
385 15 145
388 19 135
392 56 135
398 30 145
400 3 145
407 50 135
410 56 135
418 36 155
420 44 145
423 0 135
428 14 135
432 47 145
434 10 155
438 12 145
439 6 135
440 51 145
441 55 145
442 63 135
445 23 135
453 61 145
453 13 145
472 12 145
480 44 145
482 23 145
492 37 155
496 56 135
505 41 155
511 51 145
514 62 145
525 9 145
529 21 145
532 26 145
539 4 155
540 32 135
547 29 145
547 21 135
557 45 145
558 50 155
558 28 160
560 32 135
562 2 135
566 10 135
570 18 155
576 12 155
576 33 145
577 63 135
578 10 145
580 28 155
581 20 145
581 45 145
587 34 145
606 61 135
616 29 145
620 37 135
621 32 155
630 44 145
630 22 145
634 51 145
636 58 155
648 9 140
648 1 135
654 11 150
655 58 130
655 37 150
657 11 145
659 6 130
660 59 125
661 43 150
663 16 155
664 25 130
666 15 130
672 5 150
677 8 160
678 25 135
684 61 120
694 19 150
695 17 145
695 57 145
697 28 135
697 25 130
697 17 150
698 22 140
702 59 135
702 37 160
704 59 155
713 18 145
714 56 135
717 39 145
724 2 135
733 19 135
734 41 145
738 61 145
739 27 145
739 39 135
740 48 135
746 0 155
754 30 135
756 45 155
756 13 145
757 32 155
757 62 145
773 45 145
773 47 155
774 10 155
789 49 135
800 55 135
803 53 155
808 59 155
808 6 135
810 24 145
814 50 135
819 42 145
821 3 145
823 50 155
826 36 135
826 18 135
840 46 145
851 48 135
853 45 155
859 16 145
859 62 155
864 26 145
864 46 135
869 63 145
876 58 135
877 3 155
883 42 155
888 6 160
888 56 155
888 25 135
905 48 145
905 59 155
905 31 145
906 0 145
908 18 145
916 4 145
916 54 145
940 19 145
944 63 135
947 24 145
949 56 155
960 32 145
962 53 145
971 46 135
981 52 135
984 12 155
985 18 135
986 37 155
992 5 145
1006 6 145
1012 58 145
1014 57 135
1017 51 155
1018 16 135
1029 47 135
1038 13 145
1041 62 145
1048 36 135
1051 2 135
1056 56 145
1059 25 145
1059 19 145
1066 24 145
1067 62 145
1070 56 145
1092 44 145
1097 5 135
1098 35 155
1110 14 145
1114 42 135
1119 50 145
1120 25 145
1122 4 135
1122 5 135
1134 6 145
1136 1 145
1146 2 145
1146 21 145
1149 5 145
1165 54 155
1169 37 135
1171 44 135
1189 50 135
1189 19 145
1204 42 145
1204 35 145
1212 52 155
1212 30 145
1216 27 130
1216 30 120
1217 60 130
1217 59 135
1217 1 135
1219 40 130
1220 36 150
1220 55 140
1221 14 140
1224 5 140
1225 23 130
1232 3 145
1243 2 135
1243 28 120
1250 29 135
1251 10 135
1254 37 130
1258 33 135
1259 3 150
1264 0 145
1265 44 140
1267 51 130
1267 28 130
1268 17 135
1268 58 150
1273 53 135
1274 32 135
1276 27 140
1277 49 140
1277 4 125
1279 3 135
1279 45 145
1288 60 135
1291 12 145
1292 55 145
1293 58 145
1294 40 155
1297 55 135
1301 0 145
1303 38 145
1305 48 145
1311 61 135
1318 49 145
1319 48 135
1321 0 145
1322 31 145
1323 42 145
1326 56 155
1328 49 145
1332 23 145
1337 32 145
1337 43 145
1342 58 135
1343 16 135
353 691 140
437 677 140
520 672 150
682 971 170
640 57 145
646 23 125
647 9 125
647 37 135
648 54 135
649 41 155
652 33 125
661 52 135
669 45 155
670 48 155
672 40 145
672 43 135
676 29 155
676 23 145
680 28 115
681 63 115
686 31 120
687 40 150
687 44 120
700 46 135
701 13 145
702 10 155
1273 41 135
1276 45 120
1277 9 125
1278 49 145
1278 28 135
1279 11 135
1279 18 110
681 10 125
682 61 115
684 57 145
686 61 125
