345 1214 158 1000
371 363 191 1000
376 958 183 1000
426 1240 195 1000
434 1223 148 1000
447 452 155 1000
452 1073 183 1000
473 601 185 1000
489 921 198 1000
501 904 185 1000
514 451 173 1000
517 820 175 1000
525 986 173 1000
637 556 170 1000
704 798 208 1000
734 420 170 1000
752 1046 148 1000
756 842 220 1000
758 777 183 1000
782 1184 170 1000
804 1259 213 1000
814 411 180 1000
867 816 168 1000
914 1296 215 1000
945 761 158 1000
967 1065 180 1000
973 540 163 1000
1010 1332 150 1000
1011 885 193 1000
1014 362 191 1000
1076 1193 163 1000
1079 1210 185 1000
1082 455 173 1000
1120 747 205 1000
1137 1003 193 1000
1152 787 160 1000
1162 570 188 1000
1178 631 160 1000
1215 1333 168 1000
1264 882 170 1000
1291 970 173 1000
393 297 168 1000
419 255 181 1000
426 203 188 1000
430 196 146 1000
447 298 173 1000
447 253 171 1000
461 230 158 1000
465 196 191 1000
480 269 168 1000
501 254 201 1000
556 305 143 1000
605 296 206 1000
620 282 168 1000
755 290 136 1000
781 250 168 1000
829 192 156 1000
846 272 168 1000
892 282 166 1000
919 280 148 1000
948 230 146 1000
970 286 173 1000
971 286 201 1000
985 260 198 1000
995 317 186 1000
996 213 168 1000
1094 211 161 1000
1105 291 193 1000
1116 298 226 1000
1124 272 158 1000
1173 285 171 1000
1196 260 153 1000
1208 258 171 1000
1225 266 178 1000
1245 314 156 1000
1250 201 148 1000
1319 305 191 1000
1333 308 203 1000
338 121 184 1000
342 88 131 1000
364 92 154 1000
365 122 191 1000
380 157 139 1000
424 179 201 1000
439 129 134 1000
439 68 172 1000
463 191 174 1000
470 115 151 1000
473 157 229 1000
477 71 157 1000
508 97 194 1000
528 117 161 1000
548 160 179 1000
576 172 206 1000
576 157 164 1000
590 149 196 1000
604 117 154 1000
655 944 151 1000
708 190 149 1000
712 147 206 1000
714 161 149 1000
720 684 210 1000
735 176 119 1000
745 140 166 1000
759 113 129 1000
785 172 151 1000
890 100 159 1000
909 102 181 1000
911 102 194 1000
912 112 156 1000
1063 184 194 1000
1102 144 161 1000
1121 128 199 1000
1161 89 181 1000
1194 669 169 1000
1214 64 127 1000
1222 67 144 1000
1235 113 146 1000
1263 191 179 1000
1288 88 181 1000
1335 142 174 1000
334 38 164 1000
348 30 182 1000
398 4 164 1000
469 232 182 1000
506 13 144 1000
528 29 212 1000
546 38 204 1000
668 294 187 1000
683 287 169 1000
711 23 177 1000
726 234 173 1000
734 43 212 1000
741 39 184 1000
755 28 147 1000
829 37 189 1000
836 59 127 1000
854 1 164 1000
957 25 157 1000
1007 41 189 1000
1021 20 167 1000
1156 61 164 1000
1161 18 177 1000
1188 29 159 1000
1245 47 132 1000
1253 12 169 1000
1309 236 152 1000
325 1105 125 1000
365 605 120 1000
378 1302 90 1000
406 788 90 1000
407 1255 80 1000
416 1064 90 1000
427 1054 95 1000
449 825 100 1000
463 1058 90 1000
495 1001 110 1000
527 486 115 1000
532 832 110 1000
552 766 115 1000
610 386 115 1000
642 750 171 1000
701 182 210 1000
722 1264 125 1000
740 953 115 1000
746 999 105 1000
758 1266 110 1000
766 393 95 1000
780 107 192 1000
820 1312 130 1000
849 1063 100 1000
872 1142 80 1000
881 847 115 1000
901 901 125 1000
939 782 130 1000
958 1255 100 1000
979 437 100 1000
1049 552 135 1000
1106 420 125 1000
1135 1086 115 1000
1139 1127 95 1000
1162 370 95 1000
1204 524 115 1000
1289 927 105 1000
1323 1311 115 1000
345 286 78 1000
389 259 93 1000
396 289 103 1000
411 204 118 1000
449 195 78 1000
470 280 113 1000
479 303 113 1000
501 244 118 1000
532 307 93 1000
650 48 163 1000
656 16 165 1000
727 298 93 1000
730 292 118 1000
749 296 108 1000
773 251 103 1000
777 262 128 1000
793 282 138 1000
814 231 108 1000
899 305 78 1000
902 210 98 1000
909 306 103 1000
924 279 93 1000
939 297 108 1000
948 299 118 1000
954 318 88 1000
1044 316 103 1000
1054 243 98 1000
1060 277 103 1000
1064 264 153 1000
1088 244 108 1000
1091 206 98 1000
1097 225 108 1000
1102 294 138 1000
1106 287 103 1000
1126 195 98 1000
1153 215 128 1000
1162 198 128 1000
1172 290 113 1000
1187 204 113 1000
1199 250 98 1000
1210 286 93 1000
1237 244 88 1000
1273 280 103 1000
1289 216 143 1000
1292 315 128 1000
1297 297 103 1000
1319 210 118 1000
335 125 106 1000
346 969 111 1000
351 393 111 1000
358 189 86 1000
360 1103 120 1000
370 545 95 1000
371 759 96 1000
393 178 111 1000
403 781 99 1000
403 181 101 1000
412 885 130 1000
418 1192 110 1000
418 152 111 1000
421 1172 101 1000
428 352 130 1000
440 1163 110 1000
445 789 161 1000
449 1006 136 1000
460 553 134 1000
469 804 111 1000
475 75 121 1000
477 714 130 1000
482 787 131 1000
482 829 129 1000
483 78 126 1000
490 165 91 1000
499 91 106 1000
506 909 96 1000
513 1285 120 1000
523 1254 115 1000
529 445 101 1000
532 934 90 1000
535 1280 116 1000
535 1163 134 1000
536 343 126 1000
540 113 106 1000
540 87 106 1000
541 864 136 1000
554 1264 120 1000
569 935 125 1000
578 1194 136 1000
603 934 144 1000
605 96 91 1000
605 94 86 1000
613 403 101 1000
633 779 89 1000
637 1169 91 1000
637 149 91 1000
646 145 198 1000
653 557 101 1000
673 1119 116 1000
690 182 151 1000
702 897 111 1000
724 603 120 1000
727 1121 101 1000
729 726 119 1000
740 803 116 1000
747 66 101 1000
747 1275 119 1000
752 411 116 1000
757 144 76 1000
765 834 99 1000
785 764 71 1000
813 822 104 1000
845 1192 146 1000
846 1324 146 1000
849 166 101 1000
856 1296 95 1000
859 179 116 1000
868 749 96 1000
882 144 91 1000
893 955 99 1000
914 482 91 1000
915 746 99 1000
917 376 91 1000
921 89 91 1000
923 95 101 1000
939 145 91 1000
944 649 91 1000
946 912 89 1000
950 589 121 1000
951 445 90 1000
954 1113 136 1000
957 116 101 1000
969 556 96 1000
971 329 100 1000
981 131 141 1000
990 1217 110 1000
999 892 126 1000
1008 1234 111 1000
1009 172 106 1000
1012 1127 124 1000
1036 1119 96 1000
1038 171 106 1000
1040 745 114 1000
1046 815 136 1000
1049 604 115 1000
1051 758 125 1000
1052 339 105 1000
1062 779 99 1000
1063 145 106 1000
1064 1276 81 1000
1067 1145 136 1000
1079 163 116 1000
1083 815 124 1000
1091 123 91 1000
1111 1279 96 1000
1112 170 126 1000
1123 860 99 1000
1131 780 81 1000
1131 189 106 1000
1131 173 126 1000
1133 825 111 1000
1134 1175 134 1000
1157 955 136 1000
1157 907 91 1000
1189 1149 119 1000
1192 576 96 1000
1193 422 101 1000
1194 491 106 1000
1199 882 119 1000
1202 357 125 1000
1213 150 121 1000
1220 857 106 1000
1234 932 106 1000
1236 1111 116 1000
1246 749 96 1000
1255 584 99 1000
1270 89 116 1000
1277 877 126 1000
1280 978 99 1000
1280 149 96 1000
1288 939 85 1000
1292 603 110 1000
1295 94 121 1000
1296 588 125 1000
1299 777 136 1000
1302 166 96 1000
1305 556 114 1000
1320 1273 135 1000
1326 1225 151 1000
1326 139 101 1000
1339 175 101 1000
1343 901 121 1000
337 283 139 1000
346 256 107 1000
358 207 119 1000
361 314 132 1000
365 224 99 1000
367 256 97 1000
376 195 94 1000
386 312 94 1000
387 199 108 1000
388 261 88 1000
389 274 94 1000
392 276 118 1000
397 36 104 1000
400 245 97 1000
411 274 119 1000
421 282 128 1000
424 219 99 1000
442 251 117 1000
447 244 104 1000
456 206 92 1000
470 271 94 1000
473 199 93 1000
486 246 114 1000
489 45 99 1000
492 259 87 1000
493 252 84 1000
499 195 103 1000
514 42 99 1000
535 313 93 1000
536 296 97 1000
538 289 104 1000
548 33 124 1000
549 256 112 1000
554 203 89 1000
557 230 138 1000
568 46 104 1000
568 279 103 1000
572 201 109 1000
582 1 89 1000
595 299 119 1000
602 259 107 1000
605 238 89 1000
612 254 124 1000
613 283 97 1000
615 203 139 1000
615 300 94 1000
666 291 84 1000
702 284 89 1000
704 271 84 1000
717 213 144 1000
725 52 74 1000
726 208 107 1000
731 273 109 1000
741 267 84 1000
746 299 104 1000
756 276 122 1000
761 290 109 1000
766 248 109 1000
771 218 107 1000
775 44 89 1000
793 280 134 1000
796 215 79 1000
806 252 123 1000
810 225 84 1000
815 229 122 1000
819 35 104 1000
819 215 109 1000
820 259 87 1000
820 298 99 1000
821 209 107 1000
828 276 94 1000
864 247 133 1000
874 11 89 1000
892 32 124 1000
896 206 138 1000
899 221 109 1000
913 241 107 1000
914 199 114 1000
917 202 97 1000
917 300 108 1000
922 248 97 1000
923 237 89 1000
931 2 104 1000
941 296 99 1000
941 252 88 1000
944 19 119 1000
945 1 109 1000
967 288 97 1000
975 6 134 1000
986 277 89 1000
987 202 119 1000
998 274 117 1000
1008 269 99 1000
1026 196 88 1000
1033 195 94 1000
1038 7 89 1000
1061 225 129 1000
1061 7 109 1000
1063 307 128 1000
1075 302 118 1000
1076 28 84 1000
1079 273 93 1000
1098 283 109 1000
1110 279 109 1000
1114 194 79 1000
1118 58 94 1000
1121 24 109 1000
1134 278 104 1000
1140 209 123 1000
1154 288 87 1000
1157 304 134 1000
1162 284 108 1000
1167 290 102 1000
1181 225 124 1000
1182 268 79 1000
1195 250 124 1000
1203 266 114 1000
1205 262 97 1000
1207 59 124 1000
1210 204 134 1000
1212 245 134 1000
1214 287 149 1000
1215 286 122 1000
1220 273 79 1000
1229 297 94 1000
1234 297 109 1000
1240 18 84 1000
1246 300 103 1000
1255 57 129 1000
1263 49 109 1000
1266 195 119 1000
1285 307 99 1000
1289 34 89 1000
1332 21 109 1000
1333 231 88 1000
1334 32 114 1000
1335 216 87 1000
321 88 127 1000
329 89 101 1000
334 67 132 1000
339 156 110 1000
347 173 96 1000
348 180 102 1000
354 127 126 1000
356 187 127 1000
363 130 97 1000
364 131 121 1000
365 686 167 1000
374 82 125 1000
380 118 152 1000
381 642 102 1000
398 141 106 1000
403 163 75 1000
407 135 87 1000
420 166 75 1000
426 121 116 1000
430 69 132 1000
445 64 101 1000
458 81 91 1000
463 145 101 1000
470 88 91 1000
514 79 137 1000
517 136 105 1000
547 134 146 1000
552 177 117 1000
553 91 87 1000
556 683 99 1000
562 183 136 1000
565 176 136 1000
568 93 77 1000
576 85 111 1000
578 66 132 1000
582 150 116 1000
586 168 120 1000
586 84 117 1000
592 159 116 1000
598 128 117 1000
611 82 110 1000
612 152 107 1000
613 116 87 1000
614 84 146 1000
633 81 161 1000
648 180 97 1000
652 376 101 1000
656 743 95 1000
658 1279 147 1000
668 1179 105 1000
670 1046 122 1000
677 132 112 1000
677 742 107 1000
678 1280 122 1000
696 164 87 1000
697 765 96 1000
702 603 137 1000
703 175 107 1000
704 79 140 1000
715 113 132 1000
720 166 126 1000
721 122 141 1000
751 84 122 1000
751 150 105 1000
759 102 101 1000
760 65 107 1000
779 153 132 1000
780 83 117 1000
791 145 120 1000
796 640 107 1000
809 99 81 1000
813 640 121 1000
815 72 97 1000
816 131 130 1000
825 79 87 1000
834 85 121 1000
846 117 102 1000
849 160 106 1000
854 119 120 1000
859 78 97 1000
871 155 131 1000
876 112 87 1000
893 112 177 1000
899 92 85 1000
924 71 102 1000
932 172 130 1000
933 130 102 1000
943 186 116 1000
949 154 105 1000
949 157 101 1000
957 123 151 1000
957 135 106 1000
960 154 85 1000
969 69 82 1000
969 95 157 1000
983 98 156 1000
985 136 142 1000
987 130 110 1000
987 181 111 1000
991 82 90 1000
1008 184 117 1000
1023 158 110 1000
1052 154 82 1000
1055 677 106 1000
1060 326 101 1000
1065 151 97 1000
1078 83 97 1000
1079 651 132 1000
1079 172 97 1000
1079 109 87 1000
1081 90 97 1000
1081 142 111 1000
1082 660 92 1000
1090 177 130 1000
1094 121 102 1000
1105 109 107 1000
1107 134 120 1000
1109 147 92 1000
1111 88 110 1000
1113 167 122 1000
1120 141 132 1000
1127 132 101 1000
1128 119 100 1000
1137 671 87 1000
1142 137 91 1000
1145 90 91 1000
1149 102 85 1000
1153 108 92 1000
1161 125 77 1000
1185 88 116 1000
1188 156 96 1000
1204 187 97 1000
1206 122 95 1000
1216 112 112 1000
1218 103 97 1000
1220 99 81 1000
1220 153 101 1000
1222 123 100 1000
1242 190 102 1000
1243 124 112 1000
1246 159 102 1000
1255 161 107 1000
1289 78 111 1000
1291 672 99 1000
1292 182 92 1000
1293 136 91 1000
1295 109 97 1000
1297 161 106 1000
1298 82 107 1000
1317 128 121 1000
1322 159 161 1000
1331 68 97 1000
1334 115 97 1000
345 52 125 1000
354 15 65 1000
388 2 130 1000
391 232 112 1000
391 34 80 1000
423 22 130 1000
429 12 119 1000
436 40 88 1000
448 63 110 1000
467 58 108 1000
490 4 100 1000
491 35 124 1000
492 52 105 1000
512 36 100 1000
529 16 154 1000
553 5 114 1000
570 238 89 1000
593 233 77 1000
593 54 110 1000
620 60 108 1000
640 276 104 1000
657 1 90 1000
663 228 105 1000
667 316 110 1000
672 315 93 1000
678 274 109 1000
681 25 105 1000
682 241 73 1000
702 48 105 1000
708 42 125 1000
722 33 80 1000
780 38 130 1000
789 15 129 1000
798 239 120 1000
823 8 108 1000
852 50 155 1000
877 11 75 1000
886 29 128 1000
899 4 110 1000
902 22 130 1000
909 7 80 1000
919 50 100 1000
923 11 98 1000
930 37 130 1000
934 50 114 1000
936 52 119 1000
938 63 120 1000
980 9 65 1000
983 56 89 1000
986 233 80 1000
1026 236 122 1000
1044 61 75 1000
1059 8 118 1000
1059 63 110 1000
1067 10 113 1000
1080 19 90 1000
1119 6 79 1000
1123 6 105 1000
1134 12 133 1000
1153 37 109 1000
1161 33 85 1000
1179 10 128 1000
1204 236 150 1000
1204 51 114 1000
1205 16 119 1000
1267 27 73 1000
1273 1 115 1000
1289 31 125 1000
1305 29 125 1000
1307 41 115 1000
1338 52 130 1000
336 110 153 1000
405 108 85 1000
416 108 148 1000
475 107 78 1000
642 128 93 1000
652 172 126 1000
653 94 63 1000
656 70 102 1000
664 134 93 1000
672 172 122 1000
680 179 83 1000
680 327 97 1000
690 97 83 1000
691 758 106 1000
692 387 73 1000
877 109 92 1000
882 105 85 1000
940 107 108 1000
1054 106 95 1000
1154 110 107 1000
1266 111 110 1000
1277 109 103 1000
1296 104 103 1000
1300 105 120 1000
649 30 126 1000
692 5 81 1000
694 204 90 1000
702 237 126 1000
843 239 132 1000
1012 239 85 1000
671 111 101 1000
690 69 93 1000
690 26 89 1000
694 233 86 1000
695 9 92 1000
345 387 188 300
545 725 151 300
556 615 203 300
625 354 202 300
725 941 173 300
798 1235 155 300
803 544 208 300
985 520 191 300
1172 1128 138 300
1204 549 198 300
345 258 203 300
361 311 158 300
384 246 156 300
393 253 184 300
487 270 151 300
615 197 150 300
747 275 186 300
760 285 153 300
761 270 201 300
844 251 164 300
885 228 156 300
976 253 154 300
1215 222 146 300
1316 272 159 300
1322 253 181 300
342 70 169 300
374 182 151 300
403 146 176 300
469 103 144 300
587 73 172 300
764 688 139 300
835 171 194 300
995 155 166 300
1007 120 212 300
1099 64 184 300
1204 191 187 300
1229 182 144 300
1280 173 181 300
1289 173 169 300
1332 191 167 300
351 18 182 300
580 22 170 300
622 0 167 300
656 195 161 300
660 216 162 300
668 199 160 300
824 36 207 300
979 60 175 300
1090 47 147 300
1094 10 139 300
324 983 115 300
338 612 95 300
424 345 145 300
501 1250 95 300
614 1311 105 300
650 188 179 300
681 119 143 300
878 1340 120 300
932 425 130 300
1237 738 130 300
1259 1216 125 300
351 304 113 300
426 215 123 300
577 307 103 300
857 297 103 300
938 243 128 300
958 302 108 300
1094 281 98 300
1305 242 108 300
1326 262 78 300
324 1059 85 300
344 1194 175 300
383 567 146 300
408 78 111 300
419 98 101 300
419 185 106 300
423 68 126 300
435 660 86 300
454 1245 95 300
503 927 146 300
516 541 125 300
534 793 135 300
603 151 111 300
626 125 91 300
629 162 106 300
644 90 151 300
648 1340 101 300
748 727 121 300
761 1094 79 300
799 852 116 300
802 555 94 300
836 1058 91 300
838 1110 134 300
912 92 111 300
930 430 125 300
938 185 106 300
967 1130 95 300
981 162 86 300
999 1106 131 300
1010 1139 125 300
1035 430 110 300
1035 348 95 300
1082 178 76 300
1099 1176 136 300
1119 66 106 300
1135 153 121 300
1171 158 106 300
1198 484 101 300
1204 854 99 300
1210 1177 100 300
1313 742 101 300
1337 1150 81 300
327 294 122 300
345 217 138 300
352 17 109 300
374 295 109 300
416 283 107 300
486 277 124 300
499 243 132 300
510 211 123 300
529 259 94 300
540 259 129 300
581 319 154 300
646 7 196 300
651 211 114 300
663 293 89 300
714 303 138 300
715 226 138 300
783 37 74 300
816 308 103 300
821 212 102 300
834 282 158 300
935 309 104 300
963 42 114 300
991 197 169 300
1028 306 98 300
1075 200 134 300
1079 231 99 300
1120 222 84 300
1133 264 87 300
1134 307 104 300
1149 316 124 300
1165 201 118 300
1168 242 117 300
1185 195 99 300
1197 247 113 300
1214 241 99 300
1254 288 89 300
1296 242 92 300
1306 291 133 300
1320 192 119 300
1322 282 79 300
1343 0 84 300
333 78 112 300
363 189 111 300
374 72 136 300
436 178 100 300
440 87 92 300
483 191 91 300
586 670 104 300
587 70 132 300
607 112 92 300
609 134 90 300
766 182 121 300
788 105 87 300
816 67 111 300
853 158 101 300
874 170 122 300
874 174 121 300
892 682 122 300
896 154 120 300
975 97 112 300
979 120 86 300
1011 147 101 300
1056 141 126 300
1104 186 120 300
1116 181 102 300
1120 100 110 300
1131 126 132 300
1143 84 105 300
1172 109 87 300
1202 131 107 300
1212 164 111 300
1223 139 77 300
1286 93 130 300
1304 144 126 300
1326 75 107 300
337 43 108 300
360 35 145 300
396 20 105 300
597 5 103 300
598 7 124 300
666 211 110 300
670 46 105 300
671 250 104 300
697 245 73 300
783 236 104 300
801 45 109 300
803 57 93 300
817 49 140 300
831 11 125 300
838 27 144 300
996 57 108 300
1023 16 105 300
1035 34 134 300
1073 30 105 300
1164 37 110 300
1169 61 83 300
1222 44 115 300
1278 30 118 300
1313 58 83 300
402 104 97 300
598 111 128 300
613 703 73 300
644 84 118 300
651 127 98 300
944 105 120 300
960 104 115 300
675 50 115 300
701 32 130 300
1064 235 91 300
359 1250 196 150
379 840 153 150
380 539 141 150
470 804 133 150
470 829 176 150
490 1087 183 150
495 704 171 150
495 1135 198 150
519 804 173 150
530 1117 190 150
567 583 156 150
577 478 213 150
691 130 142 300
733 837 203 150
747 494 145 150
784 1054 205 150
790 346 138 150
833 978 160 150
844 766 148 150
909 917 210 150
917 1197 213 150
937 930 210 150
938 861 158 150
960 590 135 150
969 327 158 150
976 420 170 150
999 796 208 150
999 837 180 150
1003 524 152 150
1007 549 203 150
1020 1223 218 150
1026 1236 160 150
1061 736 208 150
1091 638 185 150
1151 402 210 150
1158 516 195 150
1187 605 178 150
1208 954 180 150
1234 1043 203 150
1311 337 162 150
1312 1076 198 150
1313 382 196 150
1323 515 143 150
1331 846 156 150
344 257 181 150
356 273 241 150
362 200 183 150
398 240 164 150
419 208 146 150
428 286 183 150
509 196 216 150
513 289 178 150
549 313 196 150
552 243 228 150
577 242 221 150
586 244 203 150
622 272 166 150
720 248 158 150
740 291 161 150
773 259 149 150
783 243 216 150
801 242 168 150
824 271 201 150
840 244 173 150
851 259 211 150
877 281 173 150
878 305 180 150
909 263 198 150
913 289 171 150
915 243 195 150
924 245 161 150
944 259 168 150
951 300 201 150
960 246 163 150
965 210 181 150
973 252 163 150
978 264 164 150
980 281 173 150
1001 278 196 150
1004 221 181 150
1013 305 176 150
1056 257 193 150
1060 286 203 150
1066 256 174 150
1079 287 216 150
1097 207 168 150
1098 195 141 150
1108 253 165 150
1109 301 131 150
1118 220 183 150
1165 305 146 150
1187 198 145 150
1250 194 196 150
1254 283 158 150
1283 242 218 150
1304 253 164 150
329 118 159 150
334 135 184 150
343 126 141 150
346 94 182 150
352 146 154 150
364 84 141 150
402 77 169 150
405 66 182 150
420 140 149 150
435 695 134 150
456 134 184 150
465 118 171 150
509 93 156 150
520 77 147 150
566 131 204 150
581 135 181 150
582 158 149 150
592 180 181 150
602 120 164 150
680 1036 171 150
708 157 158 150
734 116 161 150
742 143 194 150
744 144 191 150
749 81 179 150
749 141 191 150
750 143 174 150
756 119 159 150
757 185 161 150
818 182 152 150
818 151 154 150
821 126 211 150
833 171 154 150
840 146 186 150
852 66 184 150
852 74 176 150
865 116 179 150
890 102 151 150
895 118 119 150
920 77 146 150
949 155 193 150
957 656 176 150
958 157 179 150
970 125 168 150
979 91 212 150
986 102 141 150
986 159 184 150
1004 116 156 150
1008 84 154 150
1010 158 201 150
1056 154 174 150
1076 158 186 150
1076 143 184 150
1104 173 141 150
1130 134 192 150
1146 133 148 150
1154 65 193 150
1260 158 227 150
1297 153 179 150
1306 113 204 150
1317 134 176 150
1331 131 146 150
1340 118 204 150
335 44 157 150
371 29 181 150
386 59 239 150
414 22 204 150
434 232 204 150
509 43 167 150
582 57 191 150
638 238 157 150
651 305 199 150
651 195 185 150
671 263 167 150
685 298 157 150
711 32 204 150
713 63 159 150
731 18 156 150
829 237 192 150
845 33 202 150
882 9 159 150
918 29 162 150
919 12 162 150
941 34 174 150
948 62 184 150
968 22 206 150
982 18 207 150
986 62 189 150
987 47 159 150
1010 6 167 150
1052 19 182 150
1063 29 169 150
1144 54 197 150
1158 24 154 150
1165 5 187 150
1193 15 164 150
1198 51 167 150
1217 44 169 150
1218 0 144 150
1247 232 154 150
1299 21 140 150
1317 48 197 150
381 356 110 150
381 742 120 150
388 545 95 150
392 364 100 150
408 899 90 150
449 1320 95 150
469 1178 100 150
555 111 180 150
579 1123 100 150
592 1294 95 150
605 451 105 150
611 1285 80 150
639 384 110 150
640 489 156 150
641 1066 125 150
641 407 182 150
664 95 150 150
670 150 177 150
714 717 100 150
723 948 80 150
750 928 95 150
791 817 105 150
793 1213 120 150
800 384 120 150
816 1057 130 150
835 1008 80 150
899 352 95 150
909 106 160 150
914 108 206 150
919 1179 115 150
950 1205 95 150
961 1002 110 150
991 403 90 150
1006 918 90 150
1015 1004 115 150
1026 1073 125 150
1043 803 100 150
1065 751 80 150
1149 1133 130 150
1185 1099 105 150
1188 858 155 150
1239 351 130 150
1243 960 100 150
1267 937 105 150
1277 759 110 150
1322 946 110 150
1334 1056 95 150
1334 402 110 150
337 263 103 150
338 312 113 150
370 215 138 150
374 286 123 150
422 207 108 150
455 213 78 150
473 248 153 150
486 259 118 150
497 313 113 150
527 268 78 150
527 199 128 150
536 214 103 150
584 200 78 150
589 289 118 150
590 265 103 150
680 26 195 150
686 46 153 150
695 279 154 150
713 264 123 150
722 210 118 150
755 242 93 150
773 263 103 150
793 303 103 150
796 304 103 150
801 216 93 150
810 308 98 150
814 199 93 150
832 204 118 150
834 249 103 150
837 274 93 150
859 316 108 150
864 239 133 150
870 206 108 150
895 222 108 150
901 221 113 150
902 205 108 150
909 312 128 150
911 196 123 150
934 252 113 150
934 285 113 150
999 221 98 150
1004 294 98 150
1013 245 133 150
1049 281 113 150
1108 205 128 150
1169 293 103 150
1171 217 138 150
1188 258 128 150
1188 211 98 150
1246 275 108 150
1253 278 118 150
1259 216 113 150
1263 270 108 150
1267 251 118 150
1285 195 103 150
1311 292 93 150
1316 228 118 150
1339 270 103 150
1340 291 93 150
324 90 106 150
325 984 105 150
329 1057 91 150
334 66 131 150
338 772 126 150
344 552 181 150
352 720 96 150
352 1055 81 150
354 1281 110 150
359 440 114 150
363 1163 91 150
371 460 124 150
376 628 126 150
385 1051 91 150
387 976 114 150
393 68 116 150
402 1071 89 150
403 405 101 150
414 899 110 150
419 1338 126 150
435 850 100 150
438 1081 86 150
440 752 119 150
450 1163 89 150
451 662 106 150
465 140 101 150
466 845 90 150
469 116 116 150
477 743 115 150
484 1324 111 150
486 1198 144 150
493 1071 91 150
494 1219 71 150
496 1153 101 150
496 787 151 150
496 1172 126 150
497 72 76 150
499 1288 156 150
504 572 106 150
514 1296 86 150
523 358 105 150
524 1222 126 150
536 437 106 150
539 555 99 150
541 843 144 150
544 984 81 150
550 980 124 150
565 784 106 150
579 1255 119 150
588 160 101 150
603 1252 89 150
605 172 126 150
606 86 121 150
624 1095 91 150
629 1035 126 150
636 524 106 150
641 178 136 150
647 677 146 150
651 1028 91 150
655 111 168 150
692 183 193 150
712 1280 136 150
713 1279 99 150
713 1158 106 150
714 610 86 150
715 65 91 150
724 797 119 150
730 1240 111 150
731 1194 101 150
735 1255 91 150
742 757 119 150
743 1267 121 150
745 163 86 150
751 1292 146 150
759 875 134 150
774 584 81 150
775 611 90 150
775 1055 121 150
777 342 110 150
778 1218 99 150
780 173 86 150
791 158 86 150
810 1228 111 150
816 444 125 150
817 1317 126 150
821 1255 71 150
822 137 101 150
824 690 76 150
831 555 134 150
842 1114 81 150
849 385 79 150
849 803 126 150
849 796 136 150
851 176 106 150
851 607 81 150
857 170 86 150
859 90 101 150
861 113 136 150
865 1108 99 150
867 1299 131 150
870 1097 91 150
874 132 91 150
875 780 140 150
876 565 81 150
884 838 151 150
890 1078 136 150
893 492 90 150
899 517 126 150
902 1193 99 150
904 533 156 150
909 168 111 150
911 155 106 150
914 704 111 150
932 1097 101 150
934 102 111 150
938 461 141 150
939 501 109 150
941 810 86 150
946 164 91 150
946 142 126 150
948 1263 160 150
952 416 101 150
970 715 99 150
973 1208 96 150
991 714 160 150
1000 100 106 150
1001 1278 105 150
1007 329 146 150
1007 810 101 150
1009 1170 111 150
1010 93 86 150
1035 170 126 150
1041 878 124 150
1042 593 111 150
1075 1065 126 150
1076 583 131 150
1078 1128 106 150
1078 995 136 150
1081 614 99 150
1082 861 146 150
1097 77 76 150
1098 133 126 150
1100 824 106 150
1101 824 116 150
1103 612 146 150
1104 1185 71 150
1110 173 126 150
1116 695 116 150
1117 1225 81 150
1127 126 91 150
1128 897 114 150
1131 121 121 150
1133 1021 150 150
1134 658 91 150
1137 544 145 150
1137 1097 146 150
1140 1174 136 150
1143 490 161 150
1150 416 119 150
1158 1189 101 150
1158 92 136 150
1161 73 91 150
1181 83 116 150
1185 717 141 150
1192 1171 96 150
1195 895 106 150
1197 1247 99 150
1201 80 76 150
1201 684 91 150
1203 1201 116 150
1203 692 76 150
1206 490 91 150
1208 113 76 150
1213 1312 136 150
1219 144 86 150
1221 345 136 150
1223 586 111 150
1242 1246 96 150
1251 951 91 150
1259 81 91 150
1260 982 90 150
1272 1165 91 150
1275 367 125 150
1289 1332 126 150
1292 880 131 150
1296 1120 136 150
1296 1223 104 150
1300 554 91 150
1311 178 141 150
1312 190 86 150
1319 98 136 150
1322 1042 101 150
1322 847 91 150
1332 388 111 150
1341 335 71 150
336 267 99 150
342 290 102 150
346 204 109 150
346 247 134 150
347 6 99 150
354 299 89 150
361 222 104 150
367 17 104 150
367 43 84 150
376 15 94 150
383 312 104 150
388 216 104 150
392 226 129 150
393 250 108 150
398 219 144 150
407 302 132 150
416 251 99 150
419 233 119 150
428 230 94 150
429 213 104 150
430 212 94 150
435 284 107 150
438 234 104 150
440 198 109 150
445 225 159 150
449 272 142 150
451 51 119 150
452 227 107 150
462 302 134 150
469 292 98 150
472 314 129 150
486 257 92 150
490 306 124 150
491 44 134 150
492 240 154 150
492 305 118 150
497 311 144 150
516 219 77 150
523 245 114 150
525 208 92 150
530 311 109 150
540 267 97 150
541 206 109 150
544 203 113 150
553 28 124 150
566 286 94 150
567 25 104 150
568 247 87 150
570 304 99 150
579 277 117 150
586 214 99 150
587 243 84 150
589 41 139 150
592 241 138 150
601 297 79 150
603 303 97 150
607 318 99 150
618 249 104 150
622 233 119 150
625 216 102 150
625 222 144 150
633 52 114 150
633 49 89 150
664 307 134 150
671 301 134 150
691 32 151 150
699 274 104 150
715 242 77 150
721 298 134 150
721 290 99 150
722 272 69 150
729 309 124 150
747 43 89 150
747 48 89 150
748 255 79 150
748 285 109 150
774 1 124 150
774 275 119 150
778 251 134 150
787 298 107 150
787 269 94 150
790 221 89 150
791 219 124 150
801 222 99 150
802 228 119 150
809 36 124 150
810 310 94 150
810 303 104 150
811 58 124 150
811 301 99 150
816 229 104 150
825 22 104 150
828 57 114 150
834 248 104 150
842 258 124 150
847 13 84 150
858 243 99 150
872 204 69 150
877 2 114 150
881 39 99 150
884 25 124 150
902 226 92 150
909 51 74 150
912 273 117 150
917 249 89 150
921 26 119 150
923 258 99 150
927 206 103 150
940 200 89 150
944 299 104 150
950 313 94 150
953 316 104 150
954 211 84 150
965 309 104 150
977 216 119 150
981 298 144 150
981 294 79 150
982 208 124 150
984 275 119 150
984 230 109 150
995 22 99 150
998 216 134 150
1000 313 89 150
1002 259 107 150
1007 319 99 150
1008 240 117 150
1010 10 104 150
1012 25 94 150
1023 269 94 150
1035 232 109 150
1038 261 104 150
1040 230 94 150
1044 315 129 150
1047 243 134 150
1054 210 104 150
1057 309 104 150
1073 291 144 150
1074 250 128 150
1075 293 139 150
1085 304 108 150
1095 217 89 150
1095 201 88 150
1105 200 124 150
1108 257 122 150
1124 290 109 150
1135 11 94 150
1145 280 139 150
1154 311 84 150
1178 200 144 150
1188 277 102 150
1203 302 159 150
1208 40 124 150
1210 261 159 150
1216 276 118 150
1222 310 119 150
1223 288 87 150
1237 35 114 150
1244 42 99 150
1254 255 129 150
1278 273 84 150
1287 251 114 150
1292 293 169 150
1296 223 119 150
1306 195 79 150
1306 279 104 150
1314 306 113 150
1319 230 129 150
1335 218 97 150
333 100 117 150
335 67 106 150
347 90 82 150
348 165 92 150
351 92 97 150
354 138 130 150
358 137 122 150
358 75 87 150
365 66 87 150
367 156 132 150
367 69 122 150
369 167 95 150
374 100 112 150
379 662 87 150
391 128 77 150
393 177 130 150
396 191 142 150
398 138 117 150
400 83 147 150
411 155 86 150
419 174 67 150
423 83 127 150
425 133 97 150
428 140 106 150
428 88 77 150
428 92 142 150
434 134 132 150
438 182 110 150
442 69 117 150
444 184 110 150
451 94 132 150
455 71 91 150
467 183 97 150
472 68 67 150
478 132 122 150
479 103 95 150
487 642 112 150
506 152 115 150
506 658 67 150
512 124 121 150
514 103 152 150
515 140 132 150
536 151 92 150
562 68 102 150
564 131 132 150
565 65 67 150
566 92 142 150
569 83 112 150
572 115 102 150
572 147 75 150
577 190 112 150
578 122 106 150
579 101 97 150
598 65 127 150
598 127 87 150
605 168 102 150
622 107 107 150
622 654 111 150
622 82 87 150
625 115 96 150
625 90 132 150
633 144 102 150
641 813 112 150
646 493 101 150
649 1085 117 150
653 976 77 150
655 1299 152 150
664 170 122 150
678 186 102 150
683 440 102 150
685 836 107 150
729 72 127 150
740 189 147 150
742 163 105 150
752 83 132 150
753 96 95 150
759 126 102 150
761 83 67 150
764 132 152 150
774 653 97 150
781 66 127 150
784 154 117 150
787 175 112 150
788 145 87 150
788 161 92 150
797 128 107 150
799 128 112 150
800 96 85 150
817 74 67 150
817 125 121 150
820 641 87 150
820 128 75 150
823 80 87 150
833 117 142 150
843 168 157 150
857 99 95 150
859 655 77 150
870 88 101 150
875 67 112 150
884 82 147 150
886 111 127 150
902 133 122 150
912 70 167 150
917 170 132 150
932 655 97 150
934 176 100 150
937 112 97 150
938 165 85 150
951 678 107 150
956 136 141 150
956 69 107 150
960 123 106 150
960 157 137 150
970 130 116 150
970 157 77 150
978 103 112 150
979 178 122 150
983 105 87 150
983 126 82 150
986 175 111 150
991 191 112 150
1000 96 107 150
1010 125 147 150
1035 74 110 150
1042 96 107 150
1049 164 142 150
1051 185 107 150
1056 77 105 150
1059 127 122 150
1063 182 121 150
1074 81 122 150
1075 139 95 150
1079 168 112 150
1101 152 95 150
1110 184 92 150
1110 102 100 150
1142 115 107 150
1143 133 100 150
1144 159 142 150
1149 124 120 150
1151 85 97 150
1154 129 115 150
1157 127 147 150
1158 128 95 150
1161 64 87 150
1162 115 117 150
1162 89 77 150
1163 99 117 150
1179 68 97 150
1187 94 120 150
1187 191 67 150
1199 157 142 150
1201 126 157 150
1204 151 131 150
1215 154 107 150
1221 126 97 150
1229 69 112 150
1243 79 105 150
1244 119 117 150
1259 177 97 150
1263 672 102 150
1276 96 107 150
1279 183 122 150
1293 181 111 150
1298 71 102 150
1305 98 117 150
1312 126 142 150
1331 172 92 150
1339 178 137 150
325 22 103 150
331 59 110 150
337 8 103 150
337 62 95 150
362 63 135 150
364 43 100 150
371 6 98 150
375 52 110 150
376 58 99 150
400 48 110 150
412 22 99 150
421 18 110 150
429 236 80 150
439 13 80 150
452 9 105 150
467 238 105 150
488 28 80 150
510 234 90 150
510 58 108 150
525 44 125 150
533 10 105 150
540 15 105 150
563 34 103 150
567 31 125 150
570 5 128 150
572 16 85 150
576 8 80 150
582 18 75 150
585 61 95 150
597 24 95 150
605 24 100 150
614 233 155 150
626 37 85 150
632 6 120 150
636 30 105 150
648 209 80 150
652 203 123 150
654 305 135 150
660 250 83 150
673 311 140 150
677 280 93 150
684 284 85 150
696 265 155 150
697 271 110 150
699 269 103 150
712 16 115 150
714 5 100 150
715 233 95 150
717 41 73 150
726 26 80 150
732 36 138 150
735 29 85 150
736 57 93 150
750 232 100 150
756 31 105 150
758 8 125 150
764 7 80 150
773 55 85 150
787 1 134 150
800 42 110 150
814 51 98 150
824 23 165 150
824 58 125 150
824 61 105 150
827 41 100 150
844 26 75 150
846 234 115 150
868 28 95 150
876 27 129 150
881 2 115 150
895 52 165 150
930 233 110 150
933 16 93 150
940 0 140 150
960 49 108 150
987 30 130 150
995 61 99 150
997 49 125 150
1000 58 83 150
1011 62 135 150
1013 27 83 150
1014 1 90 150
1029 3 118 150
1035 50 140 150
1045 35 138 150
1055 42 105 150
1057 45 138 150
1058 49 80 150
1058 15 99 150
1062 18 75 150
1080 59 95 150
1084 42 180 150
1103 234 112 150
1123 58 105 150
1156 48 85 150
1156 50 130 150
1181 3 115 150
1181 46 75 150
1185 233 129 150
1192 192 130 150
1252 39 94 150
1265 239 85 150
1277 47 85 150
1281 10 120 150
1285 234 120 150
1288 232 140 150
1298 36 119 150
1307 59 95 150
1307 45 90 150
1312 11 95 150
1314 38 113 150
1322 29 100 150
1323 33 145 150
1334 12 100 150
1334 24 120 150
1335 40 140 150
1335 3 103 150
331 106 138 150
365 111 95 150
477 109 123 150
536 106 120 150
642 124 103 150
646 66 163 150
646 186 153 150
660 75 101 150
660 69 118 150
664 703 128 150
673 102 143 150
680 129 81 150
682 80 128 150
683 177 107 150
686 157 128 150
692 509 136 150
699 191 113 150
702 170 91 150
711 109 128 150
818 106 110 150
996 109 138 150
1097 111 102 150
1157 696 93 150
1252 105 105 150
1276 105 103 150
467 234 129 150
479 234 121 150
641 277 89 150
645 260 61 150
663 37 111 150
666 25 86 150
667 43 71 150
679 41 161 150
684 21 84 150
686 50 86 150
691 6 101 150
691 273 61 150
691 244 98 150
692 269 71 150
694 261 119 150
695 257 121 150
831 239 122 150
1237 239 106 150
640 136 82 150
642 137 89 150
642 108 104 150
646 191 89 150
672 108 123 150
688 102 134 150
688 127 74 150
