345 1214 127 1000
376 958 145 1000
426 1240 145 1000
434 1223 145 1000
447 452 137 1000
452 1073 135 1000
473 601 135 1000
489 921 145 1000
501 904 137 1000
514 451 150 1000
517 820 135 1000
525 986 145 1000
637 556 137 1000
704 798 145 1000
720 684 135 1000
734 420 135 1000
752 1046 127 1000
756 842 145 1000
758 777 135 1000
782 1184 135 1000
804 1259 137 1000
814 411 145 1000
867 816 135 1000
914 1296 145 1000
945 761 127 1000
967 1065 135 1000
973 540 145 1000
1010 1332 135 1000
1011 885 127 1000
1076 1193 145 1000
1079 1210 135 1000
1082 455 135 1000
1120 747 137 1000
1137 1003 150 1000
1152 787 135 1000
1162 570 145 1000
1178 631 137 1000
1194 669 145 1000
1215 1333 135 1000
1264 882 135 1000
1291 970 127 1000
393 297 133 1000
419 255 133 1000
426 203 133 1000
447 298 125 1000
447 253 133 1000
461 230 143 1000
469 232 133 1000
480 269 125 1000
501 254 133 1000
556 305 143 1000
605 296 133 1000
620 282 135 1000
726 234 143 1000
755 290 133 1000
781 250 133 1000
846 272 125 1000
892 282 143 1000
919 280 133 1000
948 230 133 1000
970 286 125 1000
971 286 133 1000
985 260 133 1000
995 317 143 1000
996 213 125 1000
1094 211 143 1000
1105 291 143 1000
1116 298 143 1000
1124 272 135 1000
1173 285 143 1000
1196 260 143 1000
1208 258 143 1000
1225 266 125 1000
1245 314 133 1000
1250 201 133 1000
1309 236 133 1000
1319 305 135 1000
1333 308 133 1000
338 121 131 1000
342 88 131 1000
364 92 123 1000
365 122 146 1000
371 363 131 1000
380 157 131 1000
424 179 133 1000
439 129 131 1000
463 191 141 1000
470 115 141 1000
473 157 123 1000
508 97 141 1000
528 117 131 1000
548 160 141 1000
576 172 133 1000
576 157 141 1000
590 149 141 1000
604 117 141 1000
655 944 123 1000
708 190 141 1000
712 147 141 1000
714 161 131 1000
735 176 158 1000
745 140 131 1000
759 113 131 1000
780 107 131 1000
785 172 123 1000
890 100 141 1000
909 102 131 1000
911 102 131 1000
912 112 123 1000
1014 362 131 1000
1063 184 131 1000
1102 144 131 1000
1121 128 123 1000
1161 89 131 1000
1235 113 141 1000
1263 191 141 1000
1288 88 133 1000
1335 142 131 1000
334 38 139 1000
348 30 129 1000
398 4 121 1000
430 196 135 1000
465 196 129 1000
506 13 129 1000
528 29 131 1000
546 38 139 1000
683 287 129 1000
711 23 154 1000
734 43 121 1000
741 39 139 1000
755 28 129 1000
829 192 139 1000
829 37 131 1000
836 59 139 1000
854 1 129 1000
957 25 139 1000
1007 41 131 1000
1021 20 139 1000
1156 61 139 1000
1161 18 129 1000
1188 29 131 1000
1245 47 169 1000
1253 12 129 1000
325 1105 84 1000
365 605 84 1000
370 545 99 1000
378 1302 84 1000
406 788 84 1000
407 1255 94 1000
412 885 99 1000
416 1064 94 1000
418 1192 89 1000
427 1054 94 1000
439 68 152 1000
440 1163 99 1000
449 1006 99 1000
449 825 84 1000
460 553 99 1000
463 1058 84 1000
477 714 89 1000
477 71 152 1000
482 829 99 1000
495 1001 84 1000
513 1285 99 1000
527 486 84 1000
532 832 84 1000
535 1280 89 1000
535 1163 89 1000
552 766 84 1000
554 1264 99 1000
578 1194 99 1000
603 934 99 1000
610 386 84 1000
642 750 131 1000
701 182 119 1000
722 1264 84 1000
724 603 99 1000
729 726 99 1000
740 953 94 1000
740 803 99 1000
746 999 84 1000
747 1275 89 1000
758 1266 84 1000
766 393 94 1000
813 640 89 1000
820 1312 84 1000
845 1192 89 1000
849 1063 84 1000
856 1296 89 1000
872 1142 94 1000
881 847 84 1000
901 901 84 1000
939 782 84 1000
944 649 99 1000
946 912 89 1000
958 1255 84 1000
979 437 84 1000
990 1217 99 1000
1046 815 89 1000
1049 552 84 1000
1051 758 89 1000
1055 677 84 1000
1083 815 99 1000
1106 420 94 1000
1134 1175 89 1000
1135 1086 84 1000
1139 1127 94 1000
1189 1149 89 1000
1194 491 89 1000
1204 524 84 1000
1214 64 123 1000
1222 67 137 1000
1288 939 99 1000
1289 927 99 1000
1291 672 89 1000
1292 603 89 1000
1299 777 99 1000
1323 1311 94 1000
1326 1225 89 1000
345 286 82 1000
346 256 87 1000
358 207 97 1000
361 314 87 1000
365 224 87 1000
367 256 87 1000
389 259 82 1000
392 276 97 1000
396 289 92 1000
411 204 82 1000
424 219 97 1000
442 251 87 1000
470 280 82 1000
479 303 92 1000
486 246 87 1000
501 244 82 1000
532 307 82 1000
535 313 97 1000
538 289 87 1000
549 256 87 1000
557 230 87 1000
568 279 87 1000
605 238 92 1000
612 254 87 1000
650 48 135 1000
656 16 125 1000
668 294 117 1000
717 213 97 1000
727 298 92 1000
730 292 82 1000
749 296 92 1000
766 248 87 1000
773 251 92 1000
777 262 82 1000
793 282 92 1000
796 215 87 1000
798 239 82 1000
814 231 82 1000
821 209 97 1000
843 239 97 1000
864 247 97 1000
896 206 87 1000
899 305 92 1000
902 210 92 1000
909 306 92 1000
913 241 97 1000
917 300 97 1000
923 237 92 1000
924 279 92 1000
939 297 92 1000
941 296 87 1000
948 299 82 1000
954 318 82 1000
998 274 87 1000
1008 269 97 1000
1012 239 87 1000
1044 316 92 1000
1054 243 92 1000
1060 277 82 1000
1063 307 87 1000
1064 264 82 1000
1075 302 87 1000
1079 273 87 1000
1088 244 107 1000
1091 206 82 1000
1097 225 92 1000
1102 294 82 1000
1106 287 82 1000
1153 215 92 1000
1162 284 87 1000
1172 290 92 1000
1187 204 92 1000
1199 250 92 1000
1205 262 87 1000
1210 286 92 1000
1214 287 87 1000
1215 286 87 1000
1237 244 92 1000
1246 300 87 1000
1273 280 82 1000
1285 307 87 1000
1289 216 82 1000
1292 315 92 1000
1297 297 92 1000
1319 210 82 1000
329 89 95 1000
335 125 80 1000
336 110 95 1000
351 393 79 1000
354 127 85 1000
358 189 90 1000
364 131 85 1000
371 759 75 1000
374 82 85 1000
393 178 80 1000
403 781 79 1000
403 181 80 1000
405 108 85 1000
407 135 85 1000
418 152 80 1000
421 1172 89 1000
426 121 95 1000
458 81 85 1000
463 145 85 1000
470 88 85 1000
475 75 80 1000
483 78 80 1000
490 165 80 1000
499 91 80 1000
506 909 89 1000
540 113 80 1000
540 87 90 1000
556 683 89 1000
562 183 95 1000
565 176 85 1000
582 150 95 1000
592 159 85 1000
605 96 80 1000
605 94 80 1000
611 82 95 1000
613 403 89 1000
633 81 95 1000
633 779 89 1000
637 1169 75 1000
637 149 90 1000
646 145 123 1000
653 557 80 1000
658 1279 85 1000
673 1119 80 1000
690 182 123 1000
702 897 90 1000
704 79 85 1000
720 166 95 1000
721 122 85 1000
727 1121 89 1000
752 411 75 1000
757 144 80 1000
759 102 95 1000
765 834 89 1000
785 764 79 1000
791 145 85 1000
796 640 79 1000
809 99 85 1000
813 822 79 1000
849 166 80 1000
859 179 90 1000
868 749 85 1000
882 144 80 1000
882 105 95 1000
893 955 79 1000
899 92 85 1000
914 482 85 1000
915 746 79 1000
921 89 80 1000
923 95 90 1000
932 172 95 1000
939 145 80 1000
940 107 85 1000
949 157 95 1000
957 123 85 1000
957 116 90 1000
957 135 85 1000
969 556 89 1000
981 131 80 1000
987 130 120 1000
1009 172 90 1000
1012 1127 89 1000
1036 1119 89 1000
1038 171 80 1000
1040 745 89 1000
1060 326 95 1000
1062 779 79 1000
1063 145 80 1000
1064 1276 79 1000
1079 163 80 1000
1079 172 95 1000
1079 109 80 1000
1081 142 95 1000
1082 660 89 1000
1091 123 105 1000
1105 109 90 1000
1111 1279 89 1000
1112 170 80 1000
1123 860 79 1000
1127 132 85 1000
1131 780 89 1000
1131 189 95 1000
1131 173 80 1000
1137 671 79 1000
1142 137 85 1000
1149 102 95 1000
1153 108 80 1000
1154 110 85 1000
1157 907 89 1000
1162 370 90 1000
1185 88 95 1000
1199 882 75 1000
1204 187 85 1000
1213 150 90 1000
1220 99 95 1000
1220 153 85 1000
1236 1111 89 1000
1255 584 79 1000
1270 89 80 1000
1277 877 89 1000
1277 109 85 1000
1280 978 75 1000
1280 149 80 1000
1289 78 85 1000
1295 109 90 1000
1295 94 80 1000
1302 166 80 1000
1305 556 79 1000
1322 159 85 1000
1326 139 105 1000
1339 175 80 1000
386 312 73 1000
391 232 87 1000
397 36 78 1000
400 245 77 1000
423 22 93 1000
447 244 73 1000
448 63 83 1000
449 195 88 1000
456 206 102 1000
467 58 93 1000
470 271 83 1000
489 45 78 1000
491 35 93 1000
492 259 77 1000
493 252 87 1000
512 36 93 1000
514 42 78 1000
536 296 77 1000
548 33 78 1000
553 5 83 1000
554 203 77 1000
568 46 88 1000
570 238 83 1000
582 1 78 1000
593 233 77 1000
602 259 77 1000
613 283 87 1000
620 60 93 1000
672 315 93 1000
702 284 78 1000
725 52 88 1000
726 208 87 1000
746 299 77 1000
756 276 83 1000
771 218 87 1000
775 44 78 1000
780 38 83 1000
815 229 87 1000
819 35 78 1000
819 215 83 1000
820 259 92 1000
820 298 77 1000
828 276 77 1000
874 11 78 1000
886 29 83 1000
892 32 78 1000
899 4 93 1000
914 199 83 1000
917 202 77 1000
922 248 83 1000
931 2 78 1000
934 50 83 1000
936 52 83 1000
944 19 78 1000
945 1 78 1000
967 288 77 1000
975 6 88 1000
983 56 93 1000
986 233 87 1000
986 277 77 1000
1026 236 77 1000
1038 7 78 1000
1059 8 93 1000
1059 63 83 1000
1061 7 88 1000
1067 10 93 1000
1076 28 88 1000
1118 58 88 1000
1121 24 78 1000
1126 195 88 1000
1134 12 83 1000
1134 278 83 1000
1154 288 77 1000
1161 33 83 1000
1162 198 88 1000
1167 290 87 1000
1179 10 93 1000
1182 268 77 1000
1204 51 93 1000
1207 59 78 1000
1220 273 87 1000
1240 18 88 1000
1255 57 78 1000
1263 49 88 1000
1289 34 78 1000
1332 21 78 1000
1334 32 93 1000
1335 216 73 1000
339 156 75 1000
346 969 96 1000
348 180 75 1000
360 1103 104 1000
398 141 75 1000
403 163 81 1000
420 166 75 1000
428 352 100 1000
445 789 94 1000
469 804 86 1000
482 787 94 1000
517 136 75 1000
523 1254 109 1000
529 445 94 1000
532 934 86 1000
536 343 95 1000
541 864 104 1000
553 91 71 1000
568 93 75 1000
569 935 94 1000
578 66 81 1000
586 168 85 1000
613 116 71 1000
648 180 76 1000
652 376 91 1000
652 172 81 1000
656 743 85 1000
668 1179 91 1000
670 1046 120 1000
677 132 76 1000
680 179 91 1000
680 327 91 1000
691 758 85 1000
696 164 86 1000
703 175 76 1000
747 66 76 1000
751 84 85 1000
751 150 75 1000
816 131 85 1000
825 79 71 1000
846 1324 121 1000
854 119 75 1000
876 112 75 1000
917 376 85 1000
924 71 91 1000
943 186 75 1000
949 154 85 1000
950 589 94 1000
951 445 94 1000
954 1113 94 1000
960 154 85 1000
971 329 71 1000
987 181 75 1000
991 82 85 1000
999 892 86 1000
1008 184 75 1000
1008 1234 94 1000
1023 158 81 1000
1049 604 94 1000
1052 339 95 1000
1054 106 75 1000
1065 151 75 1000
1067 1145 104 1000
1090 177 71 1000
1094 121 75 1000
1107 134 85 1000
1109 147 85 1000
1111 88 81 1000
1128 119 85 1000
1133 825 86 1000
1145 90 75 1000
1157 955 94 1000
1161 125 75 1000
1192 576 104 1000
1193 422 104 1000
1202 357 86 1000
1206 122 81 1000
1216 112 85 1000
1220 857 104 1000
1222 123 75 1000
1234 932 94 1000
1243 124 75 1000
1246 749 119 1000
1246 159 81 1000
1266 111 75 1000
1293 136 75 1000
1296 588 86 1000
1300 105 85 1000
1320 1273 94 1000
1343 901 94 1000
337 283 92 1000
354 15 69 1000
376 195 84 1000
387 199 83 1000
388 261 102 1000
389 274 107 1000
411 274 102 1000
421 282 94 1000
436 40 83 1000
473 199 83 1000
490 4 69 1000
499 195 69 1000
572 201 102 1000
593 54 83 1000
595 299 92 1000
615 203 102 1000
615 300 94 1000
640 276 78 1000
649 30 79 1000
657 1 74 1000
666 291 74 1000
678 274 69 1000
681 25 74 1000
682 241 83 1000
702 48 74 1000
704 271 92 1000
731 273 102 1000
741 267 94 1000
761 290 102 1000
793 280 92 1000
806 252 92 1000
810 225 84 1000
823 8 73 1000
877 11 83 1000
899 221 92 1000
923 11 69 1000
941 252 102 1000
980 9 73 1000
987 202 102 1000
1026 196 79 1000
1033 195 94 1000
1044 61 73 1000
1061 225 92 1000
1098 283 92 1000
1110 279 92 1000
1114 194 89 1000
1119 6 83 1000
1140 209 94 1000
1157 304 102 1000
1181 225 92 1000
1195 250 92 1000
1203 266 84 1000
1210 204 92 1000
1212 245 92 1000
1229 297 92 1000
1234 297 119 1000
1266 195 98 1000
1267 27 73 1000
1333 231 102 1000
321 88 100 1000
334 67 82 1000
347 173 90 1000
356 187 100 1000
363 130 115 1000
365 686 92 1000
380 118 90 1000
381 642 94 1000
430 69 86 1000
445 64 71 1000
514 79 82 1000
547 134 90 1000
552 177 100 1000
576 85 90 1000
586 84 82 1000
598 128 90 1000
612 152 100 1000
614 84 100 1000
642 128 81 1000
653 94 71 1000
677 742 82 1000
678 1280 100 1000
690 97 72 1000
692 387 75 1000
697 765 90 1000
702 603 82 1000
715 113 90 1000
760 65 86 1000
779 153 90 1000
780 83 82 1000
815 72 90 1000
834 85 90 1000
846 117 100 1000
849 160 82 1000
859 78 90 1000
871 155 90 1000
893 112 100 1000
933 130 92 1000
969 69 71 1000
969 95 90 1000
983 98 90 1000
985 136 90 1000
1052 154 82 1000
1078 83 100 1000
1079 651 104 1000
1081 90 90 1000
1113 167 82 1000
1120 141 125 1000
1188 156 115 1000
1218 103 100 1000
1242 190 82 1000
1255 161 90 1000
1292 182 90 1000
1297 161 100 1000
1298 82 107 1000
1317 128 100 1000
1331 68 96 1000
1334 115 100 1000
345 52 90 1000
388 2 88 1000
391 34 88 1000
429 12 88 1000
492 52 90 1000
529 16 98 1000
663 228 88 1000
667 316 75 1000
690 26 75 1000
692 5 70 1000
708 42 90 1000
722 33 98 1000
789 15 98 1000
852 50 98 1000
902 22 105 1000
909 7 98 1000
919 50 98 1000
930 37 88 1000
938 63 80 1000
1080 19 98 1000
1123 6 88 1000
1153 37 88 1000
1204 236 80 1000
1205 16 98 1000
1273 1 88 1000
1289 31 88 1000
1305 29 90 1000
1307 41 98 1000
1338 52 88 1000
416 108 100 1000
475 107 78 1000
656 70 67 1000
664 134 67 1000
671 111 67 1000
672 172 86 1000
690 69 83 1000
877 109 100 1000
1296 104 100 1000
694 204 86 1000
702 237 98 1000
694 233 94 1000
695 9 94 1000
345 387 131 300
545 725 135 300
556 615 135 300
725 941 135 300
764 688 141 300
798 1235 135 300
803 544 141 300
985 520 135 300
1172 1128 141 300
1204 549 135 300
345 258 129 300
361 311 133 300
384 246 129 300
393 253 133 300
487 270 129 300
747 275 133 300
760 285 139 300
761 270 143 300
844 251 139 300
885 228 133 300
976 253 139 300
1215 222 143 300
1316 272 129 300
1322 253 143 300
374 182 127 300
403 146 131 300
469 103 127 300
587 73 131 300
625 354 133 300
835 171 131 300
995 155 127 300
1007 120 156 300
1204 191 127 300
1229 182 141 300
1280 173 137 300
1289 173 141 300
1332 191 137 300
351 18 139 300
580 22 125 300
615 197 139 300
622 0 135 300
660 216 139 300
824 36 125 300
979 60 129 300
1090 47 125 300
1094 10 129 300
324 1059 99 300
324 983 84 300
338 612 94 300
342 70 133 300
344 1194 89 300
435 660 84 300
454 1245 99 300
501 1250 84 300
614 1311 94 300
650 188 123 300
681 119 127 300
799 852 89 300
838 1110 89 300
878 1340 94 300
930 430 89 300
932 425 84 300
967 1130 89 300
1035 430 89 300
1099 64 123 300
1237 738 84 300
1259 1216 94 300
351 304 82 300
374 295 87 300
416 283 87 300
426 215 82 300
486 277 97 300
499 243 97 300
577 307 92 300
656 195 121 300
714 303 87 300
783 236 82 300
816 308 97 300
857 297 82 300
938 243 92 300
958 302 92 300
1094 281 82 300
1133 264 97 300
1165 201 87 300
1168 242 87 300
1305 242 82 300
1326 262 92 300
363 189 85 300
374 72 95 300
402 104 85 300
408 78 80 300
419 98 80 300
419 185 90 300
424 345 80 300
483 191 95 300
586 670 79 300
603 151 90 300
613 703 79 300
626 125 80 300
629 162 80 300
644 90 134 300
648 1340 90 300
761 1094 79 300
788 105 90 300
802 555 79 300
836 1058 89 300
853 158 85 300
892 682 79 300
912 92 80 300
938 185 90 300
944 105 85 300
960 104 95 300
975 97 85 300
981 162 80 300
1011 147 85 300
1082 178 80 300
1131 126 95 300
1135 153 90 300
1171 158 90 300
1172 109 90 300
1204 854 89 300
1304 144 95 300
1313 742 79 300
1337 1150 79 300
327 294 77 300
352 17 78 300
396 20 83 300
540 259 77 300
597 5 93 300
646 7 131 300
651 211 78 300
663 293 78 300
668 199 127 300
783 37 88 300
801 45 83 300
817 49 83 300
821 212 87 300
963 42 78 300
996 57 93 300
1023 16 93 300
1073 30 83 300
1079 231 77 300
1222 44 83 300
1254 288 77 300
1278 30 83 300
1296 242 77 300
1322 282 73 300
1343 0 78 300
383 567 104 300
423 68 86 300
436 178 85 300
503 927 94 300
516 541 94 300
534 793 94 300
587 70 81 300
609 134 75 300
748 727 96 300
816 67 81 300
874 170 75 300
896 154 75 300
999 1106 104 300
1010 1139 104 300
1035 348 95 300
1099 1176 94 300
1104 186 86 300
1116 181 75 300
1119 66 76 300
1120 100 75 300
1143 84 75 300
1198 484 94 300
1210 1177 94 300
1223 139 71 300
1286 93 85 300
337 43 73 300
345 217 92 300
510 211 94 300
529 259 92 300
581 319 102 300
666 211 79 300
697 245 79 300
715 226 102 300
803 57 83 300
834 282 84 300
935 309 92 300
991 197 88 300
1028 306 117 300
1075 200 94 300
1120 222 92 300
1134 307 92 300
1149 316 102 300
1169 61 73 300
1185 195 94 300
1197 247 92 300
1214 241 102 300
1306 291 102 300
1313 58 83 300
1320 192 84 300
333 78 90 300
440 87 105 300
607 112 90 300
644 84 87 300
766 182 82 300
874 174 100 300
979 120 100 300
1056 141 90 300
1202 131 82 300
1212 164 90 300
1326 75 90 300
360 35 88 300
598 7 80 300
670 46 80 300
831 11 88 300
838 27 98 300
1035 34 84 300
1064 235 107 300
1164 37 88 300
598 111 100 300
651 127 78 300
359 1250 135 150
379 840 135 150
380 539 145 150
435 695 127 150
470 804 150 150
470 829 135 150
490 1087 135 150
495 704 142 150
495 1135 145 150
519 804 145 150
530 1117 135 150
567 583 137 150
577 478 135 150
671 250 84 300
675 50 84 300
701 32 76 300
733 837 145 150
747 494 145 150
784 1054 141 150
833 978 131 150
844 766 145 150
909 917 145 150
917 1197 141 150
937 930 141 150
938 861 145 150
957 656 145 150
960 590 141 150
976 420 131 150
999 796 135 150
999 837 135 150
1003 524 131 150
1007 549 141 150
1020 1223 135 150
1026 1236 145 150
1061 736 131 150
1091 638 131 150
1151 402 135 150
1158 516 135 150
1187 605 141 150
1208 954 141 150
1234 1043 145 150
1312 1076 135 150
1323 515 131 150
1331 846 131 150
344 257 133 150
356 273 133 150
362 200 139 150
398 240 129 150
419 208 133 150
428 286 133 150
434 232 129 150
513 289 129 150
549 313 143 150
552 243 143 150
577 242 129 150
586 244 129 150
622 272 143 150
638 238 143 150
720 248 129 150
740 291 129 150
773 259 133 150
783 243 143 150
801 242 139 150
824 271 129 150
829 237 143 150
840 244 133 150
851 259 129 150
864 239 139 150
877 281 143 150
878 305 148 150
909 263 129 150
913 289 139 150
915 243 143 150
924 245 143 150
944 259 129 150
951 300 129 150
960 246 143 150
965 210 133 150
973 252 129 150
978 264 129 150
980 281 143 150
1001 278 133 150
1004 221 139 150
1013 305 129 150
1056 257 133 150
1060 286 133 150
1066 256 129 150
1079 287 139 150
1097 207 133 150
1108 253 133 150
1109 301 129 150
1118 220 129 150
1165 305 133 150
1247 232 133 150
1254 283 129 150
1283 242 139 150
1304 253 133 150
329 118 131 150
334 135 137 150
343 126 137 150
346 94 131 150
352 146 141 150
364 84 137 150
402 77 137 150
420 140 141 150
456 134 131 150
465 118 127 150
509 93 137 150
520 77 131 150
555 111 131 150
566 131 137 150
581 135 137 150
582 158 146 150
592 180 156 150
602 120 127 150
680 1036 127 150
691 130 92 300
708 157 141 150
734 116 141 150
742 143 123 150
744 144 131 150
749 81 141 150
749 141 131 150
750 143 123 150
756 119 141 150
757 185 141 150
790 346 146 150
818 182 133 150
818 151 131 150
821 126 146 150
833 171 141 150
840 146 123 150
852 74 131 150
865 116 141 150
890 102 131 150
895 118 123 150
909 106 141 150
914 108 141 150
920 77 131 150
949 155 123 150
958 157 141 150
969 327 131 150
970 125 131 150
979 91 133 150
986 102 131 150
986 159 131 150
1004 116 141 150
1008 84 123 150
1010 158 141 150
1056 154 131 150
1076 158 131 150
1076 143 148 150
1104 173 141 150
1130 134 131 150
1146 133 131 150
1260 158 133 150
1297 153 141 150
1306 113 141 150
1313 382 131 150
1317 134 148 150
1331 131 131 150
1340 118 171 150
335 44 129 150
371 29 121 150
386 59 129 150
414 22 129 150
509 43 129 150
509 196 131 150
582 57 144 150
651 305 129 150
685 298 129 150
711 32 121 150
713 63 139 150
731 18 129 150
845 33 144 150
882 9 131 150
918 29 139 150
919 12 139 150
941 34 139 150
948 62 121 150
968 22 129 150
982 18 129 150
986 62 129 150
987 47 121 150
1010 6 129 150
1052 19 129 150
1063 29 129 150
1098 195 121 150
1144 54 164 150
1158 24 129 150
1165 5 129 150
1187 198 121 150
1193 15 129 150
1198 51 139 150
1217 44 129 150
1218 0 136 150
1299 21 129 150
1317 48 154 150
325 984 99 150
376 628 89 150
381 742 94 150
385 1051 89 150
388 545 84 150
402 1071 89 150
405 66 127 150
408 899 84 150
440 752 89 150
449 1320 84 150
451 662 84 150
469 1178 84 150
477 743 89 150
486 1198 89 150
493 1071 89 150
496 1153 99 150
539 555 99 150
541 843 89 150
550 980 89 150
579 1123 84 150
579 1255 89 150
592 1294 84 150
603 1252 89 150
605 451 84 150
611 1285 84 150
639 384 84 150
640 489 141 150
641 1066 127 150
641 407 123 150
647 677 141 150
655 111 127 150
712 1280 89 150
713 1279 89 150
714 717 94 150
723 948 84 150
724 797 99 150
730 1240 89 150
735 1255 89 150
742 757 89 150
750 928 94 150
759 875 89 150
778 1218 99 150
791 817 94 150
793 1213 94 150
800 384 84 150
810 1228 89 150
816 1057 94 150
817 1317 89 150
824 690 84 150
831 555 99 150
835 1008 84 150
849 803 89 150
852 66 127 150
859 655 99 150
870 1097 89 150
876 565 99 150
884 838 99 150
899 517 99 150
902 1193 99 150
914 704 89 150
919 1179 94 150
932 1097 89 150
932 655 89 150
939 501 89 150
950 1205 84 150
952 416 89 150
961 1002 94 150
970 715 89 150
991 403 84 150
1006 918 94 150
1009 1170 89 150
1015 1004 84 150
1026 1073 94 150
1043 803 94 150
1065 751 94 150
1075 1065 89 150
1081 614 99 150
1116 695 84 150
1134 658 84 150
1137 1097 89 150
1140 1174 99 150
1143 490 89 150
1149 1133 84 150
1150 416 89 150
1154 65 127 150
1157 696 99 150
1185 1099 84 150
1188 858 94 150
1197 1247 89 150
1201 684 84 150
1203 692 84 150
1243 960 84 150
1267 937 94 150
1277 759 94 150
1289 1332 99 150
1296 1120 89 150
1311 337 123 150
1322 1042 99 150
1322 946 94 150
1322 847 89 150
1332 388 89 150
1334 1056 84 150
1334 402 94 150
337 263 97 150
338 312 92 150
346 247 87 150
370 215 92 150
374 286 92 150
383 312 97 150
388 216 87 150
398 219 87 150
407 302 87 150
419 233 97 150
422 207 82 150
429 236 82 150
435 284 97 150
438 234 82 150
449 272 97 150
455 213 92 150
467 238 87 150
473 248 82 150
486 259 92 150
490 306 87 150
497 313 82 150
523 245 97 150
527 268 92 150
536 214 82 150
540 267 87 150
579 277 87 150
584 200 92 150
586 214 87 150
589 289 82 150
590 265 82 150
607 318 87 150
622 233 82 150
651 195 117 150
671 263 135 150
680 26 121 150
686 46 135 150
695 279 121 150
713 264 82 150
721 298 97 150
722 210 92 150
748 255 97 150
755 242 82 150
773 263 92 150
791 219 97 150
793 303 82 150
796 304 92 150
801 216 82 150
810 308 82 150
832 204 82 150
834 249 82 150
837 274 92 150
842 258 87 150
858 243 87 150
859 316 82 150
870 206 82 150
895 222 107 150
901 221 92 150
902 205 92 150
909 312 92 150
912 273 97 150
917 249 87 150
930 233 87 150
934 252 82 150
934 285 82 150
940 200 97 150
977 216 97 150
981 298 97 150
984 230 87 150
999 221 82 150
1000 313 87 150
1002 259 97 150
1004 294 92 150
1007 319 87 150
1008 240 87 150
1013 245 82 150
1035 232 82 150
1049 281 92 150
1095 217 87 150
1108 257 97 150
1108 205 82 150
1124 290 87 150
1145 280 87 150
1169 293 82 150
1171 217 92 150
1188 258 82 150
1188 211 92 150
1223 288 87 150
1237 239 87 150
1246 275 92 150
1250 194 139 150
1253 278 82 150
1259 216 82 150
1263 270 92 150
1265 239 92 150
1267 251 92 150
1285 234 97 150
1292 293 87 150
1306 279 97 150
1311 292 82 150
1316 228 92 150
1319 230 122 150
1335 218 97 150
1339 270 82 150
1340 291 82 150
324 90 90 150
329 1057 79 150
352 720 75 150
352 1055 89 150
354 138 85 150
358 137 95 150
359 440 79 150
363 1163 89 150
365 111 85 150
367 156 95 150
369 167 85 150
371 460 89 150
379 662 79 150
381 356 80 150
387 976 79 150
392 364 90 150
393 177 85 150
396 191 85 150
400 83 85 150
403 405 79 150
425 133 95 150
438 1081 89 150
450 1163 89 150
465 140 80 150
469 116 90 150
487 642 89 150
494 1219 75 150
496 1172 79 150
497 72 80 150
504 572 79 150
506 152 95 150
506 658 75 150
514 1296 89 150
514 103 85 150
524 1222 79 150
536 106 85 150
536 437 89 150
544 984 79 150
564 131 85 150
572 115 85 150
577 190 95 150
588 160 90 150
605 172 90 150
606 86 90 150
622 107 90 150
624 1095 89 150
629 1035 79 150
641 178 133 150
649 1085 95 150
651 1028 80 150
653 976 95 150
664 95 133 150
670 150 115 150
685 836 85 150
692 183 123 150
714 610 89 150
729 72 85 150
740 189 85 150
742 163 95 150
745 163 80 150
774 584 79 150
774 653 75 150
780 173 80 150
784 154 95 150
788 145 95 150
791 158 80 150
818 106 85 150
820 641 85 150
821 1255 75 150
822 137 90 150
823 80 95 150
842 1114 79 150
849 385 79 150
851 176 80 150
851 607 79 150
857 170 80 150
857 99 120 150
859 90 90 150
861 113 80 150
865 1108 89 150
874 132 90 150
886 111 80 150
899 352 95 150
909 168 80 150
911 155 80 150
917 170 85 150
934 102 80 150
938 165 95 150
946 164 90 150
946 142 80 150
973 1208 79 150
979 178 95 150
983 105 90 150
1000 100 90 150
1007 810 75 150
1010 93 90 150
1035 170 80 150
1035 74 85 150
1041 878 89 150
1049 164 95 150
1051 185 95 150
1056 77 85 150
1059 127 85 150
1075 139 95 150
1078 1128 75 150
1079 168 95 150
1097 77 105 150
1098 133 80 150
1101 824 79 150
1104 1185 79 150
1110 173 90 150
1117 1225 75 150
1127 126 90 150
1128 897 79 150
1131 121 80 150
1154 129 85 150
1157 127 95 150
1158 1189 89 150
1158 92 90 150
1161 73 80 150
1162 115 85 150
1181 83 95 150
1192 1171 79 150
1195 895 89 150
1201 80 80 150
1203 1201 75 150
1206 490 79 150
1208 113 90 150
1219 144 80 150
1239 351 80 150
1242 1246 79 150
1243 79 85 150
1251 951 75 150
1259 81 80 150
1272 1165 79 150
1296 1223 79 150
1300 554 79 150
1311 178 80 150
1312 126 85 150
1312 190 80 150
1319 98 80 150
331 59 83 150
337 8 93 150
342 290 77 150
346 204 73 150
347 6 78 150
354 299 87 150
367 17 78 150
367 43 78 150
375 52 83 150
376 15 78 150
421 18 93 150
428 230 83 150
440 198 83 150
451 51 78 150
452 227 87 150
486 257 77 150
491 44 88 150
510 234 73 150
510 58 83 150
516 219 77 150
525 208 87 150
527 199 88 150
533 10 83 150
553 28 88 150
566 286 87 150
567 25 78 150
567 31 83 150
568 247 83 150
570 304 77 150
570 5 83 150
582 18 83 150
585 61 83 150
587 243 77 150
589 41 88 150
601 297 87 150
603 303 77 150
618 249 87 150
625 216 73 150
633 52 78 150
633 49 88 150
652 203 93 150
673 311 83 150
677 280 83 150
691 32 127 150
697 271 93 150
699 274 88 150
699 269 83 150
715 242 87 150
715 233 88 150
722 272 87 150
732 36 83 150
747 43 78 150
747 48 78 150
774 1 88 150
787 298 77 150
787 269 83 150
790 221 77 150
801 222 87 150
802 228 77 150
809 36 88 150
811 58 88 150
811 301 83 150
814 199 88 150
825 22 78 150
828 57 88 150
831 239 87 150
834 248 77 150
844 26 83 150
846 234 77 150
847 13 78 150
872 204 87 150
877 2 78 150
881 39 78 150
884 25 78 150
895 52 83 150
902 226 87 150
909 51 78 150
911 196 78 150
921 26 78 150
923 258 73 150
944 299 77 150
953 316 87 150
965 309 77 150
981 294 73 150
982 208 87 150
995 22 78 150
997 49 83 150
1000 58 93 150
1010 10 78 150
1012 25 88 150
1013 27 93 150
1023 269 83 150
1029 3 83 150
1035 50 83 150
1038 261 87 150
1040 230 83 150
1045 35 83 150
1054 210 77 150
1057 45 93 150
1080 59 83 150
1103 234 87 150
1135 11 78 150
1154 311 77 150
1156 50 83 150
1181 3 93 150
1181 46 83 150
1188 277 87 150
1192 192 83 150
1208 40 88 150
1237 35 78 150
1244 42 78 150
1278 273 77 150
1281 10 83 150
1285 195 78 150
1314 38 83 150
1322 29 83 150
1323 33 83 150
1334 24 83 150
1335 40 83 150
334 66 86 150
338 772 94 150
344 552 104 150
347 90 81 150
348 165 85 150
351 92 85 150
354 1281 86 150
358 75 75 150
365 66 81 150
367 69 81 150
374 100 75 150
391 128 75 150
393 68 76 150
414 899 94 150
419 174 71 150
419 1338 94 150
428 88 71 150
435 850 96 150
438 182 75 150
444 184 75 150
455 71 81 150
466 845 94 150
467 183 75 150
478 132 75 150
479 103 85 150
484 1324 94 150
496 787 94 150
499 1288 86 150
523 358 81 150
536 151 75 150
565 784 104 150
572 147 75 150
579 101 71 150
598 127 85 150
605 168 75 150
622 82 85 150
633 144 85 150
636 524 129 150
641 813 95 150
646 493 76 150
678 186 86 150
680 129 81 150
682 80 81 150
683 440 75 150
713 1158 109 150
715 65 76 150
731 1194 104 150
743 1267 86 150
751 1292 104 150
753 96 71 150
759 126 85 150
761 83 75 150
775 611 104 150
775 1055 94 150
781 66 81 150
787 175 71 150
788 161 85 150
797 128 75 150
799 128 75 150
800 96 81 150
816 444 86 150
817 74 75 150
820 128 75 150
849 796 104 150
867 1299 94 150
875 780 94 150
890 1078 96 150
893 492 104 150
902 133 85 150
904 533 94 150
912 70 81 150
934 176 75 150
938 461 94 150
941 810 86 150
948 1263 94 150
970 157 75 150
991 714 94 150
991 191 75 150
1001 1278 104 150
1007 329 96 150
1042 96 71 150
1042 593 94 150
1076 583 119 150
1078 995 96 150
1082 861 86 150
1100 824 94 150
1101 152 85 150
1103 612 94 150
1110 102 75 150
1133 1021 104 150
1137 544 94 150
1143 133 75 150
1149 124 71 150
1158 128 75 150
1162 89 75 150
1179 68 81 150
1185 717 94 150
1187 94 71 150
1187 191 75 150
1213 1312 96 150
1215 154 85 150
1221 345 85 150
1221 126 85 150
1223 586 104 150
1252 105 85 150
1259 177 85 150
1260 982 94 150
1275 367 90 150
1292 880 94 150
1305 98 75 150
1341 335 71 150
325 22 73 150
336 267 102 150
337 62 73 150
361 222 84 150
371 6 73 150
392 226 117 150
393 250 92 150
416 251 92 150
429 213 84 150
430 212 92 150
439 13 69 150
445 225 92 150
452 9 83 150
462 302 92 150
469 292 94 150
472 314 92 150
488 28 73 150
492 240 84 150
492 305 92 150
497 311 102 150
530 311 92 150
541 206 92 150
544 203 102 150
563 34 83 150
572 16 69 150
576 8 73 150
592 241 109 150
597 24 73 150
605 24 73 150
625 222 84 150
626 37 79 150
660 250 83 150
664 307 78 150
671 301 74 150
684 284 83 150
712 16 83 150
714 5 79 150
717 41 79 150
721 290 92 150
726 26 83 150
729 309 102 150
735 29 79 150
736 57 73 150
748 285 92 150
758 8 73 150
764 7 83 150
773 55 73 150
774 275 102 150
778 251 84 150
800 42 73 150
810 310 102 150
810 303 92 150
814 51 73 150
816 229 102 150
824 61 83 150
827 41 73 150
868 28 79 150
927 206 113 150
933 16 83 150
950 313 92 150
954 211 102 150
960 49 73 150
984 275 102 150
998 216 94 150
1044 315 92 150
1047 243 92 150
1057 309 92 150
1062 18 73 150
1073 291 84 150
1074 250 92 150
1075 293 102 150
1085 304 92 150
1095 201 94 150
1105 200 102 150
1123 58 69 150
1156 48 83 150
1178 200 84 150
1203 302 92 150
1210 261 92 150
1216 276 107 150
1222 310 92 150
1254 255 94 150
1277 47 73 150
1287 251 92 150
1296 223 92 150
1306 195 73 150
1307 59 79 150
1307 45 83 150
1312 11 73 150
1314 306 94 150
1334 12 73 150
1335 3 69 150
333 100 90 150
335 67 82 150
398 138 115 150
411 155 100 150
423 83 100 150
428 140 100 150
428 92 90 150
434 134 100 150
442 69 86 150
451 94 92 150
472 68 71 150
512 124 90 150
515 140 90 150
562 68 81 150
565 65 71 150
566 92 92 150
569 83 100 150
578 122 90 150
598 65 101 150
622 654 104 150
625 115 92 150
625 90 90 150
642 108 81 150
642 124 87 150
646 186 81 150
655 1299 82 150
660 75 81 150
660 69 87 150
664 170 72 150
688 102 77 150
702 170 81 150
752 83 90 150
764 132 90 150
777 342 85 150
817 125 90 150
833 117 90 150
843 168 105 150
870 88 125 150
875 67 71 150
884 82 100 150
937 112 115 150
951 678 82 150
956 136 90 150
956 69 86 150
960 123 90 150
960 157 82 150
970 130 90 150
978 103 90 150
983 126 100 150
986 175 82 150
1000 96 90 150
1010 125 100 150
1063 182 100 150
1074 81 92 150
1110 184 115 150
1142 115 90 150
1144 159 100 150
1151 85 82 150
1161 64 71 150
1163 99 100 150
1199 157 90 150
1201 126 82 150
1204 151 100 150
1229 69 71 150
1244 119 90 150
1263 672 92 150
1276 96 90 150
1279 183 90 150
1293 181 100 150
1298 71 67 150
1331 172 100 150
1339 178 100 150
362 63 90 150
364 43 88 150
376 58 98 150
400 48 98 150
412 22 80 150
467 234 105 150
479 234 102 150
525 44 88 150
540 15 88 150
614 233 92 150
632 6 88 150
636 30 103 150
641 277 83 150
645 260 75 150
648 209 80 150
654 305 88 150
667 43 75 150
684 21 69 150
686 50 69 150
691 6 70 150
691 273 75 150
691 244 73 150
692 269 79 150
696 265 88 150
750 232 80 150
756 31 103 150
787 1 88 150
824 23 88 150
824 58 80 150
876 27 88 150
881 2 88 150
940 0 88 150
987 30 90 150
995 61 98 150
1011 62 98 150
1014 1 98 150
1055 42 105 150
1058 49 80 150
1058 15 88 150
1084 42 88 150
1185 233 92 150
1252 39 88 150
1288 232 107 150
1298 36 88 150
331 106 78 150
477 109 88 150
640 136 81 150
642 137 81 150
646 66 77 150
646 191 71 150
673 102 96 150
683 177 96 150
686 157 96 150
692 509 78 150
699 191 86 150
711 109 100 150
996 109 90 150
1097 111 100 150
1276 105 115 150
663 37 94 150
666 25 65 150
679 41 76 150
694 261 94 150
695 257 98 150
672 108 86 150
688 127 74 150
664 703 96 150
