345 1214 155 1000
376 958 150 1000
426 1240 135 1000
434 1223 145 1000
447 452 160 1000
452 1073 190 1000
473 601 135 1000
489 921 170 1000
501 904 160 1000
514 451 170 1000
517 820 135 1000
525 986 145 1000
637 556 160 1000
704 798 155 1000
720 684 135 1000
734 420 160 1000
752 1046 190 1000
756 842 145 1000
758 777 135 1000
782 1184 160 1000
804 1259 145 1000
814 411 145 1000
867 816 170 1000
914 1296 145 1000
945 761 135 1000
967 1065 160 1000
973 540 160 1000
1010 1332 150 1000
1011 885 150 1000
1076 1193 180 1000
1079 1210 135 1000
1082 455 180 1000
1120 747 170 1000
1137 1003 155 1000
1152 787 210 1000
1162 570 135 1000
1178 631 165 1000
1194 669 145 1000
1215 1333 180 1000
1264 882 170 1000
1291 970 145 1000
393 297 178 1000
419 255 158 1000
426 203 218 1000
447 298 183 1000
447 253 148 1000
461 230 173 1000
469 232 158 1000
480 269 133 1000
501 254 143 1000
556 305 143 1000
605 296 153 1000
620 282 153 1000
726 234 148 1000
755 290 158 1000
781 250 158 1000
846 272 158 1000
892 282 183 1000
919 280 193 1000
948 230 143 1000
970 286 143 1000
971 286 143 1000
985 260 158 1000
995 317 158 1000
996 213 178 1000
1094 211 143 1000
1105 291 193 1000
1116 298 143 1000
1124 272 198 1000
1173 285 168 1000
1196 260 158 1000
1208 258 148 1000
1225 266 158 1000
1245 314 198 1000
1250 201 173 1000
1309 236 168 1000
1319 305 158 1000
1333 308 133 1000
338 121 146 1000
342 88 181 1000
364 92 131 1000
365 122 171 1000
371 363 131 1000
380 157 171 1000
424 179 146 1000
439 129 181 1000
463 191 141 1000
470 115 146 1000
473 157 161 1000
508 97 141 1000
528 117 166 1000
548 160 156 1000
576 172 146 1000
576 157 176 1000
590 149 156 1000
604 117 131 1000
655 944 141 1000
708 190 156 1000
712 147 166 1000
714 161 141 1000
735 176 156 1000
745 140 186 1000
759 113 156 1000
780 107 171 1000
785 172 166 1000
890 100 151 1000
909 102 131 1000
911 102 181 1000
912 112 216 1000
1014 362 141 1000
1063 184 166 1000
1102 144 176 1000
1121 128 131 1000
1161 89 141 1000
1235 113 156 1000
1263 191 131 1000
1288 88 181 1000
1335 142 166 1000
334 38 139 1000
348 30 139 1000
398 4 164 1000
430 196 139 1000
465 196 154 1000
506 13 174 1000
528 29 144 1000
546 38 139 1000
668 294 144 1000
683 287 164 1000
711 23 139 1000
734 43 139 1000
741 39 159 1000
755 28 139 1000
829 192 164 1000
829 37 149 1000
836 59 154 1000
854 1 129 1000
957 25 164 1000
1007 41 164 1000
1021 20 154 1000
1156 61 149 1000
1161 18 144 1000
1188 29 144 1000
1245 47 164 1000
1253 12 154 1000
439 68 172 1000
477 71 167 1000
642 750 156 1000
701 182 137 1000
1214 64 192 1000
1222 67 142 1000
650 48 175 1000
656 16 175 1000
646 145 127 1000
690 182 123 1000
325 1105 99 1000
351 393 94 1000
365 605 99 1000
370 545 99 1000
371 759 94 1000
378 1302 94 1000
403 781 94 1000
406 788 84 1000
407 1255 109 1000
412 885 114 1000
416 1064 99 1000
418 1192 99 1000
421 1172 79 1000
427 1054 94 1000
440 1163 134 1000
449 1006 124 1000
449 825 124 1000
460 553 99 1000
463 1058 134 1000
477 714 114 1000
482 829 134 1000
495 1001 94 1000
506 909 99 1000
513 1285 114 1000
527 486 99 1000
532 832 119 1000
535 1280 119 1000
535 1163 114 1000
552 766 84 1000
554 1264 109 1000
556 683 104 1000
578 1194 99 1000
603 934 99 1000
610 386 99 1000
613 403 79 1000
633 779 99 1000
637 1169 94 1000
722 1264 109 1000
724 603 99 1000
727 1121 99 1000
729 726 99 1000
740 953 109 1000
740 803 89 1000
746 999 99 1000
747 1275 124 1000
752 411 104 1000
758 1266 94 1000
765 834 99 1000
766 393 99 1000
785 764 94 1000
796 640 89 1000
813 640 109 1000
813 822 89 1000
820 1312 114 1000
845 1192 99 1000
849 1063 84 1000
856 1296 89 1000
868 749 89 1000
872 1142 84 1000
881 847 109 1000
893 955 79 1000
901 901 84 1000
914 482 79 1000
915 746 89 1000
939 782 84 1000
944 649 84 1000
946 912 124 1000
958 1255 109 1000
969 556 104 1000
979 437 84 1000
990 1217 89 1000
1012 1127 94 1000
1036 1119 79 1000
1040 745 89 1000
1046 815 89 1000
1049 552 84 1000
1051 758 134 1000
1055 677 104 1000
1062 779 89 1000
1064 1276 89 1000
1082 660 104 1000
1083 815 89 1000
1106 420 99 1000
1111 1279 79 1000
1123 860 89 1000
1131 780 99 1000
1134 1175 89 1000
1135 1086 84 1000
1137 671 104 1000
1139 1127 84 1000
1157 907 104 1000
1189 1149 89 1000
1194 491 124 1000
1199 882 124 1000
1204 524 124 1000
1236 1111 79 1000
1255 584 104 1000
1277 877 79 1000
1280 978 89 1000
1288 939 89 1000
1289 927 84 1000
1291 672 99 1000
1292 603 99 1000
1299 777 89 1000
1305 556 94 1000
1323 1311 84 1000
1326 1225 89 1000
345 286 97 1000
346 256 132 1000
358 207 107 1000
361 314 87 1000
365 224 122 1000
367 256 122 1000
386 312 87 1000
389 259 82 1000
391 232 87 1000
392 276 132 1000
396 289 97 1000
400 245 102 1000
411 204 97 1000
424 219 97 1000
442 251 87 1000
447 244 77 1000
456 206 102 1000
470 271 97 1000
470 280 102 1000
479 303 97 1000
486 246 97 1000
492 259 87 1000
493 252 87 1000
501 244 97 1000
532 307 82 1000
535 313 112 1000
536 296 92 1000
538 289 97 1000
549 256 87 1000
554 203 77 1000
557 230 107 1000
568 279 112 1000
570 238 112 1000
593 233 97 1000
602 259 97 1000
605 238 97 1000
612 254 107 1000
613 283 87 1000
717 213 112 1000
726 208 87 1000
727 298 92 1000
730 292 107 1000
746 299 97 1000
749 296 92 1000
756 276 87 1000
766 248 87 1000
771 218 97 1000
773 251 82 1000
777 262 92 1000
793 282 92 1000
796 215 97 1000
798 239 107 1000
814 231 97 1000
815 229 112 1000
819 215 112 1000
820 259 77 1000
820 298 102 1000
821 209 87 1000
828 276 87 1000
843 239 97 1000
864 247 97 1000
896 206 87 1000
899 305 97 1000
902 210 92 1000
909 306 82 1000
913 241 132 1000
917 202 87 1000
917 300 87 1000
922 248 102 1000
923 237 112 1000
924 279 82 1000
939 297 82 1000
941 296 87 1000
948 299 102 1000
954 318 82 1000
967 288 107 1000
986 233 77 1000
986 277 97 1000
998 274 122 1000
1008 269 87 1000
1012 239 97 1000
1026 236 77 1000
1044 316 112 1000
1054 243 82 1000
1060 277 92 1000
1063 307 87 1000
1064 264 82 1000
1075 302 87 1000
1079 273 87 1000
1088 244 92 1000
1091 206 82 1000
1097 225 97 1000
1102 294 97 1000
1106 287 92 1000
1134 278 87 1000
1153 215 107 1000
1154 288 87 1000
1162 284 112 1000
1167 290 77 1000
1172 290 132 1000
1182 268 97 1000
1187 204 82 1000
1199 250 92 1000
1205 262 142 1000
1210 286 82 1000
1214 287 87 1000
1215 286 97 1000
1220 273 97 1000
1237 244 97 1000
1246 300 107 1000
1273 280 102 1000
1285 307 97 1000
1289 216 107 1000
1292 315 92 1000
1297 297 112 1000
1319 210 82 1000
1335 216 102 1000
329 89 110 1000
335 125 90 1000
336 110 95 1000
339 156 85 1000
346 969 105 1000
348 180 110 1000
354 127 85 1000
358 189 80 1000
360 1103 100 1000
364 131 130 1000
374 82 120 1000
393 178 90 1000
398 141 95 1000
403 163 95 1000
403 181 80 1000
405 108 95 1000
407 135 120 1000
418 152 80 1000
420 166 85 1000
426 121 120 1000
428 352 125 1000
445 789 100 1000
458 81 110 1000
463 145 85 1000
469 804 100 1000
470 88 95 1000
475 75 105 1000
482 787 115 1000
483 78 90 1000
490 165 95 1000
499 91 80 1000
517 136 85 1000
523 1254 130 1000
529 445 100 1000
532 934 140 1000
536 343 120 1000
540 113 80 1000
540 87 105 1000
541 864 90 1000
553 91 75 1000
562 183 85 1000
565 176 85 1000
568 93 90 1000
569 935 100 1000
582 150 110 1000
586 168 75 1000
592 159 95 1000
605 96 90 1000
605 94 80 1000
611 82 85 1000
613 116 100 1000
633 81 95 1000
637 149 90 1000
653 557 80 1000
656 743 110 1000
658 1279 95 1000
668 1179 85 1000
670 1046 95 1000
673 1119 110 1000
702 897 110 1000
704 79 85 1000
720 166 95 1000
721 122 95 1000
751 84 85 1000
751 150 75 1000
757 144 80 1000
759 102 95 1000
791 145 105 1000
809 99 95 1000
816 131 75 1000
825 79 85 1000
846 1324 115 1000
849 166 105 1000
854 119 85 1000
859 179 90 1000
876 112 90 1000
882 144 80 1000
882 105 105 1000
899 92 95 1000
917 376 75 1000
921 89 110 1000
923 95 95 1000
932 172 115 1000
939 145 80 1000
940 107 85 1000
943 186 85 1000
949 154 95 1000
949 157 95 1000
950 589 100 1000
951 445 100 1000
954 1113 100 1000
957 123 95 1000
957 116 90 1000
957 135 85 1000
960 154 85 1000
981 131 80 1000
987 130 105 1000
987 181 75 1000
991 82 75 1000
999 892 110 1000
1008 184 100 1000
1008 1234 105 1000
1009 172 110 1000
1023 158 75 1000
1038 171 95 1000
1049 604 90 1000
1052 339 105 1000
1054 106 85 1000
1060 326 95 1000
1063 145 105 1000
1065 151 95 1000
1067 1145 135 1000
1079 163 105 1000
1079 172 105 1000
1079 109 80 1000
1081 142 95 1000
1090 177 75 1000
1091 123 100 1000
1094 121 85 1000
1105 109 120 1000
1107 134 85 1000
1109 147 85 1000
1111 88 75 1000
1112 170 105 1000
1127 132 95 1000
1128 119 75 1000
1131 189 95 1000
1131 173 90 1000
1133 825 90 1000
1142 137 110 1000
1145 90 105 1000
1149 102 110 1000
1153 108 115 1000
1154 110 85 1000
1157 955 140 1000
1161 125 75 1000
1162 370 80 1000
1185 88 120 1000
1192 576 115 1000
1193 422 100 1000
1202 357 100 1000
1204 187 110 1000
1206 122 85 1000
1213 150 90 1000
1216 112 95 1000
1220 857 125 1000
1220 99 110 1000
1220 153 95 1000
1222 123 85 1000
1234 932 140 1000
1243 124 85 1000
1246 749 130 1000
1246 159 85 1000
1266 111 110 1000
1270 89 90 1000
1277 109 120 1000
1280 149 80 1000
1289 78 120 1000
1293 136 85 1000
1295 109 80 1000
1295 94 90 1000
1296 588 125 1000
1300 105 85 1000
1302 166 105 1000
1320 1273 125 1000
1322 159 105 1000
1326 139 90 1000
1339 175 90 1000
1343 901 115 1000
337 283 88 1000
354 15 83 1000
376 195 113 1000
387 199 73 1000
388 261 88 1000
389 274 88 1000
397 36 118 1000
411 274 88 1000
421 282 108 1000
423 22 118 1000
436 40 98 1000
448 63 103 1000
449 195 93 1000
467 58 93 1000
473 199 83 1000
489 45 88 1000
490 4 83 1000
491 35 93 1000
499 195 88 1000
512 36 128 1000
514 42 78 1000
548 33 88 1000
553 5 93 1000
568 46 78 1000
572 201 98 1000
582 1 103 1000
593 54 83 1000
595 299 138 1000
615 203 108 1000
615 300 98 1000
620 60 93 1000
666 291 93 1000
667 316 88 1000
672 315 108 1000
678 274 98 1000
682 241 73 1000
702 284 103 1000
704 271 88 1000
725 52 103 1000
731 273 103 1000
741 267 133 1000
761 290 98 1000
775 44 78 1000
780 38 113 1000
793 280 98 1000
806 252 113 1000
810 225 98 1000
819 35 98 1000
823 8 73 1000
874 11 78 1000
877 11 98 1000
886 29 128 1000
892 32 103 1000
899 4 93 1000
899 221 88 1000
914 199 83 1000
923 11 93 1000
931 2 78 1000
934 50 108 1000
936 52 93 1000
941 252 98 1000
944 19 103 1000
945 1 98 1000
975 6 88 1000
980 9 93 1000
983 56 83 1000
987 202 133 1000
1026 196 83 1000
1033 195 108 1000
1038 7 78 1000
1044 61 73 1000
1059 8 118 1000
1059 63 93 1000
1061 225 88 1000
1061 7 93 1000
1067 10 108 1000
1076 28 78 1000
1098 283 103 1000
1110 279 88 1000
1114 194 83 1000
1118 58 103 1000
1119 6 93 1000
1121 24 103 1000
1126 195 78 1000
1134 12 113 1000
1140 209 88 1000
1157 304 123 1000
1161 33 103 1000
1162 198 98 1000
1179 10 113 1000
1181 225 98 1000
1195 250 128 1000
1203 266 133 1000
1204 51 128 1000
1207 59 93 1000
1210 204 98 1000
1212 245 98 1000
1229 297 88 1000
1234 297 113 1000
1240 18 93 1000
1255 57 103 1000
1263 49 78 1000
1266 195 88 1000
1267 27 108 1000
1289 34 103 1000
1332 21 78 1000
1333 231 103 1000
1334 32 103 1000
321 88 86 1000
334 67 96 1000
347 173 96 1000
356 187 136 1000
363 130 96 1000
365 686 121 1000
380 118 111 1000
381 642 96 1000
430 69 96 1000
445 64 91 1000
514 79 121 1000
547 134 106 1000
552 177 121 1000
576 85 121 1000
578 66 116 1000
586 84 86 1000
598 128 121 1000
612 152 96 1000
614 84 111 1000
648 180 101 1000
652 376 91 1000
652 172 91 1000
653 94 71 1000
664 134 81 1000
671 111 81 1000
677 132 91 1000
677 742 121 1000
678 1280 126 1000
680 179 116 1000
680 327 126 1000
691 758 81 1000
692 387 71 1000
696 164 76 1000
697 765 86 1000
702 603 96 1000
703 175 116 1000
715 113 101 1000
747 66 91 1000
760 65 111 1000
779 153 96 1000
780 83 111 1000
815 72 111 1000
834 85 136 1000
846 117 111 1000
849 160 101 1000
859 78 96 1000
871 155 101 1000
893 112 111 1000
924 71 101 1000
933 130 96 1000
969 69 86 1000
969 95 111 1000
971 329 81 1000
983 98 96 1000
985 136 86 1000
1052 154 101 1000
1078 83 101 1000
1079 651 86 1000
1081 90 86 1000
1113 167 96 1000
1120 141 86 1000
1188 156 101 1000
1218 103 86 1000
1242 190 96 1000
1255 161 96 1000
1292 182 96 1000
1297 161 106 1000
1298 82 96 1000
1317 128 121 1000
1331 68 106 1000
1334 115 131 1000
345 52 84 1000
388 2 94 1000
391 34 124 1000
429 12 94 1000
492 52 119 1000
529 16 99 1000
640 276 89 1000
649 30 79 1000
657 1 74 1000
663 228 84 1000
681 25 104 1000
702 48 99 1000
708 42 94 1000
722 33 84 1000
789 15 144 1000
852 50 109 1000
902 22 134 1000
909 7 94 1000
919 50 109 1000
930 37 84 1000
938 63 94 1000
1080 19 94 1000
1123 6 84 1000
1153 37 109 1000
1205 16 119 1000
1273 1 109 1000
1289 31 94 1000
1305 29 119 1000
1307 41 94 1000
1338 52 94 1000
416 108 92 1000
475 107 117 1000
642 128 101 1000
656 70 82 1000
672 172 97 1000
690 97 72 1000
877 109 132 1000
1296 104 97 1000
690 26 85 1000
692 5 105 1000
694 204 90 1000
702 237 80 1000
1204 236 94 1000
690 69 93 1000
694 233 111 1000
695 9 76 1000
345 387 170 300
545 725 145 300
556 615 190 300
725 941 145 300
764 688 175 300
798 1235 160 300
803 544 150 300
985 520 135 300
1172 1128 135 300
1204 549 135 300
345 258 133 300
361 311 143 300
384 246 148 300
393 253 133 300
487 270 133 300
747 275 168 300
760 285 193 300
761 270 153 300
844 251 153 300
885 228 143 300
976 253 168 300
1215 222 178 300
1316 272 183 300
1322 253 168 300
374 182 141 300
403 146 146 300
469 103 181 300
587 73 156 300
625 354 161 300
835 171 161 300
995 155 131 300
1007 120 176 300
1204 191 146 300
1229 182 131 300
1280 173 141 300
1289 173 201 300
1332 191 141 300
351 18 149 300
580 22 154 300
615 197 169 300
622 0 179 300
660 216 139 300
824 36 179 300
979 60 164 300
1090 47 139 300
1094 10 139 300
342 70 137 300
650 188 157 300
681 119 152 300
1099 64 177 300
656 195 150 300
668 199 140 300
644 90 152 300
646 7 171 300
324 1059 99 300
324 983 104 300
338 612 99 300
344 1194 134 300
435 660 99 300
454 1245 89 300
501 1250 109 300
586 670 79 300
613 703 94 300
614 1311 114 300
761 1094 79 300
799 852 99 300
802 555 79 300
836 1058 104 300
838 1110 99 300
878 1340 99 300
892 682 104 300
930 430 89 300
932 425 94 300
967 1130 89 300
1035 430 89 300
1204 854 104 300
1237 738 99 300
1259 1216 119 300
1313 742 79 300
1337 1150 89 300
327 294 87 300
351 304 132 300
374 295 122 300
416 283 97 300
426 215 102 300
486 277 97 300
499 243 97 300
540 259 87 300
577 307 107 300
714 303 97 300
783 236 107 300
816 308 122 300
821 212 87 300
857 297 97 300
938 243 102 300
958 302 82 300
1079 231 77 300
1094 281 92 300
1133 264 87 300
1165 201 87 300
1168 242 97 300
1254 288 102 300
1296 242 87 300
1305 242 112 300
1322 282 77 300
1326 262 107 300
363 189 85 300
374 72 95 300
383 567 125 300
402 104 95 300
408 78 95 300
419 98 115 300
419 185 115 300
424 345 95 300
436 178 75 300
483 191 85 300
503 927 105 300
516 541 100 300
534 793 90 300
603 151 100 300
609 134 100 300
626 125 80 300
629 162 95 300
648 1340 80 300
748 727 90 300
788 105 80 300
853 158 95 300
874 170 90 300
896 154 75 300
912 92 100 300
938 185 105 300
944 105 85 300
960 104 95 300
975 97 95 300
981 162 80 300
999 1106 90 300
1010 1139 125 300
1011 147 105 300
1035 348 120 300
1082 178 115 300
1099 1176 110 300
1104 186 75 300
1116 181 75 300
1120 100 90 300
1131 126 85 300
1135 153 105 300
1143 84 95 300
1171 158 90 300
1172 109 80 300
1198 484 115 300
1210 1177 90 300
1223 139 110 300
1286 93 75 300
1304 144 85 300
337 43 73 300
345 217 123 300
352 17 78 300
396 20 83 300
510 211 113 300
529 259 108 300
581 319 98 300
597 5 93 300
651 211 88 300
663 293 108 300
666 211 93 300
697 245 98 300
715 226 98 300
783 37 103 300
801 45 93 300
803 57 108 300
817 49 83 300
834 282 113 300
935 309 98 300
963 42 93 300
991 197 113 300
996 57 108 300
1023 16 118 300
1028 306 113 300
1073 30 93 300
1075 200 123 300
1120 222 88 300
1134 307 103 300
1149 316 128 300
1169 61 108 300
1185 195 88 300
1197 247 123 300
1214 241 123 300
1222 44 93 300
1278 30 118 300
1306 291 98 300
1313 58 83 300
1320 192 98 300
1343 0 78 300
333 78 86 300
423 68 76 300
440 87 111 300
587 70 81 300
607 112 101 300
766 182 96 300
816 67 116 300
874 174 96 300
979 120 96 300
1056 141 111 300
1119 66 101 300
1202 131 96 300
1212 164 86 300
1326 75 111 300
360 35 129 300
598 7 119 300
670 46 74 300
671 250 119 300
831 11 119 300
838 27 129 300
1035 34 94 300
1064 235 84 300
1164 37 84 300
598 111 92 300
644 84 101 300
651 127 82 300
359 1250 165 150
379 840 160 150
380 539 150 150
435 695 145 150
470 804 175 150
470 829 145 150
490 1087 170 150
495 704 155 150
495 1135 180 150
519 804 150 150
530 1117 185 150
567 583 160 150
577 478 135 150
675 50 115 300
701 32 105 300
733 837 160 150
747 494 135 150
784 1054 135 150
833 978 160 150
844 766 170 150
909 917 145 150
917 1197 145 150
937 930 150 150
938 861 145 150
957 656 150 150
960 590 170 150
976 420 170 150
999 796 145 150
999 837 145 150
1003 524 200 150
1007 549 150 150
1020 1223 165 150
1026 1236 145 150
1061 736 145 150
1091 638 145 150
1151 402 155 150
1158 516 170 150
1187 605 155 150
1208 954 145 150
1234 1043 155 150
1312 1076 200 150
1323 515 155 150
1331 846 170 150
344 257 153 150
356 273 143 150
362 200 148 150
398 240 143 150
419 208 143 150
428 286 143 150
434 232 133 150
513 289 143 150
549 313 153 150
552 243 183 150
577 242 143 150
586 244 173 150
622 272 143 150
638 238 153 150
720 248 158 150
740 291 158 150
773 259 178 150
783 243 198 150
801 242 153 150
824 271 168 150
829 237 148 150
840 244 148 150
851 259 143 150
864 239 158 150
877 281 173 150
878 305 173 150
909 263 133 150
913 289 193 150
915 243 143 150
924 245 153 150
944 259 143 150
951 300 143 150
960 246 143 150
965 210 143 150
973 252 133 150
978 264 158 150
980 281 183 150
1001 278 163 150
1004 221 183 150
1013 305 143 150
1056 257 153 150
1060 286 143 150
1066 256 158 150
1079 287 183 150
1097 207 143 150
1108 253 158 150
1109 301 193 150
1118 220 178 150
1165 305 148 150
1247 232 158 150
1254 283 143 150
1283 242 168 150
1304 253 193 150
329 118 131 150
334 135 131 150
343 126 131 150
346 94 166 150
352 146 156 150
364 84 181 150
402 77 131 150
420 140 151 150
456 134 151 150
465 118 141 150
509 93 166 150
520 77 156 150
555 111 181 150
566 131 146 150
581 135 141 150
582 158 166 150
592 180 131 150
602 120 166 150
680 1036 146 150
691 130 78 300
708 157 141 150
734 116 156 150
742 143 156 150
744 144 131 150
749 81 166 150
749 141 141 150
750 143 141 150
756 119 146 150
757 185 156 150
790 346 166 150
818 182 131 150
818 151 151 150
821 126 146 150
833 171 166 150
840 146 166 150
852 74 146 150
865 116 141 150
890 102 166 150
895 118 156 150
909 106 141 150
914 108 151 150
920 77 171 150
949 155 146 150
958 157 141 150
969 327 181 150
970 125 181 150
979 91 166 150
986 102 166 150
986 159 146 150
1004 116 166 150
1008 84 156 150
1010 158 151 150
1056 154 166 150
1076 158 161 150
1076 143 146 150
1104 173 181 150
1130 134 191 150
1146 133 176 150
1260 158 151 150
1297 153 156 150
1306 113 156 150
1311 337 131 150
1313 382 156 150
1317 134 151 150
1331 131 131 150
1340 118 131 150
335 44 149 150
371 29 144 150
386 59 154 150
414 22 159 150
509 43 149 150
509 196 139 150
582 57 179 150
651 305 129 150
671 263 129 150
685 298 149 150
711 32 149 150
713 63 154 150
731 18 159 150
845 33 129 150
882 9 154 150
918 29 129 150
919 12 139 150
941 34 139 150
948 62 149 150
968 22 149 150
982 18 154 150
986 62 169 150
987 47 144 150
1010 6 154 150
1052 19 179 150
1063 29 139 150
1098 195 169 150
1144 54 139 150
1158 24 169 150
1165 5 154 150
1187 198 179 150
1193 15 144 150
1198 51 139 150
1217 44 144 150
1218 0 139 150
1250 194 139 150
1299 21 139 150
1317 48 139 150
405 66 137 150
640 489 171 150
641 1066 191 150
641 407 162 150
647 677 166 150
655 111 152 150
664 95 167 150
670 150 162 150
852 66 127 150
1154 65 137 150
651 195 125 150
680 26 140 150
686 46 135 150
695 279 165 150
641 178 133 150
692 183 133 150
691 32 121 150
325 984 109 150
329 1057 89 150
352 720 79 150
352 1055 79 150
359 440 99 150
363 1163 89 150
371 460 99 150
376 628 124 150
379 662 89 150
381 742 114 150
385 1051 109 150
387 976 79 150
388 545 94 150
402 1071 89 150
403 405 79 150
408 899 84 150
438 1081 79 150
440 752 99 150
449 1320 109 150
450 1163 79 150
451 662 84 150
469 1178 84 150
477 743 99 150
486 1198 89 150
487 642 79 150
493 1071 99 150
494 1219 104 150
496 1153 89 150
496 1172 79 150
504 572 89 150
506 658 89 150
514 1296 89 150
524 1222 89 150
536 437 79 150
539 555 119 150
541 843 99 150
544 984 99 150
550 980 124 150
579 1123 94 150
579 1255 99 150
592 1294 119 150
603 1252 109 150
605 451 84 150
611 1285 94 150
624 1095 79 150
629 1035 79 150
639 384 104 150
712 1280 99 150
713 1279 99 150
714 610 109 150
714 717 99 150
723 948 99 150
724 797 89 150
730 1240 124 150
735 1255 124 150
742 757 109 150
750 928 84 150
759 875 124 150
774 584 79 150
774 653 89 150
778 1218 89 150
791 817 109 150
793 1213 109 150
800 384 84 150
810 1228 89 150
816 1057 84 150
817 1317 99 150
820 641 79 150
821 1255 89 150
824 690 104 150
831 555 124 150
835 1008 109 150
842 1114 89 150
849 385 89 150
849 803 99 150
851 607 79 150
859 655 99 150
865 1108 79 150
870 1097 124 150
876 565 124 150
884 838 109 150
899 517 99 150
902 1193 99 150
914 704 124 150
919 1179 94 150
932 1097 99 150
932 655 109 150
939 501 119 150
950 1205 84 150
952 416 134 150
961 1002 109 150
970 715 124 150
973 1208 79 150
991 403 94 150
1006 918 99 150
1007 810 99 150
1009 1170 109 150
1015 1004 94 150
1026 1073 84 150
1041 878 89 150
1043 803 84 150
1065 751 94 150
1075 1065 89 150
1078 1128 89 150
1081 614 114 150
1101 824 104 150
1104 1185 89 150
1116 695 99 150
1117 1225 79 150
1128 897 89 150
1134 658 99 150
1137 1097 144 150
1140 1174 114 150
1143 490 99 150
1149 1133 124 150
1150 416 109 150
1157 696 89 150
1158 1189 89 150
1185 1099 84 150
1188 858 84 150
1192 1171 79 150
1195 895 89 150
1197 1247 99 150
1201 684 94 150
1203 1201 94 150
1203 692 94 150
1206 490 99 150
1242 1246 89 150
1243 960 84 150
1251 951 89 150
1267 937 119 150
1272 1165 89 150
1277 759 109 150
1289 1332 109 150
1296 1120 89 150
1296 1223 79 150
1300 554 79 150
1322 1042 109 150
1322 946 99 150
1322 847 99 150
1332 388 124 150
1334 1056 109 150
1334 402 94 150
337 263 117 150
338 312 82 150
342 290 87 150
346 204 87 150
346 247 132 150
354 299 97 150
370 215 92 150
374 286 117 150
383 312 97 150
388 216 87 150
398 219 107 150
407 302 87 150
419 233 82 150
422 207 102 150
428 230 87 150
429 236 117 150
435 284 97 150
438 234 82 150
449 272 87 150
452 227 77 150
455 213 117 150
467 238 97 150
473 248 97 150
486 257 77 150
486 259 112 150
490 306 87 150
497 313 82 150
510 234 112 150
516 219 102 150
523 245 97 150
525 208 77 150
527 268 92 150
536 214 82 150
540 267 87 150
566 286 97 150
568 247 87 150
570 304 87 150
579 277 132 150
584 200 82 150
586 214 107 150
587 243 87 150
589 289 82 150
590 265 97 150
601 297 92 150
603 303 77 150
607 318 122 150
618 249 112 150
622 233 92 150
625 216 107 150
713 264 97 150
715 242 87 150
715 233 77 150
721 298 97 150
722 272 102 150
722 210 82 150
748 255 87 150
755 242 97 150
773 263 117 150
787 298 77 150
787 269 77 150
790 221 102 150
791 219 87 150
793 303 92 150
796 304 97 150
801 216 92 150
801 222 87 150
802 228 92 150
810 308 82 150
811 301 97 150
831 239 77 150
832 204 82 150
834 248 107 150
834 249 117 150
837 274 82 150
842 258 117 150
846 234 77 150
858 243 112 150
859 316 82 150
870 206 82 150
872 204 87 150
895 222 92 150
901 221 97 150
902 226 92 150
902 205 107 150
909 312 122 150
912 273 87 150
917 249 112 150
923 258 97 150
930 233 87 150
934 252 107 150
934 285 97 150
940 200 132 150
944 299 77 150
953 316 87 150
965 309 87 150
977 216 107 150
981 298 107 150
981 294 102 150
982 208 97 150
984 230 87 150
999 221 97 150
1000 313 87 150
1002 259 107 150
1004 294 107 150
1007 319 122 150
1008 240 87 150
1013 245 122 150
1023 269 77 150
1035 232 117 150
1038 261 87 150
1040 230 77 150
1049 281 92 150
1054 210 87 150
1095 217 107 150
1103 234 87 150
1108 257 87 150
1108 205 82 150
1124 290 87 150
1145 280 97 150
1154 311 97 150
1169 293 97 150
1171 217 92 150
1188 258 82 150
1188 211 82 150
1188 277 122 150
1223 288 107 150
1237 239 97 150
1246 275 97 150
1253 278 82 150
1259 216 112 150
1263 270 82 150
1265 239 107 150
1267 251 102 150
1278 273 87 150
1285 234 117 150
1292 293 97 150
1306 279 107 150
1311 292 92 150
1316 228 107 150
1319 230 87 150
1335 218 122 150
1339 270 122 150
1340 291 102 150
324 90 95 150
338 772 105 150
344 552 125 150
347 90 85 150
348 165 75 150
351 92 75 150
354 1281 100 150
354 138 85 150
358 137 105 150
358 75 85 150
365 111 95 150
367 156 85 150
369 167 85 150
374 100 75 150
381 356 90 150
391 128 90 150
392 364 90 150
393 177 110 150
396 191 95 150
400 83 85 150
414 899 130 150
419 174 95 150
419 1338 115 150
425 133 110 150
428 88 75 150
435 850 110 150
438 182 90 150
444 184 75 150
465 140 110 150
466 845 100 150
467 183 75 150
469 116 90 150
478 132 85 150
479 103 95 150
484 1324 100 150
496 787 115 150
497 72 90 150
499 1288 100 150
506 152 95 150
514 103 95 150
523 358 100 150
536 106 105 150
536 151 110 150
564 131 95 150
565 784 130 150
572 115 95 150
572 147 100 150
577 190 95 150
579 101 100 150
588 160 90 150
598 127 85 150
605 172 80 150
605 168 75 150
606 86 95 150
622 107 90 150
622 82 85 150
633 144 85 150
636 524 115 150
649 1085 85 150
651 1028 80 150
653 976 85 150
683 440 100 150
685 836 105 150
713 1158 135 150
729 72 120 150
731 1194 90 150
740 189 95 150
742 163 85 150
743 1267 100 150
745 163 80 150
751 1292 90 150
753 96 110 150
759 126 75 150
761 83 85 150
775 611 100 150
775 1055 100 150
777 342 75 150
780 173 90 150
784 154 95 150
787 175 90 150
788 145 130 150
788 161 85 150
791 158 80 150
797 128 75 150
799 128 85 150
800 96 90 150
816 444 105 150
817 74 85 150
818 106 130 150
820 128 85 150
822 137 95 150
823 80 95 150
849 796 125 150
851 176 110 150
857 170 80 150
857 99 95 150
859 90 105 150
861 113 80 150
867 1299 110 150
874 132 95 150
875 780 105 150
886 111 105 150
890 1078 140 150
893 492 100 150
899 352 115 150
902 133 110 150
904 533 90 150
909 168 105 150
911 155 130 150
917 170 85 150
934 176 90 150
934 102 80 150
938 165 95 150
938 461 90 150
941 810 90 150
946 164 90 150
946 142 90 150
948 1263 100 150
970 157 85 150
979 178 95 150
983 105 90 150
991 714 100 150
991 191 110 150
1000 100 95 150
1001 1278 100 150
1007 329 90 150
1010 93 115 150
1035 170 95 150
1035 74 95 150
1042 96 85 150
1042 593 115 150
1049 164 85 150
1051 185 85 150
1056 77 110 150
1059 127 95 150
1075 139 105 150
1076 583 100 150
1078 995 100 150
1079 168 85 150
1082 861 110 150
1097 77 115 150
1098 133 105 150
1100 824 105 150
1101 152 90 150
1103 612 100 150
1110 173 105 150
1110 102 85 150
1127 126 95 150
1131 121 80 150
1133 1021 105 150
1137 544 105 150
1143 133 95 150
1149 124 85 150
1154 129 105 150
1157 127 95 150
1158 128 75 150
1158 92 95 150
1161 73 90 150
1162 115 110 150
1162 89 95 150
1181 83 80 150
1185 717 90 150
1187 94 95 150
1187 191 95 150
1201 80 90 150
1208 113 105 150
1213 1312 100 150
1215 154 100 150
1219 144 105 150
1221 345 105 150
1221 126 110 150
1223 586 100 150
1239 351 105 150
1243 79 95 150
1252 105 75 150
1259 177 75 150
1259 81 90 150
1260 982 110 150
1275 367 125 150
1292 880 100 150
1305 98 85 150
1311 178 95 150
1312 126 130 150
1312 190 105 150
1319 98 105 150
325 22 98 150
331 59 103 150
336 267 88 150
337 8 93 150
337 62 93 150
347 6 103 150
361 222 88 150
367 17 78 150
367 43 98 150
371 6 83 150
375 52 93 150
376 15 98 150
392 226 133 150
393 250 88 150
416 251 113 150
421 18 83 150
429 213 103 150
430 212 88 150
439 13 93 150
440 198 83 150
445 225 113 150
451 51 78 150
452 9 108 150
462 302 98 150
469 292 98 150
472 314 98 150
488 28 83 150
491 44 88 150
492 240 98 150
492 305 88 150
497 311 113 150
510 58 103 150
527 199 98 150
530 311 88 150
533 10 103 150
541 206 103 150
544 203 108 150
553 28 78 150
563 34 83 150
567 25 88 150
567 31 103 150
570 5 108 150
572 16 83 150
576 8 73 150
582 18 83 150
585 61 128 150
589 41 88 150
592 241 103 150
597 24 93 150
605 24 73 150
625 222 88 150
626 37 73 150
633 52 78 150
633 49 93 150
652 203 93 150
660 250 93 150
664 307 88 150
671 301 113 150
673 311 103 150
677 280 108 150
684 284 83 150
697 271 93 150
699 274 103 150
699 269 83 150
712 16 98 150
714 5 98 150
717 41 83 150
721 290 88 150
726 26 73 150
729 309 98 150
732 36 93 150
735 29 73 150
736 57 83 150
747 43 88 150
747 48 78 150
748 285 123 150
758 8 73 150
764 7 93 150
773 55 83 150
774 1 93 150
774 275 108 150
778 251 88 150
800 42 83 150
809 36 103 150
810 310 113 150
810 303 113 150
811 58 98 150
814 51 108 150
814 199 103 150
816 229 88 150
824 61 93 150
825 22 88 150
827 41 103 150
828 57 103 150
844 26 103 150
847 13 78 150
868 28 73 150
877 2 118 150
881 39 93 150
884 25 98 150
895 52 83 150
909 51 88 150
911 196 88 150
921 26 88 150
927 206 113 150
933 16 83 150
950 313 98 150
954 211 123 150
960 49 98 150
984 275 108 150
995 22 103 150
997 49 103 150
998 216 88 150
1000 58 108 150
1010 10 113 150
1012 25 103 150
1013 27 103 150
1029 3 108 150
1035 50 83 150
1044 315 123 150
1045 35 83 150
1047 243 88 150
1057 309 123 150
1057 45 83 150
1062 18 83 150
1073 291 148 150
1074 250 88 150
1075 293 113 150
1080 59 93 150
1085 304 113 150
1095 201 123 150
1105 200 138 150
1123 58 73 150
1135 11 78 150
1156 48 73 150
1156 50 83 150
1178 200 123 150
1181 3 108 150
1181 46 103 150
1192 192 108 150
1203 302 88 150
1208 40 93 150
1210 261 98 150
1216 276 88 150
1222 310 98 150
1237 35 113 150
1244 42 103 150
1254 255 98 150
1277 47 73 150
1281 10 108 150
1285 195 108 150
1287 251 88 150
1296 223 88 150
1306 195 73 150
1307 59 83 150
1307 45 73 150
1312 11 93 150
1314 306 98 150
1314 38 93 150
1322 29 118 150
1323 33 103 150
1334 12 98 150
1334 24 83 150
1335 40 103 150
1335 3 83 150
333 100 136 150
334 66 101 150
335 67 111 150
365 66 116 150
367 69 101 150
393 68 101 150
398 138 86 150
411 155 111 150
423 83 86 150
428 140 111 150
428 92 101 150
434 134 96 150
442 69 111 150
451 94 121 150
455 71 91 150
472 68 96 150
512 124 86 150
515 140 96 150
562 68 91 150
565 65 71 150
566 92 86 150
569 83 126 150
578 122 96 150
598 65 96 150
622 654 86 150
625 115 121 150
625 90 96 150
641 813 105 150
646 493 101 150
655 1299 96 150
660 75 106 150
664 170 86 150
678 186 91 150
680 129 116 150
682 80 116 150
702 170 91 150
715 65 101 150
752 83 96 150
764 132 106 150
781 66 81 150
817 125 96 150
833 117 96 150
843 168 101 150
870 88 86 150
875 67 106 150
884 82 111 150
912 70 101 150
937 112 101 150
956 136 101 150
956 69 86 150
960 123 96 150
960 157 111 150
970 130 96 150
978 103 96 150
983 126 136 150
986 175 106 150
1000 96 111 150
1010 125 106 150
1063 182 86 150
1074 81 86 150
1110 184 111 150
1142 115 106 150
1144 159 106 150
1151 85 96 150
1161 64 71 150
1163 99 96 150
1179 68 101 150
1199 157 86 150
1201 126 86 150
1204 151 86 150
1229 69 81 150
1244 119 111 150
1276 96 101 150
1279 183 86 150
1293 181 96 150
1298 71 81 150
1331 172 86 150
1339 178 111 150
1341 335 71 150
362 63 84 150
364 43 104 150
376 58 99 150
400 48 109 150
412 22 119 150
467 234 84 150
479 234 94 150
525 44 84 150
540 15 84 150
614 233 124 150
632 6 84 150
636 30 84 150
641 277 73 150
645 260 84 150
648 209 109 150
654 305 109 150
666 25 69 150
667 43 109 150
684 21 79 150
686 50 94 150
691 273 89 150
691 244 94 150
692 269 79 150
696 265 94 150
750 232 99 150
756 31 119 150
787 1 94 150
824 23 129 150
824 58 104 150
876 27 109 150
881 2 109 150
940 0 109 150
987 30 94 150
995 61 109 150
1011 62 124 150
1014 1 94 150
1055 42 109 150
1058 49 109 150
1058 15 94 150
1084 42 99 150
1185 233 94 150
1252 39 94 150
1288 232 94 150
1298 36 109 150
331 106 92 150
477 109 82 150
640 136 86 150
642 137 81 150
642 108 77 150
642 124 87 150
646 186 77 150
646 191 91 150
660 69 112 150
673 102 82 150
683 177 92 150
686 157 82 150
688 102 102 150
692 509 92 150
699 191 132 150
711 109 82 150
951 678 86 150
996 109 92 150
1097 111 107 150
1263 672 111 150
1276 105 107 150
663 37 115 150
679 41 80 150
691 6 70 150
694 261 105 150
695 257 90 150
646 66 118 150
664 703 98 150
672 108 103 150
688 127 78 150
