320 216 128 150
320 883 96 150
320 1158 100 150
320 243 103 1000
322 528 110 150
322 99 181 1000
324 37 148 300
326 69 71 150
327 107 177 150
329 299 98 150
329 102 105 1000
331 313 173 150
331 106 162 1000
331 52 199 150
331 21 99 1000
332 65 146 1000
332 548 119 300
335 184 111 1000
335 642 90 1000
335 311 82 1000
337 314 183 150
337 349 105 1000
338 42 88 1000
338 75 100 150
338 254 92 1000
339 226 117 150
339 189 115 1000
339 975 130 1000
340 28 204 1000
340 190 145 150
341 18 93 150
341 1332 225 1000
341 191 115 300
342 154 105 150
342 126 111 150
343 190 90 150
344 26 174 1000
345 720 140 150
345 151 140 150
346 57 114 1000
346 165 100 1000
346 134 90 1000
346 93 116 150
347 257 99 1000
347 1051 111 150
348 135 82 150
349 45 154 150
350 1043 75 150
350 86 87 1000
350 326 110 300
351 139 101 150
351 252 102 150
351 902 104 150
352 86 71 150
352 1143 105 150
354 176 130 1000
354 306 117 1000
354 275 92 1000
354 142 116 150
356 265 107 150
356 535 75 300
357 958 99 1000
357 143 111 150
358 97 111 150
358 202 103 150
358 908 99 1000
358 1118 129 150
358 1182 115 150
359 57 174 150
359 18 79 150
359 254 83 150
360 280 98 150
360 105 111 150
360 139 181 1000
360 140 115 1000
360 976 105 1000
364 259 90 1000
365 234 108 150
365 195 88 1000
365 174 96 300
365 143 221 150
366 312 107 1000
366 250 73 1000
366 19 113 150
367 152 71 300
367 66 90 150
367 309 108 150
367 1151 85 150
368 785 134 150
369 208 183 150
369 98 105 300
369 100 86 150
370 27 154 150
370 165 101 1000
370 190 140 1000
372 288 138 150
372 193 103 1000
372 235 154 150
372 253 163 1000
374 252 102 150
375 42 169 1000
375 291 73 1000
375 118 106 1000
375 14 124 300
376 223 108 150
376 324 115 1000
376 286 93 300
376 719 170 1000
377 226 93 150
377 474 106 1000
377 98 90 150
377 118 166 150
378 280 118 150
378 89 86 1000
380 13 88 150
380 278 107 150
380 95 116 150
385 1081 75 1000
385 259 153 150
385 181 166 150
387 65 181 1000
387 314 168 1000
387 659 95 150
387 310 103 1000
387 185 100 150
388 279 98 150
388 148 191 150
388 165 125 1000
388 150 95 300
388 287 93 300
389 12 94 150
390 234 88 1000
390 318 127 1000
390 215 99 150
394 1124 100 1000
394 76 130 150
394 209 132 1000
394 57 104 150
394 25 69 1000
394 254 93 1000
394 1209 200 150
395 376 119 150
395 256 132 150
395 115 91 1000
395 110 106 150
397 431 84 150
398 171 130 150
398 763 120 300
398 277 113 150
398 295 98 150
399 456 176 150
399 47 109 1000
399 271 102 1000
400 184 115 150
400 566 115 150
402 128 115 300
402 97 126 150
402 919 100 1000
402 141 101 150
402 79 171 150
403 48 94 150
403 1297 84 150
403 179 91 150
403 782 124 150
403 296 88 150
404 202 83 1000
404 138 155 150
404 246 108 1000
404 31 194 150
405 219 198 150
405 172 181 1000
405 167 101 150
406 872 191 150
406 19 89 1000
406 13 94 1000
407 131 111 150
411 244 113 150
411 220 88 1000
412 200 118 1000
412 1077 160 1000
412 109 86 1000
413 296 108 1000
413 281 153 1000
413 587 105 150
413 188 125 300
413 7 108 300
414 120 146 1000
414 1337 225 150
414 319 103 1000
417 58 98 150
417 310 97 150
418 150 106 300
419 170 81 150
419 141 81 150
419 214 73 300
419 61 104 1000
420 372 109 1000
420 741 115 1000
421 1152 85 150
421 1194 90 150
421 916 109 150
421 294 103 300
422 7 78 150
422 158 166 1000
422 215 73 150
422 199 93 1000
424 50 114 1000
425 948 190 1000
425 111 86 1000
426 113 96 150
426 44 88 150
426 86 140 150
426 255 92 1000
427 98 81 150
427 354 115 1000
427 60 78 150
427 213 97 150
428 240 103 150
428 72 111 1000
428 268 107 150
429 271 97 150
430 451 85 1000
430 132 110 1000
430 86 81 150
431 177 171 1000
432 136 111 150
432 273 183 150
432 188 101 1000
432 21 143 150
433 203 117 1000
433 116 181 1000
433 174 111 300
435 1226 104 1000
436 312 132 1000
436 130 127 1000
437 124 140 150
437 181 101 300
437 214 132 150
437 135 77 150
439 65 111 1000
439 111 137 1000
440 214 114 150
442 187 146 300
442 237 113 300
442 318 127 1000
443 190 181 150
444 171 140 150
444 300 97 150
444 678 156 150
445 133 125 1000
446 657 166 300
446 394 105 150
447 146 91 300
447 691 196 150
447 269 183 150
448 232 113 1000
448 404 120 1000
449 152 171 150
449 41 98 150
449 187 105 150
449 277 138 150
451 319 107 1000
452 194 218 1000
452 103 101 1000
452 140 81 300
452 182 130 150
452 25 163 150
452 26 113 1000
452 159 80 1000
453 588 85 150
453 886 114 1000
453 39 103 300
455 578 230 1000
456 536 85 150
456 105 111 1000
456 312 93 300
456 798 109 150
456 679 85 150
457 705 94 150
458 254 97 150
459 169 90 150
459 83 156 1000
459 109 91 150
460 1158 95 300
464 126 90 300
464 190 90 150
465 234 93 300
466 17 79 150
466 27 89 150
466 86 71 1000
466 279 92 1000
467 58 123 1000
467 1007 105 150
468 0 99 150
468 1105 95 150
468 240 88 1000
468 105 142 300
470 240 158 1000
470 292 103 150
472 17 79 1000
472 71 96 150
472 183 91 150
472 41 99 1000
473 222 113 150
474 175 110 1000
474 206 103 150
474 70 81 1000
474 1261 94 1000
475 313 103 1000
475 515 96 1000
475 262 112 150
477 138 151 150
477 1300 95 1000
480 369 115 1000
480 174 116 150
481 180 115 150
482 148 91 1000
482 300 98 1000
482 281 73 150
482 255 98 1000
483 236 164 1000
483 62 153 150
483 199 97 300
484 8 123 1000
484 352 195 1000
484 261 139 150
485 125 115 150
486 288 92 1000
486 204 88 150
486 125 116 300
487 208 89 1000
487 534 130 150
488 233 149 1000
488 402 105 1000
488 246 132 150
489 105 152 150
489 1085 75 150
489 22 88 150
489 167 101 1000
491 271 117 300
491 143 90 150
492 1139 105 1000
492 292 83 150
493 1077 140 150
493 294 127 150
494 298 98 300
494 180 100 1000
494 66 80 150
495 248 132 150
495 297 83 150
495 305 112 150
495 87 102 300
496 60 104 1000
496 1165 90 1000
497 160 80 150
497 290 97 1000
497 124 81 150
497 157 101 300
499 137 101 1000
499 122 81 1000
499 68 106 150
500 267 103 1000
500 240 183 300
500 107 127 150
500 1295 115 150
501 234 93 150
501 164 101 150
501 149 96 1000
502 10 99 1000
502 5 124 150
502 197 148 1000
502 677 131 1000
503 96 140 1000
503 289 93 150
503 23 79 300
503 115 106 1000
503 1007 165 1000
506 237 189 1000
506 1109 119 1000
507 28 134 1000
507 1277 109 150
509 307 93 150
509 229 117 1000
509 751 135 150
511 268 103 150
512 43 89 150
512 47 88 150
513 251 128 150
513 1319 99 150
515 56 113 1000
515 499 160 150
515 100 120 1000
515 285 97 150
516 105 96 150
516 907 160 150
516 116 111 1000
516 260 234 300
516 583 190 150
517 280 102 1000
518 96 105 1000
518 34 103 1000
518 901 125 150
518 263 94 1000
519 42 93 150
519 182 110 150
520 928 104 1000
520 92 101 150
521 136 125 150
523 61 138 1000
524 1 123 1000
524 10 128 1000
526 82 71 150
526 194 107 1000
526 662 140 1000
527 1123 80 150
527 3 128 1000
527 52 119 1000
527 62 184 150
528 108 172 1000
528 948 95 150
529 542 115 300
530 129 91 150
530 106 96 150
530 69 111 300
531 70 115 150
531 274 178 300
531 154 91 150
531 122 105 150
531 123 146 150
531 221 107 150
532 245 92 300
533 197 103 1000
533 207 93 150
533 721 195 1000
533 211 117 1000
533 61 154 150
533 261 132 150
534 230 93 1000
534 587 130 150
534 81 71 1000
534 219 168 300
534 157 81 1000
534 286 153 1000
535 58 108 1000
535 269 183 300
535 95 91 150
536 125 81 150
538 144 201 1000
538 140 226 1000
539 16 88 150
539 25 144 300
539 147 136 150
539 49 123 150
541 27 139 150
541 118 116 150
542 110 86 150
543 65 95 150
543 30 209 150
543 158 71 1000
543 143 115 150
544 1152 109 150
544 258 104 150
544 67 171 150
544 9 88 1000
544 203 93 1000
544 1165 104 150
544 110 91 1000
545 194 193 150
545 324 110 300
545 37 169 1000
545 812 94 150
545 307 113 1000
545 60 154 150
546 177 115 1000
546 107 127 150
546 294 198 150
548 213 73 1000
548 143 181 150
549 154 140 300
549 395 114 300
550 214 198 150
551 2 139 150
553 287 117 150
554 123 105 1000
557 10 113 150
557 258 179 150
557 558 115 1000
558 96 186 1000
558 32 109 1000
559 67 100 150
559 277 93 1000
560 329 155 1000
560 123 106 150
560 180 166 1000
560 805 100 150
560 151 221 150
561 115 111 150
561 228 193 1000
562 209 69 1000
562 197 213 1000
562 270 128 1000
562 101 91 1000
563 769 134 150
563 123 161 150
563 220 128 1000
565 641 116 1000
565 31 149 150
568 58 99 1000
568 171 90 300
568 146 181 1000
570 66 146 150
570 619 119 300
570 206 93 1000
572 257 132 150
572 75 101 1000
572 183 90 1000
573 545 90 300
573 154 91 1000
574 217 123 300
574 274 97 150
574 53 104 1000
574 422 95 1000
575 122 156 1000
575 86 130 1000
576 240 113 1000
576 234 123 150
577 84 125 150
577 413 119 300
577 559 110 1000
578 282 73 150
579 137 171 1000
579 275 123 1000
579 222 93 1000
580 86 105 1000
580 296 178 150
580 907 100 300
580 1037 104 1000
580 78 81 150
580 49 199 300
580 886 94 150
581 80 81 150
581 154 110 150
581 226 188 150
583 482 99 150
583 15 134 1000
584 1223 150 1000
586 26 128 150
586 124 91 150
586 317 173 1000
587 104 177 150
587 449 101 1000
587 26 89 150
588 150 130 150
592 201 113 150
592 310 178 300
595 137 81 1000
595 954 140 1000
595 44 89 150
595 244 113 150
597 245 128 150
598 107 96 1000
599 257 114 150
599 367 75 150
600 45 163 150
600 21 93 1000
600 239 93 1000
601 103 131 150
603 1317 119 1000
603 104 121 1000
603 11 89 1000
603 204 132 150
603 111 167 150
603 69 86 150
604 1137 84 150
605 220 148 150
605 1126 105 1000
607 33 93 150
607 236 103 150
607 301 103 1000
607 278 178 300
607 438 95 150
609 94 101 1000
612 112 110 1000
612 121 151 1000
612 225 103 150
612 1207 119 150
613 281 118 150
613 771 195 150
613 1125 119 150
613 9 109 150
614 304 117 150
615 160 101 1000
615 72 131 150
615 282 117 150
615 268 98 1000
615 0 118 1000
616 1227 100 150
616 108 101 150
616 213 167 1000
616 318 152 150
617 289 178 150
617 219 97 1000
617 797 90 150
618 130 80 150
618 106 86 1000
618 263 164 150
619 92 106 150
621 227 97 150
621 53 124 150
622 1019 85 150
622 149 141 300
623 232 128 150
623 159 81 300
623 1111 104 1000
624 298 113 150
624 133 116 300
624 166 176 1000
625 130 167 1000
625 94 86 300
626 230 93 300
627 235 194 150
627 405 109 150
627 230 193 1000
628 223 98 1000
628 1239 95 300
629 165 71 1000
629 234 194 300
629 21 174 1000
629 298 88 1000
629 103 115 1000
630 217 168 1000
630 267 73 1000
630 285 164 1000
631 4 123 150
631 154 121 1000
631 940 85 150
631 989 109 1000
633 313 118 1000
633 18 119 1000
633 68 111 1000
633 85 80 300
633 79 140 1000
634 536 90 1000
634 849 81 150
634 268 92 1000
634 63 204 1000
635 280 73 150
635 97 146 150
635 179 130 1000
635 44 93 300
637 1164 115 150
637 253 193 150
637 126 125 150
637 150 105 150
640 877 95 150
640 15 103 150
641 24 113 1000
642 844 95 150
642 154 90 1000
642 282 73 1000
642 20 78 150
642 26 189 150
643 1138 105 1000
645 162 100 1000
645 246 83 1000
645 303 117 1000
647 141 126 150
649 300 127 150
649 174 171 1000
652 1178 134 150
653 974 134 1000
653 254 153 300
653 911 105 300
654 314 92 150
654 238 93 150
655 114 130 150
656 545 190 150
656 211 89 1000
657 152 101 300
657 178 106 150
657 164 186 300
657 119 121 150
658 242 93 1000
658 1187 105 1000
659 40 113 300
659 124 166 150
659 22 154 1000
659 30 104 150
660 125 115 300
661 232 79 150
661 1119 114 1000
663 33 124 150
663 188 100 150
663 877 169 150
667 243 148 150
667 486 104 1000
668 174 191 1000
669 80 105 150
669 99 91 1000
669 1340 129 1000
669 23 118 150
672 74 101 1000
672 123 105 1000
674 26 103 150
674 244 92 1000
674 773 100 300
674 157 111 150
675 272 132 150
675 91 105 300
675 134 97 150
676 518 75 1000
677 176 115 1000
677 192 103 1000
677 267 83 300
677 116 116 1000
678 104 126 1000
679 115 116 1000
681 1261 155 1000
682 239 104 1000
682 1311 115 150
683 296 128 1000
683 316 128 1000
685 59 209 150
685 86 87 300
686 33 88 1000
686 205 188 1000
686 144 106 300
686 211 127 150
686 52 174 1000
686 317 133 300
687 240 83 1000
687 137 156 1000
687 258 113 1000
688 277 163 150
688 191 146 1000
691 288 98 1000
691 25 88 150
691 1332 134 150
692 56 108 150
692 82 141 1000
692 1335 115 300
692 1092 75 150
692 359 180 1000
693 146 91 1000
698 296 117 150
698 89 126 150
698 551 90 150
699 189 156 1000
700 233 108 1000
700 4 124 150
701 108 111 150
701 284 83 150
701 223 183 300
704 232 103 150
704 308 117 150
705 96 176 150
705 930 109 150
705 372 105 150
705 174 105 1000
706 256 204 150
706 216 98 300
706 132 130 1000
706 257 174 1000
707 413 144 150
708 131 172 150
708 93 131 150
708 262 104 1000
709 305 193 1000
709 7 124 1000
712 274 117 150
712 1139 200 1000
712 435 104 150
712 39 109 1000
715 48 89 300
715 202 153 150
715 75 96 150
715 207 183 1000
716 24 109 150
716 194 98 1000
716 172 116 1000
716 86 100 150
716 183 90 150
719 182 81 150
719 150 101 1000
719 158 111 1000
720 100 171 150
720 211 124 1000
720 244 82 1000
720 129 177 1000
721 74 91 1000
722 3 153 1000
722 7 79 150
722 143 81 1000
722 916 85 150
722 437 170 1000
722 216 108 1000
724 161 91 150
724 898 110 1000
725 1339 145 1000
725 46 88 1000
726 203 92 150
727 0 93 150
727 252 103 1000
727 205 152 150
730 242 97 1000
731 205 183 150
731 221 132 1000
732 72 116 150
732 234 98 1000
735 34 179 150
735 36 99 150
735 214 89 1000
736 95 111 150
736 750 109 1000
736 39 98 1000
737 773 120 1000
738 263 142 300
738 202 132 1000
738 204 133 1000
738 1005 94 150
738 1262 104 150
738 1338 119 1000
739 145 140 150
739 29 79 150
739 238 103 1000
741 801 110 150
741 242 107 300
743 124 130 300
744 137 90 1000
744 163 125 1000
744 156 116 150
745 311 183 1000
746 313 123 150
748 147 81 1000
748 310 173 150
749 536 85 150
749 281 183 1000
749 177 80 150
749 129 112 150
751 744 175 150
751 276 103 150
751 1069 166 1000
753 132 92 150
754 255 93 150
756 17 89 150
756 58 163 1000
756 36 113 300
756 1038 140 150
756 255 173 1000
757 176 115 150
757 974 119 150
757 6 104 150
758 40 118 150
758 273 92 150
758 435 105 150
758 77 111 150
759 185 105 150
759 306 92 1000
759 507 84 150
760 97 90 150
760 1011 95 150
761 10 89 1000
761 263 152 150
761 111 137 1000
762 299 127 1000
762 117 96 1000
763 62 179 1000
763 239 154 150
764 264 108 1000
764 82 156 1000
764 292 117 150
764 277 73 1000
765 256 194 1000
765 177 186 150
767 712 95 1000
767 85 122 150
768 100 90 1000
768 272 127 1000
768 273 118 150
768 150 136 150
768 248 83 150
768 191 101 1000
770 666 146 1000
770 173 206 1000
770 717 85 150
771 225 107 150
771 699 90 1000
772 308 183 150
772 150 115 1000
773 0 129 1000
773 111 121 150
773 155 196 150
773 124 105 300
773 243 127 150
774 20 104 150
774 61 109 150
774 1005 190 150
775 832 91 1000
776 612 129 150
776 136 115 150
776 1138 84 1000
776 437 195 150
776 246 112 150
776 250 188 1000
776 187 146 1000
776 26 123 1000
777 154 166 1000
777 749 105 150
777 287 73 150
778 168 161 300
778 134 81 150
778 95 86 150
779 1161 109 150
779 274 113 1000
779 891 116 1000
779 980 185 150
779 454 180 1000
780 102 131 1000
780 331 115 150
780 46 123 150
780 145 115 150
780 146 141 300
780 950 85 150
780 152 101 150
781 67 101 150
781 268 108 150
782 786 120 150
784 66 130 1000
784 138 166 150
784 255 117 150
785 177 156 150
785 295 117 1000
785 316 93 150
785 189 91 150
785 215 82 1000
787 95 101 150
788 275 168 150
788 166 100 300
788 63 89 300
790 912 175 150
790 169 81 150
791 244 142 150
791 197 83 150
791 245 103 1000
793 184 96 150
793 293 103 150
794 240 128 1000
794 1311 105 300
795 248 83 1000
795 71 106 150
795 213 142 1000
795 230 188 150
795 31 99 150
797 17 113 150
797 172 110 150
797 55 134 300
798 354 125 150
798 155 71 1000
798 156 71 150
798 246 92 150
799 106 101 1000
799 84 122 150
800 135 91 1000
800 933 110 150
800 277 93 150
801 529 120 150
804 1097 135 150
804 301 103 150
806 142 96 150
807 299 93 150
807 210 168 1000
807 419 175 1000
807 61 104 150
809 600 170 150
809 45 113 150
809 279 102 150
810 137 105 1000
810 267 188 1000
810 65 156 150
811 196 97 1000
811 436 94 150
812 296 103 1000
812 919 210 300
813 232 104 150
813 241 93 150
813 286 103 1000
813 223 123 150
817 306 92 150
817 269 117 150
819 65 105 150
820 324 145 150
822 67 126 150
822 511 111 1000
823 1000 85 150
823 182 81 1000
823 55 109 150
824 113 131 1000
824 267 203 150
824 302 173 150
827 272 92 1000
827 316 93 300
828 128 80 150
828 1227 109 150
828 944 75 1000
828 311 102 300
828 90 186 1000
828 541 110 150
829 69 95 1000
830 160 140 1000
830 266 158 300
830 51 94 1000
832 265 107 1000
833 99 80 150
833 444 85 1000
833 725 150 1000
833 942 85 1000
836 375 190 1000
836 831 95 150
837 1201 94 1000
837 430 134 150
838 2 108 150
838 279 128 150
839 169 105 300
839 338 134 150
839 171 116 1000
839 302 123 1000
839 113 176 150
840 122 126 150
840 290 117 150
841 558 145 150
841 118 100 1000
842 273 92 150
843 332 110 1000
844 546 100 300
846 16 99 150
846 578 90 1000
846 1331 109 150
846 269 92 1000
848 171 105 300
849 234 118 1000
849 204 198 150
849 109 106 150
849 142 161 1000
849 176 130 150
849 117 95 150
849 26 103 150
849 60 114 150
851 144 71 150
851 746 84 300
851 727 200 1000
851 269 113 1000
851 127 140 150
852 282 168 150
852 276 82 1000
852 55 94 1000
853 1108 109 1000
853 10 123 300
853 43 138 1000
853 340 115 150
854 120 140 150
854 43 99 150
854 31 114 150
855 641 96 1000
855 173 90 150
858 51 113 1000
858 235 148 150
858 236 128 1000
859 1175 115 1000
861 90 121 150
861 764 210 1000
861 493 136 150
861 70 115 150
863 1 104 150
863 59 88 1000
864 235 84 150
864 55 118 150
865 298 143 150
865 380 155 1000
866 1226 134 150
866 196 93 150
868 1032 134 1000
868 369 85 300
868 146 81 1000
868 3 98 150
869 88 95 150
869 882 119 1000
870 36 103 1000
870 762 85 150
870 244 158 150
870 149 91 1000
872 1041 75 1000
872 154 110 150
872 196 128 1000
872 301 178 1000
872 110 111 150
873 1128 140 150
873 307 123 150
873 420 99 1000
874 277 127 150
874 55 113 300
875 104 187 150
875 420 120 150
875 236 113 150
875 208 82 150
875 222 153 150
876 179 71 150
877 1312 100 1000
877 92 106 150
877 108 116 1000
877 85 122 1000
877 87 71 1000
878 842 109 1000
878 125 115 150
878 886 94 150
878 662 120 150
878 263 122 1000
880 45 164 150
881 288 102 1000
881 282 183 1000
881 51 134 150
881 61 113 150
883 22 138 150
884 275 108 150
884 765 115 150
885 609 200 150
885 58 128 1000
885 1 123 150
886 652 115 150
886 886 129 150
888 824 105 300
888 145 90 1000
888 1292 125 150
888 1293 85 150
889 120 115 1000
889 770 124 150
889 1067 71 150
890 546 144 1000
890 317 153 300
890 666 115 1000
890 773 129 1000
892 312 117 1000
892 9 93 150
892 152 136 300
892 59 104 150
892 654 105 150
895 155 191 150
897 219 89 150
897 564 100 150
900 109 112 150
900 190 166 150
901 820 91 150
901 285 139 150
901 175 122 150
902 565 115 150
904 121 93 1000
904 228 105 150
904 294 65 1000
904 302 88 150
904 143 98 150
907 12 70 1000
907 68 157 1000
908 24 71 1000
908 249 108 1000
908 103 117 300
911 255 100 150
912 306 89 150
912 251 89 150
912 109 96 150
913 57 133 300
913 205 173 1000
914 568 91 1000
914 27 110 150
914 196 98 1000
914 806 90 150
915 101 112 150
916 50 95 300
916 803 129 150
916 911 165 150
916 31 128 1000
917 7 88 1000
917 317 99 1000
917 276 99 300
917 87 112 1000
917 1080 90 1000
917 989 91 1000
918 232 88 1000
918 641 152 150
919 313 168 1000
921 133 102 1000
923 8 75 1000
923 131 111 1000
923 62 169 1000
924 731 105 150
925 80 90 150
925 278 118 150
926 1036 100 1000
926 142 101 1000
927 1313 180 1000
927 35 113 150
927 884 129 150
928 96 77 1000
928 67 96 1000
928 1326 91 1000
928 238 79 1000
929 1304 86 1000
930 222 108 150
931 1280 126 150
932 34 174 150
932 207 79 150
932 530 110 150
932 54 75 1000
932 183 120 150
932 507 129 150
933 387 115 150
933 349 90 1000
935 106 107 150
935 298 88 300
935 738 195 150
936 258 204 1000
936 2 109 150
936 717 116 150
937 241 178 1000
937 275 117 150
939 172 102 1000
939 387 124 1000
939 708 125 150
940 311 114 150
941 248 69 300
941 282 124 1000
941 612 119 1000
942 160 171 1000
942 217 88 150
945 846 141 150
946 1026 125 1000
946 147 102 150
946 62 169 1000
948 284 133 1000
950 913 104 150
950 350 116 150
950 313 117 150
951 656 111 150
951 118 91 300
952 163 97 150
954 730 94 150
954 435 91 1000
954 68 97 150
955 108 107 150
956 58 94 300
957 151 181 150
958 244 104 300
958 762 150 150
958 195 78 150
958 300 108 150
959 1199 155 1000
959 988 101 150
959 159 151 150
961 284 128 150
961 239 169 150
962 307 107 150
962 1164 160 300
962 254 92 150
962 158 86 150
966 289 82 1000
966 228 93 1000
967 296 83 150
967 276 102 1000
968 48 178 1000
968 300 103 150
968 86 112 1000
969 50 124 1000
970 187 206 150
971 66 176 150
971 51 154 150
972 721 130 1000
972 170 111 1000
972 204 123 1000
972 278 152 1000
972 233 118 1000
973 115 100 150
973 27 113 1000
973 75 71 150
973 131 110 150
973 1284 129 1000
974 131 165 150
974 52 113 1000
974 47 88 1000
976 183 206 1000
979 304 167 150
979 167 236 300
980 137 130 150
980 1164 99 150
982 1165 175 150
984 241 128 150
984 230 103 150
985 128 142 1000
985 913 120 150
985 173 101 1000
985 1326 85 1000
985 53 89 150
987 58 79 300
987 269 113 150
987 22 108 150
987 279 138 300
988 183 110 300
988 637 94 1000
988 23 194 1000
990 43 174 1000
990 52 113 1000
991 90 80 1000
991 1331 129 150
991 13 78 150
991 277 173 150
992 312 127 1000
992 314 127 300
992 570 85 1000
994 178 110 1000
994 91 181 1000
995 42 93 150
996 55 114 150
997 297 83 1000
997 922 84 1000
997 115 105 1000
998 928 119 150
998 26 88 150
999 226 168 1000
999 29 69 1000
999 271 108 1000
1000 34 93 150
1000 957 110 1000
1001 106 126 150
1001 459 107 150
1001 86 90 1000
1001 183 126 150
1002 517 146 150
1003 52 98 1000
1003 141 171 150
1004 15 94 150
1004 255 127 300
1005 298 123 300
1005 123 156 150
1006 1193 144 150
1006 275 107 150
1006 14 88 1000
1007 128 92 150
1007 2 79 1000
1007 771 105 1000
1007 173 156 150
1007 250 83 150
1007 63 114 150
1008 140 106 1000
1008 84 95 1000
1008 158 136 150
1009 1024 75 150
1009 905 84 150
1009 313 108 150
1011 105 76 1000
1011 50 189 1000
1011 236 128 150
1012 100 221 150
1012 1221 210 1000
1012 310 193 150
1014 231 98 150
1015 272 93 1000
1015 248 97 1000
1015 293 113 1000
1017 237 113 1000
1017 293 113 1000
1018 64 146 1000
1018 233 118 150
1018 1066 81 150
1019 148 156 1000
1019 39 98 150
1019 274 142 150
1019 84 166 150
1019 25 79 300
1019 63 113 150
1020 96 110 1000
1020 64 176 150
1020 59 123 150
1020 55 103 1000
1021 80 156 1000
1021 106 91 300
1021 114 130 150
1021 285 124 1000
1023 262 79 1000
1023 166 81 150
1024 609 124 1000
1024 475 190 150
1024 293 103 150
1024 294 118 300
1026 274 98 1000
1026 603 104 1000
1026 66 81 300
1026 591 95 150
1027 195 103 150
1027 255 103 1000
1033 262 179 150
1034 1116 104 1000
1035 260 119 1000
1035 118 90 1000
1036 592 195 1000
1036 409 95 1000
1036 74 115 150
1036 1017 99 150
1037 925 119 1000
1038 290 112 1000
1039 38 88 150
1040 166 130 150
1042 241 112 150
1045 587 84 150
1045 84 71 150
1045 1087 75 150
1047 9 99 150
1047 223 88 1000
1049 11 114 150
1050 3 88 1000
1051 27 113 1000
1051 196 83 150
1054 275 93 1000
1055 129 91 1000
1057 155 156 1000
1058 962 205 1000
1058 1102 110 1000
1058 269 108 150
1058 790 180 150
1059 266 103 1000
1059 91 111 150
1059 109 96 1000
1060 114 81 1000
1060 788 220 150
1061 194 208 1000
1061 175 116 1000
1062 57 98 1000
1062 274 102 1000
1062 1021 95 150
1063 53 219 150
1063 599 120 150
1064 177 206 1000
1065 16 113 1000
1065 281 93 150
1065 13 123 150
1066 225 107 150
1067 33 138 1000
1067 271 102 150
1068 97 101 150
1068 74 216 1000
1068 244 107 1000
1068 46 129 150
1069 132 100 150
1070 42 234 300
1072 122 136 150
1073 201 158 300
1073 163 130 150
1073 52 109 150
1073 55 153 150
1074 204 117 150
1075 56 99 150
1075 132 95 150
1076 842 109 150
1076 151 125 150
1077 11 128 1000
1077 196 183 150
1077 69 166 150
1077 726 135 1000
1078 283 94 1000
1080 138 100 150
1080 831 145 1000
1081 1092 99 150
1081 109 101 1000
1081 318 92 1000
1081 37 93 1000
1084 3 99 150
1084 68 121 1000
1084 157 156 150
1084 1191 95 150
1085 118 130 150
1085 518 100 1000
1086 201 132 1000
1086 260 113 1000
1086 1341 105 1000
1087 200 93 300
1087 48 189 1000
1087 75 140 1000
1088 209 71 1000
1088 28 85 300
1089 281 69 150
1090 122 107 1000
1090 700 72 1000
1090 653 81 150
1092 128 112 150
1092 65 77 1000
1094 337 80 1000
1094 451 102 150
1095 898 190 150
1095 284 89 150
1095 127 76 1000
1096 24 65 300
1096 226 78 1000
1096 683 91 150
1096 204 84 150
1098 216 104 150
1098 145 87 1000
1098 155 76 150
1098 281 69 1000
1099 149 92 150
1099 165 77 1000
1100 170 156 150
1100 243 93 150
1100 293 92 300
1100 1215 81 1000
1102 248 92 300
1102 297 84 1000
1102 275 158 1000
1102 93 77 150
1103 114 97 150
1103 213 107 300
1103 182 77 1000
1104 58 100 150
1104 260 93 150
1104 301 133 150
1104 191 105 150
1106 72 166 1000
1106 261 169 150
1108 262 154 1000
1108 223 79 150
1110 258 108 1000
1111 71 76 150
1111 13 139 1000
1111 263 80 150
1113 201 90 150
1113 181 73 1000
1113 854 167 150
1113 45 100 1000
1114 1240 105 1000
1114 715 77 150
1114 751 67 1000
1115 193 104 150
1115 1063 131 300
1115 149 127 1000
1115 166 73 1000
1115 79 116 1000
1116 188 63 150
1118 9 71 150
1118 234 75 150
1118 60 155 150
1119 1218 97 150
1119 916 90 300
1119 215 103 150
1122 282 148 1000
1123 840 81 1000
1123 674 105 150
1123 1069 80 150
1123 503 102 1000
1124 83 67 150
1125 924 121 150
1126 296 69 1000
1126 275 69 150
1126 119 90 1000
1126 143 76 150
1127 75 91 300
1127 101 112 150
1128 89 77 1000
1130 139 87 150
1130 101 77 150
1130 199 89 300
1131 1290 95 1000
1131 28 129 150
1131 750 180 300
1133 192 88 300
1133 176 91 150
1133 74 91 150
1133 86 91 1000
1135 32 75 150
1135 457 73 150
1135 170 76 300
1135 208 85 1000
1135 1166 94 1000
1136 2 75 150
1136 179 91 1000
1138 219 88 1000
1138 903 94 1000
1140 20 80 1000
1140 132 76 1000
1140 446 160 1000
1141 985 109 1000
1141 675 90 300
1142 145 91 150
1142 45 89 150
1143 220 78 1000
1144 843 109 150
1144 188 91 1000
1145 288 78 150
1145 189 171 150
1145 966 135 150
1145 831 116 150
1147 569 95 300
1147 261 89 1000
1147 293 108 150
1147 183 91 150
1148 152 67 1000
1148 53 154 1000
1148 77 171 150
1148 141 87 1000
1149 281 148 1000
1149 77 76 1000
1149 1286 180 300
1151 300 93 150
1151 106 112 1000
1151 52 88 1000
1151 346 111 150
1151 406 106 150
1152 128 92 1000
1152 604 95 150
1152 293 107 1000
1152 14 79 1000
1152 103 226 150
1154 958 95 150
1154 1255 125 1000
1155 99 91 150
1155 607 104 1000
1156 171 95 150
1156 69 91 150
1157 33 89 150
1157 306 103 150
1157 5 113 1000
1157 434 144 300
1157 231 113 150
1160 233 123 1000
1162 21 94 150
1163 68 125 1000
1164 80 87 150
1164 258 97 1000
1165 298 117 150
1166 0 124 1000
1166 210 89 150
1166 291 102 150
1166 20 103 1000
1166 37 89 1000
1167 90 100 1000
1167 45 134 300
1167 215 73 150
1168 26 104 150
1168 678 115 150
1169 32 103 150
1169 40 113 150
1169 1037 105 150
1170 299 127 1000
1170 36 79 150
1170 911 85 150
1172 161 176 1000
1172 563 110 150
1172 84 81 1000
1172 214 117 150
1173 13 79 150
1174 1240 119 1000
1174 28 104 150
1174 237 103 150
1174 46 93 1000
1174 967 119 1000
1175 315 168 300
1175 59 104 150
1177 186 100 150
1177 219 123 150
1177 46 113 1000
1181 197 92 150
1181 6 103 300
1181 307 122 150
1181 313 128 150
1181 251 92 1000
1181 709 94 1000
1182 657 146 300
1182 833 111 1000
1182 91 90 1000
1182 239 133 150
1182 1319 119 150
1184 177 91 150
1184 277 183 1000
1186 1243 115 150
1186 1188 110 150
1188 7 89 150
1188 139 140 150
1188 748 150 150
1188 217 98 150
1188 1209 200 150
1188 1223 205 150
1189 253 143 300
1190 16 164 150
1190 704 110 1000
1190 312 143 150
1191 42 124 150
1191 524 95 150
1191 506 94 150
1191 254 83 300
1191 1047 115 150
1192 250 83 150
1192 197 117 150
1192 239 74 1000
1193 216 109 150
1193 417 185 150
1193 80 171 1000
1193 256 107 1000
1194 80 105 150
1194 70 91 150
1195 480 84 1000
1195 156 71 150
1195 837 95 1000
1195 230 193 150
1196 136 96 1000
1196 1017 175 1000
1197 85 115 150
1197 286 128 300
1197 63 113 1000
1198 1078 95 1000
1198 159 106 150
1199 256 97 1000
1199 67 110 1000
1200 152 80 150
1200 285 79 300
1200 245 188 1000
1201 352 99 150
1201 309 168 150
1202 248 83 1000
1202 198 82 150
1202 663 130 300
1203 220 93 300
1203 306 97 300
1203 100 91 1000
1203 53 123 150
1204 67 105 300
1204 5 189 1000
1204 23 123 1000
1206 10 114 1000
1206 138 140 1000
1206 119 116 150
1207 129 120 150
1207 37 113 150
1207 298 83 300
1207 76 101 150
1207 1041 105 150
1207 218 73 300
1208 1057 75 150
1208 318 112 1000
1209 232 98 1000
1210 89 91 300
1210 93 95 1000
1210 199 83 1000
1211 153 91 150
1211 123 125 1000
1211 141 90 150
1212 282 118 1000
1213 292 123 1000
1213 1196 99 150
1215 244 92 1000
1216 26 134 150
1216 285 75 300
1217 944 110 300
1217 99 87 1000
1217 60 165 1000
1218 366 81 1000
1218 159 147 150
1220 241 139 150
1220 74 107 1000
1220 7 75 1000
1221 248 88 300
1221 254 108 1000
1221 918 90 1000
1221 38 90 150
1223 496 132 1000
1223 193 88 1000
1223 6 89 150
1224 170 148 150
1224 155 87 1000
1224 163 82 1000
1224 1251 86 150
1226 274 74 150
1226 1274 112 1000
1227 506 162 150
1227 284 75 1000
1228 141 163 150
1228 197 74 150
1229 992 97 150
1229 89 143 150
1229 278 74 1000
1231 32 70 150
1231 226 120 150
1233 276 78 150
1233 701 81 1000
1233 31 144 300
1234 790 110 1000
1236 85 116 150
1237 81 126 150
1237 858 131 150
1239 457 96 1000
1239 666 91 1000
1239 292 114 150
1240 224 78 150
1240 1164 115 150
1240 941 116 150
1241 57 84 1000
1241 61 160 150
1241 203 89 1000
1241 317 79 150
1241 719 81 1000
1242 288 159 150
1243 149 126 1000
1243 214 144 150
1247 171 227 1000
1247 221 119 1000
1247 126 91 1000
1248 64 112 150
1248 226 123 150
1248 51 75 150
1249 992 116 300
1249 141 227 1000
1251 269 84 150
1252 273 194 300
1252 42 94 1000
1252 261 123 150
1253 336 106 1000
1253 82 77 1000
1253 158 92 150
1254 219 89 1000
1255 312 164 150
1255 27 85 1000
1257 1113 106 150
1257 971 125 150
1257 55 80 150
1260 107 143 150
1260 277 99 1000
1261 17 95 1000
1261 35 84 150
1261 29 135 300
1262 233 114 150
1265 737 101 150
1265 308 89 300
1265 550 101 1000
1266 163 172 150
1266 214 85 150
1266 446 90 1000
1268 235 69 150
1268 413 161 150
1268 14 95 150
1269 570 91 150
1270 10 74 150
1270 27 140 300
1271 88 86 1000
1276 115 91 300
1276 1231 181 1000
1277 234 94 150
1277 228 184 150
1277 518 82 150
1278 246 184 150
1279 120 106 150
1279 940 115 150
1280 91 86 1000
1282 216 79 300
1282 562 90 150
1283 460 73 1000
1284 312 107 1000
1284 532 81 150
1285 1033 90 1000
1285 196 178 1000
1285 1261 95 150
1285 46 80 1000
1286 64 102 1000
1286 236 99 150
1288 1043 77 150
1290 32 71 150
1290 314 129 1000
1290 123 88 1000
1290 923 90 150
1290 5 135 1000
1291 497 90 1000
1291 467 91 1000
1291 310 90 150
1291 30 96 150
1292 312 139 300
1293 111 68 1000
1295 65 63 150
1295 778 87 150
1296 233 144 1000
1297 181 105 150
1297 830 110 1000
1299 224 183 1000
1299 96 76 150
1299 59 100 1000
1299 243 158 150
1299 1223 81 150
1300 39 154 1000
1301 1299 81 150
1301 712 95 1000
1301 266 69 1000
1301 155 76 150
1301 245 79 1000
1302 470 94 150
1304 304 93 1000
1304 1075 90 1000
1304 811 160 1000
1304 1269 94 150
1305 113 106 150
1305 250 79 1000
1305 121 112 1000
1305 317 78 1000
1305 1321 96 150
1306 760 94 300
1306 161 92 1000
1307 296 89 1000
1307 102 91 1000
1309 735 95 150
1309 1188 106 1000
1309 1061 95 150
1309 221 79 150
1310 843 109 1000
1310 211 69 150
1310 142 87 300
1311 1306 81 150
1311 45 75 1000
1311 263 92 150
1312 185 91 150
1312 237 89 150
1313 48 65 150
1313 9 118 1000
1314 264 79 1000
1314 201 84 1000
1314 318 173 150
1316 4 103 1000
1316 134 105 150
1316 39 89 150
1316 40 74 150
1316 304 79 150
1316 164 67 150
1316 893 94 1000
1316 575 160 1000
1319 282 78 300
1319 308 93 300
1319 93 76 300
1320 139 102 1000
1320 286 69 150
1321 256 93 150
1321 168 141 1000
1321 126 90 150
1321 1078 105 150
1321 87 67 1000
1322 458 94 150
1322 1234 95 1000
1323 0 89 150
1323 535 90 1000
1323 139 91 150
1323 191 91 150
1324 240 188 150
1324 200 93 1000
1324 124 91 1000
1325 194 188 1000
1326 470 160 150
1326 165 77 300
1326 254 84 1000
1326 151 91 300
1328 193 84 150
1328 836 67 150
1330 274 107 150
1330 317 92 1000
1330 159 67 150
1331 801 111 150
1331 101 77 150
1332 156 101 1000
1332 173 87 150
1333 640 142 300
1333 106 127 1000
1333 236 129 150
1333 759 150 150
1333 313 79 300
1333 314 119 150
1335 72 176 300
1336 978 81 1000
1336 226 94 300
1336 28 90 150
1336 189 91 1000
1336 118 151 1000
1337 271 78 150
1337 79 77 150
1338 90 102 150
1338 530 71 150
1339 239 70 150
1340 136 146 150
1340 10 75 300
1340 308 148 1000
1340 269 108 1000
1340 205 84 150
1341 280 69 1000
1341 49 75 150
1341 236 89 1000
1341 177 201 150
1341 223 78 150
1342 248 69 1000
1342 0 118 150
