320 258 96 300
320 614 153 150
320 214 92 150
320 175 90 1000
321 318 137 1000
322 139 99 150
326 106 89 150
326 196 86 300
327 105 149 150
327 186 153 150
327 110 145 150
327 311 78 150
328 118 143 1000
330 1 73 300
330 298 96 150
330 243 82 150
330 284 96 150
330 126 99 1000
331 912 103 300
331 251 96 1000
331 309 91 150
331 246 145 1000
332 280 91 1000
332 105 109 150
332 659 88 1000
332 63 77 150
334 36 77 150
335 88 99 150
335 280 145 150
335 3 147 1000
335 181 143 150
335 158 89 150
337 296 133 1000
337 570 89 150
337 853 103 150
337 45 141 150
338 162 85 150
338 238 155 1000
338 55 87 300
339 65 89 1000
339 1166 108 150
341 82 79 150
341 301 81 300
341 21 82 150
341 211 145 150
341 125 79 150
342 50 88 1000
342 1238 93 150
344 113 90 300
345 243 141 150
345 5 92 150
346 145 95 150
346 12 151 150
346 319 92 150
347 136 100 1000
347 201 91 1000
348 132 94 1000
348 310 151 150
348 306 145 1000
348 86 100 150
348 94 89 150
348 287 101 1000
349 9 157 150
350 976 88 1000
350 257 86 150
350 288 92 1000
350 49 83 150
353 994 83 150
353 243 101 300
353 110 143 150
353 307 107 150
353 84 104 150
353 85 84 150
353 285 155 300
354 233 92 150
354 18 82 150
357 82 99 150
358 256 96 150
358 287 86 150
358 172 139 150
358 223 96 1000
359 112 90 150
359 153 89 150
359 19 82 150
359 364 93 150
359 143 143 1000
360 290 91 1000
360 1277 88 150
360 186 86 1000
361 25 82 1000
361 266 165 1000
361 37 92 300
361 1145 143 1000
362 272 87 300
362 97 100 1000
363 40 141 1000
365 1184 98 1000
365 305 141 300
365 274 96 300
365 217 86 1000
367 147 164 1000
367 252 97 1000
367 614 147 1000
367 7 97 1000
368 122 84 1000
368 46 87 1000
369 259 81 150
369 516 104 150
369 943 108 1000
370 91 149 1000
371 286 102 150
373 181 90 150
373 1270 153 150
373 1039 93 150
374 147 84 300
375 64 143 150
375 392 94 1000
375 201 96 150
375 300 86 1000
375 23 87 150
376 89 149 150
377 139 153 150
377 164 99 150
378 6 88 1000
378 359 104 150
379 162 99 300
380 175 79 150
380 1012 108 1000
380 247 91 150
381 136 153 150
381 1029 153 150
381 117 84 1000
381 318 91 300
381 190 89 150
382 226 151 150
382 91 85 1000
382 82 100 150
382 910 118 1000
383 35 77 300
383 156 99 1000
384 1281 104 150
384 658 108 1000
384 271 86 1000
384 244 92 150
384 169 94 1000
385 1174 143 1000
386 301 86 1000
388 66 79 1000
388 142 110 150
388 151 90 150
389 5 147 1000
389 1310 143 150
390 111 104 150
390 228 91 150
390 95 94 1000
391 301 92 150
392 584 93 300
392 245 106 150
393 1170 98 300
393 300 141 150
397 32 102 300
397 210 91 1000
397 18 77 300
397 205 155 300
400 217 87 150
400 299 87 1000
402 929 153 300
402 236 81 150
403 120 94 150
403 281 86 150
403 291 92 300
403 12 92 150
404 24 93 300
404 125 89 150
407 264 86 1000
407 232 145 150
407 759 98 150
407 103 89 150
408 80 85 150
408 126 100 300
408 174 139 150
409 3 87 150
409 273 81 150
409 251 92 300
409 793 139 1000
410 10 73 150
410 181 143 150
411 73 85 150
411 111 104 300
411 185 153 1000
412 553 88 150
412 1163 85 1000
412 78 94 300
413 274 81 1000
414 112 100 1000
414 274 88 150
414 183 79 1000
415 1152 98 1000
415 84 99 150
416 1105 90 1000
416 178 89 150
416 261 111 150
416 158 89 150
418 217 91 1000
419 305 92 1000
419 162 131 1000
419 283 87 150
420 129 95 150
420 181 143 300
421 588 93 150
421 242 87 1000
421 1028 147 1000
423 87 89 300
425 168 89 1000
425 237 96 150
426 247 145 300
427 115 100 300
428 136 95 150
428 741 94 1000
428 6 98 150
429 49 151 150
429 189 84 300
429 302 86 1000
429 311 102 150
430 120 84 150
430 16 87 150
430 147 95 150
430 277 91 1000
430 821 83 1000
431 250 86 1000
431 765 88 150
431 109 85 1000
431 301 133 1000
432 18 137 150
433 299 141 150
433 43 77 1000
433 206 91 1000
434 224 91 150
434 94 81 1000
434 726 83 300
434 70 79 300
434 223 77 150
435 312 145 150
436 944 83 1000
436 192 102 150
436 234 96 150
436 838 83 300
436 16 98 150
438 22 87 1000
438 294 151 150
439 894 83 300
439 303 92 150
440 112 174 150
440 101 79 150
441 211 92 150
441 1261 143 1000
441 39 87 1000
444 889 182 1000
444 68 89 1000
446 212 91 1000
446 213 86 150
446 78 94 150
447 81 79 1000
447 555 83 1000
447 1214 79 150
448 152 149 150
448 1333 88 1000
450 234 91 1000
451 84 99 150
452 938 99 1000
452 43 77 150
452 237 86 300
452 270 106 150
453 1281 104 150
453 100 139 150
453 345 98 1000
454 192 102 300
454 266 91 150
454 27 92 150
454 164 95 1000
454 95 84 150
455 56 137 300
455 33 87 150
456 770 168 1000
456 155 89 150
456 132 89 1000
456 10 82 150
457 253 81 1000
457 190 86 1000
458 223 86 150
458 229 91 300
458 191 89 150
459 58 92 150
459 175 84 150
460 163 84 1000
460 223 101 1000
461 69 100 150
461 106 94 1000
461 363 157 150
461 140 94 150
461 46 82 150
461 669 98 1000
462 276 96 1000
462 964 147 150
462 157 94 1000
464 203 91 300
464 1061 88 150
465 305 96 1000
465 66 143 1000
465 3 88 1000
466 239 81 300
467 0 82 150
467 203 97 150
467 247 92 150
468 224 92 150
468 145 104 150
468 1282 83 150
469 412 89 1000
469 853 83 1000
469 205 137 300
470 93 153 300
470 110 99 1000
472 1043 89 1000
472 12 147 150
472 261 101 300
473 491 98 1000
473 140 94 1000
473 1298 85 150
473 468 88 300
473 725 93 150
473 57 92 150
473 28 87 300
474 5 88 150
474 125 89 150
476 121 89 150
476 75 84 150
476 140 135 1000
476 38 92 1000
477 204 91 150
478 63 92 150
478 255 91 150
480 335 93 150
483 1281 149 1000
483 253 102 150
483 89 153 1000
484 283 92 1000
484 95 99 1000
485 217 106 150
485 1084 143 1000
485 118 104 150
486 45 87 150
486 222 88 1000
486 375 149 150
487 16 77 150
487 296 145 1000
487 552 157 1000
488 89 89 150
488 5 82 1000
488 574 79 300
488 255 91 1000
489 88 89 1000
490 80 100 300
490 193 91 150
490 299 96 1000
490 183 84 1000
491 8 92 150
491 127 154 1000
494 106 95 150
494 1101 88 150
496 173 85 150
496 142 104 1000
497 186 100 1000
497 295 155 1000
498 233 151 1000
498 42 133 300
498 315 86 150
498 148 94 1000
499 96 143 150
499 81 139 1000
499 307 81 150
499 31 82 1000
503 201 96 150
503 121 84 150
504 43 107 150
504 211 96 150
505 1054 93 1000
506 306 91 1000
506 1340 88 150
506 134 89 150
506 54 92 1000
507 250 102 1000
507 964 93 1000
507 1274 88 1000
507 277 86 150
511 275 102 150
511 241 81 150
511 227 91 1000
511 699 83 300
511 221 86 1000
512 91 145 1000
512 61 87 1000
512 703 88 150
514 761 143 1000
514 859 103 1000
516 170 94 150
516 220 91 150
517 3 92 150
517 257 145 1000
517 731 93 150
517 171 94 1000
517 230 151 150
518 124 85 300
518 246 145 150
519 41 88 150
521 173 94 1000
521 117 90 1000
521 663 94 150
522 89 153 150
522 228 87 1000
522 190 89 150
523 96 90 1000
523 31 77 300
523 93 149 150
523 231 96 1000
525 177 99 150
525 269 86 1000
525 53 92 1000
526 114 89 1000
526 1206 88 1000
527 256 77 150
527 289 81 1000
529 516 98 300
530 1002 94 150
530 182 141 1000
530 503 98 1000
531 232 86 1000
533 8 93 150
533 86 143 1000
533 62 147 150
534 225 91 150
534 182 94 150
535 121 100 150
535 34 137 1000
535 99 79 150
535 50 102 150
536 264 91 150
536 48 83 1000
536 37 97 150
537 913 93 150
537 139 94 1000
537 276 96 1000
539 1080 108 1000
539 292 78 1000
539 286 101 150
539 535 98 300
541 306 86 150
541 221 106 150
541 77 84 1000
543 160 95 1000
543 57 92 1000
543 1246 103 150
545 194 145 150
545 82 99 1000
546 74 86 1000
546 125 139 150
546 94 153 1000
547 256 81 150
547 201 91 300
547 14 137 150
549 1030 83 150
549 1319 89 1000
550 72 79 150
550 281 101 150
550 59 92 150
551 218 106 150
551 1115 108 1000
551 871 93 150
552 16 102 1000
552 274 155 1000
552 3 97 150
552 302 147 1000
552 991 98 1000
553 56 92 1000
554 297 141 150
554 565 94 150
554 30 102 1000
555 330 93 1000
555 295 86 1000
558 10 137 1000
558 317 81 150
559 257 81 300
559 196 101 150
559 94 94 150
562 170 139 150
564 233 91 300
564 1299 88 150
564 44 87 1000
564 182 139 1000
564 102 100 1000
565 192 151 1000
565 247 155 150
566 144 84 1000
566 185 95 150
566 220 91 150
566 85 84 150
567 65 84 150
568 25 141 150
568 246 102 150
569 286 91 150
571 241 74 150
572 170 135 1000
572 62 82 1000
572 278 86 150
573 939 119 150
573 278 91 150
574 283 151 300
574 1101 94 150
574 158 104 150
574 133 79 150
577 263 151 150
578 128 94 300
579 256 145 1000
579 1289 93 1000
579 175 100 1000
581 1 102 1000
581 778 147 150
584 559 93 1000
584 813 98 1000
584 175 94 150
585 1097 98 1000
587 646 147 300
588 1240 93 1000
588 1220 147 1000
590 107 84 150
590 115 85 300
590 245 91 150
590 55 74 1000
590 1274 84 150
590 149 84 150
592 256 81 150
592 315 92 150
592 179 154 150
592 1190 81 150
593 10 147 300
593 229 145 1000
594 152 90 150
594 749 93 150
595 124 104 150
595 290 106 150
595 4 133 150
597 1190 168 150
597 168 75 150
597 234 96 1000
597 109 143 1000
597 78 89 150
597 117 99 300
597 250 101 1000
597 286 91 150
598 304 87 150
599 205 112 1000
599 149 99 150
599 253 102 150
602 1073 108 300
603 232 92 150
605 579 84 150
608 135 84 150
610 992 98 300
610 211 102 1000
611 880 89 150
611 144 90 150
611 8 141 1000
612 226 91 150
612 332 95 150
614 171 90 150
614 7 77 1000
615 217 97 1000
615 34 102 1000
615 274 96 1000
615 241 91 150
617 130 96 1000
617 572 75 1000
617 781 103 150
617 78 89 1000
617 271 86 150
618 120 139 300
618 594 71 150
619 320 89 1000
619 131 89 150
619 742 108 150
619 470 135 1000
620 306 141 1000
621 998 143 1000
621 303 78 1000
622 307 97 1000
622 172 84 150
623 224 141 1000
623 292 79 150
623 820 124 1000
624 183 95 1000
625 313 81 1000
626 2 73 150
626 804 88 300
627 161 90 1000
627 458 153 300
627 115 80 150
628 1152 149 150
628 268 81 150
628 6 87 1000
629 282 87 1000
630 72 89 1000
630 1011 108 150
631 32 98 150
631 194 86 150
631 13 82 1000
631 497 147 1000
631 18 82 1000
631 126 99 150
632 267 91 150
632 1108 88 150
633 180 76 1000
633 315 101 1000
633 846 99 1000
633 205 81 150
633 166 94 1000
636 10 87 150
636 30 141 300
637 13 97 150
638 59 137 1000
638 421 89 1000
639 809 104 1000
639 290 91 150
639 43 77 150
640 184 84 150
640 696 103 300
640 265 91 150
640 31 157 300
641 361 94 150
642 869 83 1000
642 702 98 1000
646 160 84 1000
648 210 81 150
648 119 94 1000
649 8 82 300
649 667 134 1000
650 238 155 150
651 334 93 150
653 209 93 150
654 288 145 150
654 196 91 150
654 397 94 150
654 103 75 150
655 280 86 150
655 163 90 150
655 180 139 150
657 50 97 150
657 124 89 150
657 823 103 1000
658 266 77 150
659 1050 143 1000
659 141 75 150
660 401 157 150
660 518 89 300
661 4 82 300
661 30 82 1000
662 81 139 1000
662 82 100 150
662 132 104 150
662 233 86 1000
663 241 102 150
663 74 79 1000
663 806 88 150
663 121 84 150
664 1032 143 1000
664 57 93 1000
664 27 137 1000
664 854 93 1000
664 47 108 1000
665 263 81 150
665 924 93 150
665 278 86 1000
665 215 86 1000
666 57 97 1000
666 198 145 1000
666 31 87 150
667 56 77 150
667 220 141 1000
668 283 86 150
670 209 91 150
670 108 99 1000
670 214 145 150
671 159 85 150
672 172 94 150
674 97 99 1000
674 866 83 150
674 283 143 150
674 261 91 300
676 288 137 1000
676 132 79 300
676 578 98 1000
676 164 79 1000
679 892 88 1000
680 112 85 150
680 15 82 1000
681 208 141 1000
682 217 141 150
682 44 147 1000
683 68 104 150
683 203 101 150
683 209 102 300
683 181 104 150
683 313 151 1000
683 90 80 1000
685 80 139 1000
685 112 89 150
685 94 90 150
685 302 86 150
686 91 94 1000
688 24 93 1000
688 335 88 1000
689 561 163 300
689 135 84 150
691 201 86 150
691 453 108 150
691 141 99 1000
693 89 84 150
693 901 103 150
693 78 84 1000
694 453 103 150
695 192 91 1000
695 284 87 300
695 253 96 150
695 1134 94 300
696 408 98 150
696 224 156 1000
696 218 96 150
696 299 147 150
697 233 81 1000
697 270 86 1000
699 106 89 150
701 275 91 1000
703 27 137 150
705 109 89 150
705 189 81 150
707 65 153 150
707 258 101 1000
707 1276 147 1000
709 161 100 300
709 115 145 1000
709 212 81 1000
710 36 88 150
710 237 101 1000
710 6 143 1000
710 741 94 1000
712 151 139 150
715 129 94 1000
715 300 97 1000
716 73 94 150
716 50 147 1000
717 266 86 150
718 304 81 1000
719 472 88 150
719 56 82 150
719 234 101 150
719 171 94 150
721 42 151 300
721 85 79 150
721 38 87 300
722 291 96 1000
722 70 85 1000
724 1336 98 1000
724 250 91 1000
724 146 79 300
725 1082 93 150
725 197 87 1000
725 199 145 150
726 1265 143 150
726 191 86 150
726 161 94 1000
727 378 89 150
727 267 97 1000
727 4 98 1000
728 278 137 150
730 9 87 150
730 223 92 150
731 376 143 150
731 153 94 150
732 72 149 150
732 281 81 150
732 1051 83 1000
732 57 82 1000
733 784 93 1000
733 363 83 1000
733 212 141 1000
736 1255 99 150
739 297 107 300
739 211 101 300
739 443 153 150
740 172 143 150
741 81 170 150
741 559 139 1000
742 1209 98 150
742 266 141 150
742 89 84 1000
743 106 94 1000
744 1226 143 150
744 131 143 1000
744 262 152 300
745 291 81 150
745 156 89 1000
745 246 81 1000
745 791 83 1000
746 177 153 150
746 75 89 150
746 270 81 1000
747 169 135 1000
747 174 149 150
747 329 83 150
748 3 147 150
748 244 91 1000
748 695 80 1000
749 603 147 300
750 250 141 1000
750 284 81 1000
750 1253 88 1000
750 231 92 1000
751 172 145 1000
753 1016 113 300
753 137 84 150
753 468 99 1000
754 143 100 1000
756 26 88 1000
756 188 149 1000
757 281 145 300
757 956 103 150
757 141 79 150
757 446 147 300
759 216 96 150
759 32 97 1000
759 253 81 150
761 249 101 1000
761 307 91 1000
761 185 89 150
761 1231 88 150
762 65 99 150
762 237 106 1000
762 279 81 150
763 74 89 1000
763 14 82 150
763 279 86 300
764 81 90 1000
764 1330 94 300
765 56 97 150
765 226 91 1000
766 173 90 150
767 787 99 1000
768 314 106 150
768 182 149 150
768 1127 83 150
770 210 81 1000
770 282 92 1000
770 227 86 1000
770 13 92 1000
773 136 89 150
773 908 93 300
773 274 101 300
773 188 84 150
774 29 87 150
774 255 87 150
775 568 147 150
775 130 139 150
775 98 99 1000
775 146 95 1000
776 33 82 1000
776 221 106 150
776 1278 98 1000
778 244 91 150
778 30 147 150
780 4 141 150
780 299 96 1000
780 1116 103 1000
780 581 147 150
780 767 94 150
781 296 96 150
781 183 80 1000
783 504 98 300
783 226 155 1000
783 899 98 150
783 717 157 150
784 250 91 150
784 975 93 150
785 275 91 1000
785 131 94 150
785 135 89 150
787 1340 94 1000
787 108 94 300
787 637 108 1000
788 152 89 150
788 129 100 150
788 127 153 1000
789 784 103 300
789 270 106 1000
789 319 141 150
790 23 87 150
791 209 141 150
791 234 151 300
791 996 93 150
791 302 96 300
792 130 164 150
792 235 87 150
792 306 96 150
793 225 81 1000
793 1 92 150
795 205 91 150
795 71 90 1000
796 1210 88 1000
796 107 79 1000
796 1159 120 1000
799 934 94 150
799 38 87 1000
800 217 91 150
800 242 151 1000
800 1012 139 1000
800 49 151 150
800 159 84 1000
801 213 96 150
803 72 94 150
803 288 91 1000
804 157 94 1000
804 39 83 1000
805 317 170 150
805 166 149 150
805 87 153 1000
806 231 107 150
807 1241 147 1000
807 293 147 1000
807 254 88 1000
808 309 81 300
808 214 86 1000
809 97 89 150
811 89 94 1000
811 283 141 150
811 148 100 150
811 229 96 1000
812 170 143 1000
812 27 92 300
812 109 89 1000
812 126 85 300
813 800 93 150
813 106 89 1000
813 108 84 1000
813 111 149 150
814 121 84 1000
814 14 151 150
817 676 98 150
818 244 88 150
818 701 88 1000
818 141 99 1000
819 40 77 1000
819 264 86 150
819 254 96 150
819 225 137 300
820 264 91 1000
820 73 104 300
820 10 137 150
820 204 92 150
820 52 87 1000
820 21 87 300
821 238 101 150
823 43 151 150
823 164 79 150
823 230 141 150
825 241 91 150
825 214 106 150
826 210 92 300
826 911 93 300
826 562 80 1000
826 1139 93 150
826 87 90 1000
826 153 89 1000
826 15 87 150
827 745 83 150
827 1291 94 150
827 124 84 150
828 140 99 300
828 85 84 1000
828 215 97 150
828 280 87 150
828 89 81 1000
828 187 84 1000
829 69 104 1000
830 98 79 1000
830 261 77 150
831 289 92 1000
831 354 143 150
832 1025 157 1000
832 259 96 300
832 1220 100 150
832 109 76 150
832 145 96 1000
832 276 83 1000
833 212 77 150
833 1082 91 150
833 275 81 1000
833 164 85 150
833 46 78 1000
834 306 156 1000
834 28 113 1000
835 210 83 150
837 135 85 1000
838 61 73 1000
841 27 88 150
841 845 104 1000
841 246 87 150
844 163 81 300
844 190 139 300
845 320 90 150
845 534 91 1000
846 537 91 1000
846 83 85 150
847 83 81 150
847 99 139 300
847 196 82 300
847 809 89 1000
847 1107 85 1000
847 278 137 150
847 132 75 150
847 286 87 150
849 41 69 1000
849 1204 98 300
849 753 84 150
850 320 89 300
850 1157 94 1000
852 152 95 1000
852 224 137 150
852 50 98 300
853 83 95 150
853 486 108 1000
853 606 94 1000
854 281 77 150
854 302 137 150
854 145 79 150
855 81 149 1000
855 245 77 150
855 199 86 1000
857 1095 79 150
858 200 91 1000
858 1046 147 1000
859 50 92 150
859 286 96 1000
859 948 89 150
859 157 139 1000
859 406 115 150
860 90 100 1000
860 103 106 300
864 167 89 150
864 8 98 150
864 180 95 150
864 24 94 150
864 121 85 150
864 315 96 1000
864 188 135 1000
866 560 76 1000
868 348 153 1000
868 73 75 1000
868 1228 104 1000
868 55 108 300
869 1038 100 150
869 7 143 300
870 35 83 1000
870 106 85 150
870 307 77 1000
870 724 93 150
870 47 78 150
871 1002 89 150
871 378 129 150
872 43 97 150
872 84 75 150
872 117 75 150
872 271 96 150
873 32 88 150
873 456 145 300
873 290 88 1000
873 158 89 150
873 799 149 1000
874 308 86 1000
874 294 87 1000
874 1087 104 1000
876 140 91 1000
878 10 93 150
880 1320 145 1000
880 105 89 1000
880 245 81 1000
880 119 154 300
881 281 91 150
881 234 92 1000
883 161 143 1000
883 227 162 300
884 544 85 150
884 198 77 300
884 264 77 1000
884 234 92 150
884 177 81 1000
884 87 90 150
884 154 85 1000
885 73 81 150
885 162 75 150
885 18 75 300
886 50 94 150
886 7 87 150
887 44 104 1000
887 237 92 150
887 205 87 1000
888 74 95 300
888 235 96 300
888 844 89 150
888 98 85 150
889 198 91 150
890 840 84 300
891 256 87 1000
892 834 79 150
892 44 83 150
892 1301 85 150
892 6 79 1000
893 58 82 150
893 20 83 1000
893 110 95 150
894 235 97 150
894 1254 85 1000
897 123 153 150
897 715 93 1000
897 244 133 1000
899 0 77 1000
899 272 117 150
899 245 86 1000
899 55 87 150
900 48 87 1000
900 285 92 1000
900 149 94 150
901 297 92 150
901 115 143 150
901 141 89 1000
901 63 147 150
902 71 143 1000
903 176 90 300
903 721 103 150
903 250 81 1000
903 989 98 150
904 808 83 300
904 131 139 150
905 275 106 1000
905 85 94 150
907 303 81 150
907 51 92 150
907 133 94 1000
907 191 84 150
909 234 91 150
909 212 97 1000
909 142 153 150
910 33 97 150
911 229 86 1000
911 14 82 1000
912 91 95 150
912 102 143 150
913 304 87 1000
913 250 87 1000
913 807 98 300
913 231 91 150
914 193 87 150
914 186 100 150
914 14 77 1000
914 279 96 1000
915 155 89 150
915 149 153 1000
917 113 139 150
917 1260 147 150
917 260 96 1000
917 207 86 1000
918 33 77 1000
918 298 101 1000
918 291 151 1000
918 133 94 150
919 168 143 150
919 161 149 150
919 841 98 150
920 0 82 1000
920 801 88 1000
920 1067 93 1000
920 260 141 1000
920 350 99 150
922 1160 94 150
922 587 98 150
922 763 83 150
923 33 82 300
923 143 89 150
924 217 86 1000
926 315 155 1000
926 531 84 1000
926 116 80 150
926 237 91 1000
927 275 91 150
927 374 98 300
929 115 143 150
929 46 87 150
929 23 82 150
932 263 96 1000
932 179 143 150
932 155 89 300
932 163 84 150
932 213 86 1000
933 8 97 150
933 42 152 150
933 83 89 150
933 197 81 1000
933 206 87 150
934 248 81 300
934 42 137 150
934 1116 98 150
934 45 147 150
935 289 145 1000
935 233 91 1000
937 73 84 1000
937 26 92 1000
937 451 147 150
937 103 139 1000
938 1205 79 150
938 1319 88 1000
939 94 71 1000
940 10 82 150
940 43 87 150
940 100 79 1000
942 192 151 150
942 425 103 150
942 271 86 150
943 72 79 300
943 368 83 150
943 67 84 150
943 283 91 1000
943 959 83 150
944 744 103 300
944 46 82 1000
944 111 89 300
945 232 106 300
945 9 92 1000
945 103 76 150
946 59 102 150
946 191 139 150
948 274 81 150
948 114 84 1000
949 35 147 300
949 227 86 150
949 141 94 150
950 1138 83 150
950 565 103 1000
951 50 87 1000
951 303 87 150
951 615 88 1000
954 289 106 150
954 287 91 1000
955 238 102 150
955 910 83 1000
955 1118 108 1000
955 175 75 150
956 693 98 1000
956 263 155 150
957 48 92 150
957 84 84 1000
957 618 143 150
957 28 87 1000
958 0 98 150
958 59 88 1000
958 247 92 1000
958 127 99 150
959 1288 79 150
959 121 79 300
959 458 94 1000
959 235 86 1000
959 165 100 1000
960 36 83 1000
961 169 100 150
961 66 94 1000
961 209 92 150
962 208 81 150
962 940 83 1000
962 261 87 1000
962 149 89 1000
963 1061 93 1000
963 137 76 150
963 746 147 1000
963 50 84 150
963 245 121 150
963 286 92 1000
964 269 106 1000
964 231 141 150
966 148 89 1000
966 975 98 150
967 188 100 150
967 213 97 1000
967 1086 93 1000
968 293 141 1000
972 307 91 150
972 3 82 1000
972 251 91 1000
972 175 149 1000
973 82 79 300
973 179 89 1000
974 194 87 1000
974 268 86 1000
974 301 137 150
975 968 153 300
975 240 92 150
975 61 151 1000
976 992 94 1000
976 287 86 150
977 1169 135 1000
977 27 88 300
977 172 84 150
977 93 90 150
977 438 88 150
978 59 82 1000
978 186 79 150
978 1291 98 150
981 33 122 300
981 1219 98 1000
981 222 96 150
982 923 153 300
983 1 141 150
984 857 93 1000
984 58 141 300
984 602 98 150
984 637 99 1000
984 190 81 1000
985 314 81 150
985 892 88 1000
985 106 94 150
986 85 89 150
986 93 139 150
989 1216 88 300
989 384 83 1000
989 26 87 150
989 1010 79 300
989 153 84 1000
990 65 79 1000
990 186 104 150
991 93 135 150
992 962 147 150
994 106 94 150
995 4 87 1000
995 116 153 150
996 241 91 1000
996 301 141 1000
996 670 104 1000
997 25 87 1000
997 220 91 1000
998 131 139 1000
1000 177 149 150
1000 283 91 1000
1000 756 72 150
1000 171 84 300
1000 625 145 300
1001 192 81 1000
1001 620 93 300
1002 145 79 150
1003 116 84 1000
1004 281 92 150
1004 275 91 300
1005 241 86 300
1006 58 83 300
1007 749 88 150
1008 431 98 150
1009 111 94 150
1010 186 90 300
1010 660 103 1000
1011 136 89 150
1011 283 86 1000
1012 664 93 1000
1012 67 90 150
1013 1289 147 150
1013 36 141 150
1014 169 106 300
1014 75 79 150
1014 100 79 1000
1015 512 143 150
1016 305 81 300
1017 377 98 150
1017 196 96 1000
1018 121 94 1000
1018 271 91 150
1019 188 94 150
1019 134 153 1000
1019 519 83 1000
1021 910 100 1000
1022 104 139 150
1022 372 79 1000
1022 207 96 1000
1023 134 89 1000
1025 880 94 150
1025 32 77 1000
1025 1107 108 150
1026 1056 83 1000
1026 281 96 150
1026 846 157 1000
1028 113 89 150
1028 99 84 150
1029 264 96 1000
1030 208 91 1000
1030 975 94 1000
1031 680 103 150
1031 84 135 150
1031 365 93 300
1031 71 90 1000
1032 62 93 1000
1033 938 93 150
1034 155 100 150
1034 262 92 150
1036 268 91 300
1036 134 84 150
1037 172 75 300
1037 198 81 1000
1038 121 89 150
1038 1106 84 150
1038 298 106 150
1039 140 100 1000
1040 98 100 1000
1040 319 81 1000
1041 54 77 1000
1041 255 91 1000
1042 275 91 150
1042 1326 88 150
1042 1111 93 150
1043 93 76 1000
1045 73 94 150
1045 1011 103 150
1045 31 151 300
1046 860 108 1000
1048 240 91 1000
1048 823 98 150
1050 229 92 300
1050 42 97 150
1050 76 84 1000
1050 177 84 150
1050 440 93 1000
1050 667 83 1000
1051 32 97 1000
1051 75 104 150
1051 307 121 1000
1053 1209 139 150
1053 1071 88 1000
1053 276 141 1000
1053 55 141 1000
1054 995 98 1000
1054 149 143 150
1054 245 101 150
1056 1042 147 1000
1056 460 80 1000
1056 285 91 1000
1056 245 102 150
1061 107 84 1000
1061 1051 143 150
1062 121 153 1000
1062 186 85 1000
1062 927 94 150
1063 1296 93 150
1064 1118 98 1000
1064 1103 93 1000
1065 80 89 300
1065 33 87 150
1065 255 88 150
1067 2 102 150
1068 604 83 1000
1068 717 143 1000
1068 15 92 150
1068 150 89 300
1068 59 92 150
1068 284 86 150
1070 280 81 1000
1070 852 143 300
1070 38 82 1000
1071 458 93 150
1071 315 98 150
1072 176 94 150
1072 49 92 1000
1073 193 81 1000
1073 164 80 1000
1073 111 79 150
1074 114 79 300
1074 658 98 150
1074 298 87 150
1074 1026 83 150
1075 136 89 150
1075 232 155 150
1076 8 102 300
1076 72 94 1000
1076 4 102 150
1076 157 94 1000
1076 1030 80 1000
1078 284 145 1000
1078 933 93 1000
1079 33 151 150
1079 973 147 300
1080 459 94 1000
1080 48 82 150
1080 306 82 1000
1080 276 91 1000
1080 54 77 150
1080 24 87 150
1082 314 98 1000
1082 262 92 150
1082 231 141 1000
1083 190 153 1000
1084 208 92 150
1084 258 151 1000
1084 291 155 300
1084 756 98 150
1084 187 86 150
1085 39 83 1000
1086 136 79 150
1086 65 84 150
1086 748 143 150
1087 318 87 1000
1087 1182 88 150
1087 823 93 1000
1088 785 88 1000
1088 123 89 150
1088 1150 147 300
1090 0 141 1000
1090 208 81 300
1090 71 84 150
1090 1128 94 150
1092 503 143 1000
1093 220 96 1000
1094 660 83 1000
1095 242 96 150
1096 58 83 1000
1096 310 106 1000
1096 175 84 150
1097 305 92 150
1097 1156 99 1000
1097 68 79 300
1098 255 101 150
1098 132 139 150
1098 6 92 150
1098 183 143 150
1099 65 89 300
1101 320 93 150
1101 314 86 1000
1102 27 102 150
1102 68 86 150
1103 232 91 150
1103 889 157 150
1103 903 143 150
1104 78 90 150
1105 202 92 1000
1105 75 89 150
1105 158 84 300
1106 176 89 1000
1106 101 99 150
1106 278 91 150
1106 207 101 1000
1107 279 91 1000
1107 972 83 1000
1107 190 99 300
1107 615 89 150
1108 225 86 300
1108 139 89 1000
1110 157 89 150
1110 230 97 300
1110 309 101 150
1111 566 103 1000
1111 503 157 1000
1112 1139 88 150
1113 145 90 1000
1113 262 91 1000
1113 231 91 150
1114 1018 143 150
1114 27 143 1000
1115 1250 104 150
1115 562 93 1000
1115 618 104 150
1116 61 141 300
1117 517 99 150
1117 1033 94 1000
1117 12 77 150
1117 181 85 1000
1117 215 92 150
1117 57 133 300
1117 293 145 150
1118 1061 153 1000
1119 380 83 150
1119 170 89 150
1119 20 82 150
1121 180 79 150
1122 88 149 150
1122 304 101 1000
1122 5 88 150
1122 230 101 150
1122 807 88 1000
1124 296 87 1000
1124 146 149 150
1124 1037 94 150
1125 87 79 1000
1125 135 94 1000
1126 210 101 150
1127 234 92 150
1127 311 106 150
1128 273 77 1000
1128 51 82 150
1128 46 92 300
1130 96 90 150
1130 130 153 150
1130 108 149 150
1133 109 149 1000
1133 214 92 300
1134 184 84 150
1135 58 77 1000
1135 306 92 150
1135 117 104 150
1135 101 89 1000
1138 905 94 150
1138 383 104 1000
1140 157 85 150
1142 296 96 1000
1142 890 93 150
1142 373 94 150
1147 273 101 300
1147 403 93 150
1147 166 94 150
1149 176 153 150
1149 57 92 150
1149 186 99 150
1149 1263 93 150
1150 1289 135 150
1150 311 145 150
1151 665 157 150
1153 137 86 150
1153 138 100 150
1153 167 90 150
1154 144 79 1000
1154 289 92 150
1155 74 84 300
1155 203 81 1000
1155 213 91 1000
1157 226 96 150
1157 243 87 150
1157 76 84 1000
1157 791 103 1000
1159 491 104 1000
1159 15 88 300
1160 225 97 1000
1160 539 88 150
1160 182 80 1000
1161 32 74 150
1161 286 102 1000
1162 163 90 1000
1162 196 96 1000
1162 87 75 150
1163 612 157 1000
1163 1046 93 1000
1165 88 84 1000
1165 147 85 150
1165 13 151 150
1166 306 87 150
1166 171 85 1000
1167 5 92 1000
1168 296 97 150
1169 840 104 150
1169 172 84 150
1170 168 99 150
1170 666 157 1000
1170 190 164 1000
1171 251 96 300
1171 1116 83 1000
1171 269 96 150
1173 1048 147 150
1174 892 108 150
1175 808 103 150
1175 18 87 300
1175 77 143 1000
1176 84 79 300
1177 66 95 1000
1179 105 99 1000
1179 74 79 1000
1179 853 98 150
1179 69 85 1000
1179 1247 94 1000
1182 232 137 1000
1182 48 141 1000
1182 26 107 150
1182 109 79 1000
1182 311 155 150
1184 227 91 150
1185 152 153 1000
1185 278 81 1000
1187 109 79 1000
1187 245 91 1000
1187 767 93 150
1199 281 96 1000
1199 74 143 150
1199 102 104 1000
1200 256 91 150
1200 64 89 300
1200 1003 153 150
1200 68 90 150
1200 273 141 1000
1201 302 87 150
1201 247 101 1000
1201 179 104 1000
1201 199 91 1000
1201 1103 98 150
1202 275 91 1000
1202 1134 149 150
1203 96 85 1000
1204 809 143 300
1204 428 103 1000
1205 288 155 300
1206 181 89 150
1206 551 98 150
1208 594 93 1000
1208 117 84 1000
1208 262 101 1000
1209 33 87 150
1209 1156 93 1000
1209 232 101 1000
1209 84 79 150
1209 118 153 150
1209 120 94 1000
1210 100 89 1000
1212 205 96 1000
1212 49 137 300
1212 306 151 1000
1212 115 100 150
1212 54 92 150
1212 88 85 1000
1212 251 145 150
1213 847 94 150
1214 16 92 150
1214 202 155 150
1214 115 94 300
1214 189 79 1000
1214 103 99 1000
1215 281 91 1000
1215 170 85 150
1215 219 101 150
1215 247 77 1000
1216 104 94 1000
1216 370 93 150
1216 278 91 300
1217 45 141 300
1219 216 96 1000
1219 1267 83 150
1220 58 88 150
1220 1291 93 150
1220 180 90 1000
1220 167 84 150
1223 569 88 150
1223 1231 108 150
1223 92 94 150
1223 205 101 150
1223 175 84 1000
1224 2 102 1000
1226 1283 98 1000
1227 203 106 150
1228 48 92 1000
1228 252 91 150
1231 249 96 150
1231 891 104 300
1231 140 79 150
1234 1202 98 1000
1235 24 87 150
1235 243 147 1000
1235 15 83 150
1237 138 104 150
1237 402 108 150
1237 406 98 150
1238 41 92 150
1238 250 86 150
1238 29 97 150
1238 129 85 1000
1240 104 149 150
1240 841 93 300
1242 408 88 150
1242 44 137 300
1242 78 89 1000
1244 232 91 150
1244 10 97 1000
1244 51 77 1000
1244 197 151 1000
1246 16 82 1000
1246 315 141 150
1246 128 90 150
1246 227 86 150
1247 1228 93 150
1247 214 77 150
1249 49 87 1000
1249 189 75 150
1249 254 141 1000
1249 719 88 1000
1251 19 82 150
1251 142 79 150
1253 912 104 150
1253 1093 147 150
1254 124 79 1000
1254 18 97 1000
1254 116 143 1000
1254 174 131 1000
1255 200 155 150
1255 146 89 150
1255 127 79 150
1256 718 94 150
1256 135 139 150
1257 1167 93 1000
1257 220 91 300
1257 151 76 1000
1259 257 91 1000
1259 427 98 150
1259 628 104 150
1259 689 129 1000
1260 217 162 150
1260 850 98 150
1260 106 119 1000
1260 90 94 150
1260 261 96 150
1261 168 100 150
1261 27 77 300
1261 141 149 1000
1263 80 79 1000
1263 253 106 150
1263 534 83 150
1265 232 102 1000
1265 1291 104 150
1265 126 79 150
1265 927 98 150
1267 104 110 150
1267 1113 89 150
1267 74 79 150
1267 211 141 150
1267 302 147 1000
1268 754 88 1000
1268 127 99 150
1269 226 81 1000
1270 210 106 150
1270 235 151 1000
1271 436 93 300
1273 136 94 1000
1273 264 151 1000
1273 179 94 1000
1273 279 170 150
1274 135 105 150
1274 119 89 1000
1275 132 99 150
1275 1212 98 150
1275 270 96 1000
1276 1133 139 150
1277 638 89 1000
1277 670 113 1000
1278 562 98 150
1278 308 145 150
1279 305 82 1000
1279 226 86 150
1279 129 143 1000
1280 192 96 150
1280 9 151 150
1281 61 77 150
1282 682 147 150
1282 900 103 150
1283 136 79 150
1283 24 87 300
1283 726 83 150
1283 97 139 150
1284 314 156 1000
1284 275 107 300
1285 1032 98 1000
1285 216 91 150
1288 128 90 1000
1288 665 93 300
1288 202 86 150
1288 180 94 300
1288 231 155 1000
1289 880 83 1000
1289 159 85 150
1289 254 96 150
1289 143 79 1000
1291 17 93 300
1291 141 79 300
1291 101 143 1000
1292 88 143 1000
1293 115 79 150
1293 956 98 150
1294 27 93 300
1294 76 89 300
1294 470 89 1000
1294 335 94 300
1295 282 81 1000
1295 790 88 300
1296 31 73 1000
1296 15 84 150
1297 130 145 1000
1297 43 74 150
1297 85 89 300
1297 159 94 150
1298 296 96 150
1298 179 149 300
1299 205 81 1000
1299 269 91 1000
1300 625 94 1000
1300 307 106 150
1301 461 93 1000
1302 32 87 150
1302 200 96 300
1302 202 151 1000
1302 310 96 150
1304 68 79 1000
1304 165 99 150
1308 290 96 150
1308 44 97 150
1308 173 100 150
1308 958 89 150
1308 127 84 1000
1309 217 87 150
1309 390 80 1000
1310 526 98 150
1313 221 92 1000
1313 251 97 1000
1313 28 82 1000
1313 725 83 150
1313 125 104 1000
1314 1088 147 1000
1314 1273 108 150
1314 808 93 150
1314 29 82 1000
1314 503 94 150
1315 75 94 150
1316 312 91 150
1316 1214 143 150
1318 288 106 1000
1318 66 149 300
1318 36 141 150
1318 670 147 150
1318 1190 162 1000
1319 300 87 150
1319 869 135 150
1319 1031 88 150
1320 319 92 1000
1321 234 78 150
1321 75 94 150
1321 1295 139 150
1321 1010 88 300
1321 1263 99 150
1321 124 94 1000
1322 28 83 1000
1322 222 92 1000
1322 1255 79 1000
1325 44 87 1000
1325 35 141 150
1325 316 96 1000
1325 1182 153 300
1326 193 96 150
1328 34 141 150
1328 835 88 150
1328 159 94 1000
1330 289 155 300
1330 232 91 1000
1330 112 79 150
1330 278 155 150
1330 311 101 1000
1330 476 93 1000
1330 63 137 1000
1332 483 93 300
1332 11 87 150
1332 15 137 150
1332 113 149 1000
1332 1042 93 1000
1332 339 143 150
1333 216 137 1000
1333 33 151 150
1333 13 77 1000
1335 97 86 300
1336 707 153 150
1336 923 93 300
1337 1314 153 1000
1337 101 164 300
1337 626 98 300
1337 147 100 150
1337 212 87 150
1337 122 143 1000
1339 170 94 150
1340 280 91 300
1340 243 145 1000
1340 229 111 300
1340 142 94 300
1340 219 111 150
1341 305 86 150
1341 250 86 1000
1341 131 89 150
1341 298 155 1000
1342 158 75 150
1342 183 80 1000
1343 18 87 150
